0.0000000E+0 0.0000000E+0
1.0000000E+1 0.0000000E+0
2.0000000E+1 0.0000000E+0
3.0000000E+1 0.0000000E+0
4.0000000E+1 0.0000000E+0
5.0000000E+1 0.0000000E+0
6.0000000E+1 0.0000000E+0
7.0000000E+1 0.0000000E+0
8.0000000E+1 0.0000000E+0
9.0000000E+1 0.0000000E+0
1.0000000E+2 0.0000000E+0
1.1000000E+2 0.0000000E+0
1.2000000E+2 0.0000000E+0
1.3000000E+2 0.0000000E+0
1.4000000E+2 0.0000000E+0
1.5000000E+2 0.0000000E+0
1.6000000E+2 0.0000000E+0
1.7000000E+2 0.0000000E+0
1.8000000E+2 0.0000000E+0
1.9000000E+2 0.0000000E+0
2.0000000E+2 0.0000000E+0
2.1000000E+2 0.0000000E+0
2.2000000E+2 0.0000000E+0
2.3000000E+2 0.0000000E+0
2.4000000E+2 0.0000000E+0
2.5000000E+2 0.0000000E+0
2.6000000E+2 0.0000000E+0
2.7000000E+2 0.0000000E+0
2.8000000E+2 0.0000000E+0
2.9000000E+2 0.0000000E+0
3.0000000E+2 0.0000000E+0
3.1000000E+2 0.0000000E+0
3.2000000E+2 0.0000000E+0
3.3000000E+2 0.0000000E+0
3.4000000E+2 0.0000000E+0
3.5000000E+2 0.0000000E+0
3.6000000E+2 0.0000000E+0
3.7000000E+2 0.0000000E+0
3.8000000E+2 0.0000000E+0
3.9000000E+2 0.0000000E+0
4.0000000E+2 0.0000000E+0
4.1000000E+2 0.0000000E+0
4.2000000E+2 0.0000000E+0
4.3000000E+2 0.0000000E+0
4.4000000E+2 0.0000000E+0
4.5000000E+2 0.0000000E+0
4.6000000E+2 0.0000000E+0
4.7000000E+2 0.0000000E+0
4.8000000E+2 0.0000000E+0
4.9000000E+2 0.0000000E+0
5.0000000E+2 0.0000000E+0
5.1000000E+2 0.0000000E+0
5.2000000E+2 0.0000000E+0
5.3000000E+2 0.0000000E+0
5.4000000E+2 0.0000000E+0
5.5000000E+2 0.0000000E+0
5.6000000E+2 1.1630469E-1
5.7000000E+2 0.0000000E+0
5.8000000E+2 0.0000000E+0
5.9000000E+2 1.1630469E-1
6.0000000E+2 0.0000000E+0
6.1000000E+2 0.0000000E+0
6.2000000E+2 0.0000000E+0
6.3000000E+2 0.0000000E+0
6.4000000E+2 0.0000000E+0
6.5000000E+2 0.0000000E+0
6.6000000E+2 0.0000000E+0
6.7000000E+2 0.0000000E+0
6.8000000E+2 0.0000000E+0
6.9000000E+2 0.0000000E+0
7.0000000E+2 0.0000000E+0
7.1000000E+2 0.0000000E+0
7.2000000E+2 0.0000000E+0
7.3000000E+2 1.1630469E-1
7.4000000E+2 0.0000000E+0
7.5000000E+2 0.0000000E+0
7.6000000E+2 0.0000000E+0
7.7000000E+2 0.0000000E+0
7.8000000E+2 0.0000000E+0
7.9000000E+2 0.0000000E+0
8.0000000E+2 0.0000000E+0
8.1000000E+2 0.0000000E+0
8.2000000E+2 0.0000000E+0
8.3000000E+2 0.0000000E+0
8.4000000E+2 0.0000000E+0
8.5000000E+2 0.0000000E+0
8.6000000E+2 0.0000000E+0
8.7000000E+2 0.0000000E+0
8.8000000E+2 1.1630469E-1
8.9000000E+2 0.0000000E+0
9.0000000E+2 0.0000000E+0
9.1000000E+2 0.0000000E+0
9.2000000E+2 0.0000000E+0
9.3000000E+2 0.0000000E+0
9.4000000E+2 1.1630469E-1
9.5000000E+2 0.0000000E+0
9.6000000E+2 0.0000000E+0
9.7000000E+2 1.1630469E-1
9.8000000E+2 0.0000000E+0
9.9000000E+2 0.0000000E+0
1.0000000E+3 0.0000000E+0
1.0100000E+3 1.1630469E-1
1.0200000E+3 2.3260939E-1
1.0300000E+3 0.0000000E+0
1.0400000E+3 1.1630469E-1
1.0500000E+3 0.0000000E+0
1.0600000E+3 0.0000000E+0
1.0700000E+3 0.0000000E+0
1.0800000E+3 4.6521878E-1
1.0900000E+3 1.1630469E-1
1.1000000E+3 1.0467423E+0
1.1100000E+3 5.8152347E-1
1.1200000E+3 4.6521878E-1
1.1300000E+3 1.5119610E+0
1.1400000E+3 1.1630469E+0
1.1500000E+3 2.3260939E+0
1.1600000E+3 2.3260939E+0
1.1700000E+3 4.4195784E+0
1.1800000E+3 6.6293676E+0
1.1900000E+3 8.1413286E+0
1.2000000E+3 1.1863079E+1
1.2100000E+3 1.2909821E+1
1.2200000E+3 1.8376142E+1
1.2300000E+3 2.1283759E+1
1.2400000E+3 2.0585931E+1
1.2500000E+3 2.3260939E+1
1.2600000E+3 2.2214197E+1
1.2700000E+3 1.9655493E+1
1.2800000E+3 1.6747876E+1
1.2900000E+3 1.6515267E+1
1.3000000E+3 1.3723954E+1
1.3100000E+3 8.8391568E+0
1.3200000E+3 7.9087192E+0
1.3300000E+3 8.9554615E+0
1.3400000E+3 9.0717662E+0
1.3500000E+3 9.1880709E+0
1.3600000E+3 1.1979384E+1
1.3700000E+3 1.5119610E+1
1.3800000E+3 2.0818540E+1
1.3900000E+3 2.9192478E+1
1.4000000E+3 3.4658799E+1
1.4100000E+3 5.5244730E+1
1.4200000E+3 7.0131731E+1
1.4300000E+3 9.7695943E+1
1.4400000E+3 1.2467863E+2
1.4500000E+3 1.5038197E+2
1.4600000E+3 1.7166573E+2
1.4700000E+3 1.9481036E+2
1.4800000E+3 1.9318210E+2
1.4900000E+3 2.0516148E+2
1.5000000E+3 1.9829950E+2
1.5100000E+3 1.9318210E+2
1.5200000E+3 1.6631571E+2
1.5300000E+3 1.4491565E+2
1.5400000E+3 1.1153620E+2
1.5500000E+3 9.0950271E+1
1.5600000E+3 7.9785020E+1
1.5700000E+3 6.5712152E+1
1.5800000E+3 5.8268652E+1
1.5900000E+3 5.5593644E+1
1.6000000E+3 6.2688230E+1
1.6100000E+3 7.1411082E+1
1.6200000E+3 1.0479053E+2
1.6300000E+3 1.4805588E+2
1.6400000E+3 1.9318210E+2
1.6500000E+3 2.7133885E+2
1.6600000E+3 3.7938591E+2
1.6700000E+3 4.8603732E+2
1.6800000E+3 6.3199971E+2
1.6900000E+3 7.9029040E+2
1.7000000E+3 9.4520825E+2
1.7100000E+3 1.0734923E+3
1.7200000E+3 1.1868894E+3
1.7300000E+3 1.2408548E+3
1.7400000E+3 1.2466700E+3
1.7500000E+3 1.2301548E+3
1.7600000E+3 1.1343197E+3
1.7700000E+3 1.0024302E+3
1.7800000E+3 8.8193850E+2
1.7900000E+3 7.4888593E+2
1.8000000E+3 6.1257683E+2
1.8100000E+3 4.8626993E+2
1.8200000E+3 3.8403810E+2
1.8300000E+3 3.0227590E+2
1.8400000E+3 2.3702897E+2
1.8500000E+3 1.9620602E+2
1.8600000E+3 1.6294288E+2
1.8700000E+3 1.5538307E+2
1.8800000E+3 1.4898631E+2
1.8900000E+3 1.5887221E+2
1.9000000E+3 1.9422884E+2
1.9100000E+3 2.1946696E+2
1.9200000E+3 2.6389535E+2
1.9300000E+3 3.3263143E+2
1.9400000E+3 4.0427512E+2
1.9500000E+3 4.9545800E+2
1.9600000E+3 6.1246052E+2
1.9700000E+3 6.9864230E+2
1.9800000E+3 7.7575231E+2
1.9900000E+3 8.3925468E+2
2.0000000E+3 8.8391568E+2
2.0100000E+3 9.0892119E+2
2.0200000E+3 8.8472981E+2
2.0300000E+3 8.2995030E+2
2.0400000E+3 7.5946966E+2
2.0500000E+3 6.7259005E+2
2.0600000E+3 5.7210279E+2
2.0700000E+3 4.6905683E+2
2.0800000E+3 3.9787836E+2
2.0900000E+3 3.1053353E+2
2.1000000E+3 2.6343013E+2
2.1100000E+3 1.9829950E+2
2.1200000E+3 1.6236135E+2
2.1300000E+3 1.2886560E+2
2.1400000E+3 1.0979163E+2
2.1500000E+3 1.0025465E+2
2.1600000E+3 7.8273059E+1
2.1700000E+3 7.0596950E+1
2.1800000E+3 6.3851277E+1
2.1900000E+3 5.3267550E+1
2.2000000E+3 4.9313191E+1
2.2100000E+3 4.4428393E+1
2.2200000E+3 4.6172964E+1
2.2300000E+3 4.5009917E+1
2.2400000E+3 4.4661003E+1
2.2500000E+3 4.3032737E+1
2.2600000E+3 5.1755589E+1
2.2700000E+3 4.5824050E+1
2.2800000E+3 5.2686027E+1
2.2900000E+3 4.7684925E+1
2.3000000E+3 4.7801229E+1
2.3100000E+3 4.8266448E+1
2.3200000E+3 4.5009917E+1
2.3300000E+3 4.2102299E+1
2.3400000E+3 3.8380549E+1
2.3500000E+3 3.2100096E+1
2.3600000E+3 2.6401166E+1
2.3700000E+3 2.5935947E+1
2.3800000E+3 1.9190275E+1
2.3900000E+3 1.7562009E+1
2.4000000E+3 1.6515267E+1
2.4100000E+3 1.4189173E+1
2.4200000E+3 1.0002204E+1
2.4300000E+3 1.1514165E+1
2.4400000E+3 1.3142430E+1
2.4500000E+3 1.2211993E+1
2.4600000E+3 1.1397860E+1
2.4700000E+3 1.1397860E+1
2.4800000E+3 1.1048946E+1
2.4900000E+3 1.1979384E+1
2.5000000E+3 1.5235915E+1
2.5100000E+3 1.5817438E+1
2.5200000E+3 1.5584829E+1
2.5300000E+3 1.9771798E+1
2.5400000E+3 2.1865283E+1
2.5500000E+3 2.5470728E+1
2.5600000E+3 2.8145736E+1
2.5700000E+3 3.0122916E+1
2.5800000E+3 3.1518572E+1
2.5900000E+3 3.5007713E+1
2.6000000E+3 4.5475136E+1
2.6100000E+3 4.2451214E+1
2.6200000E+3 4.1869690E+1
2.6300000E+3 4.2916432E+1
2.6400000E+3 4.3730565E+1
2.6500000E+3 4.2683823E+1
2.6600000E+3 3.5589237E+1
2.6700000E+3 3.0820744E+1
2.6800000E+3 3.2332705E+1
2.6900000E+3 2.8029431E+1
2.7000000E+3 2.6284861E+1
2.7100000E+3 2.6750080E+1
2.7200000E+3 3.1285963E+1
2.7300000E+3 3.3728361E+1
2.7400000E+3 3.6868588E+1
2.7500000E+3 4.5591440E+1
2.7600000E+3 5.1755589E+1
2.7700000E+3 6.3618668E+1
2.7800000E+3 8.1296982E+1
2.7900000E+3 1.0886119E+2
2.8000000E+3 1.3212213E+2
2.8100000E+3 1.7259617E+2
2.8200000E+3 2.2691046E+2
2.8300000E+3 3.0878896E+2
2.8400000E+3 3.9380770E+2
2.8500000E+3 5.1616023E+2
2.8600000E+3 6.6200632E+2
2.8700000E+3 8.0506110E+2
2.8800000E+3 1.0237139E+3
2.8900000E+3 1.2008460E+3
2.9000000E+3 1.3878639E+3
2.9100000E+3 1.6171005E+3
2.9200000E+3 1.7960934E+3
2.9300000E+3 1.9256568E+3
2.9400000E+3 2.0383561E+3
2.9500000E+3 2.0974389E+3
2.9600000E+3 2.1161639E+3
2.9700000E+3 2.0300984E+3
2.9800000E+3 1.9451960E+3
2.9900000E+3 1.7974891E+3
3.0000000E+3 1.5932580E+3
3.0100000E+3 1.4129857E+3
3.0200000E+3 1.2078243E+3
3.0300000E+3 1.0141769E+3
3.0400000E+3 8.3960359E+2
3.0500000E+3 6.7363679E+2
3.0600000E+3 5.4907446E+2
3.0700000E+3 4.3497956E+2
3.0800000E+3 3.5554345E+2
3.0900000E+3 2.8866825E+2
3.1000000E+3 2.3993658E+2
3.1100000E+3 2.1818761E+2
3.1200000E+3 2.0992997E+2
3.1300000E+3 2.0783649E+2
3.1400000E+3 2.1341911E+2
3.1500000E+3 2.2598002E+2
3.1600000E+3 2.2481697E+2
3.1700000E+3 2.4330942E+2
3.1800000E+3 2.4679856E+2
3.1900000E+3 2.5098553E+2
3.2000000E+3 2.4610073E+2
3.2100000E+3 2.4040180E+2
3.2200000E+3 2.2295610E+2
3.2300000E+3 2.0225386E+2
3.2400000E+3 1.9539189E+2
3.2500000E+3 1.8713425E+2
3.2600000E+3 1.6154722E+2
3.2700000E+3 1.4189173E+2
3.2800000E+3 1.2270145E+2
3.2900000E+3 1.0990794E+2
3.3000000E+3 9.8858990E+1
3.3100000E+3 8.5483951E+1
3.3200000E+3 7.5249137E+1
3.3300000E+3 6.8154551E+1
3.3400000E+3 5.4430597E+1
3.3500000E+3 5.2569722E+1
3.3600000E+3 4.7568620E+1
3.3700000E+3 4.2451214E+1
3.3800000E+3 3.7450112E+1
3.3900000E+3 3.3728361E+1
3.4000000E+3 3.2565314E+1
3.4100000E+3 2.9425088E+1
3.4200000E+3 2.8494650E+1
3.4300000E+3 2.6633775E+1
3.4400000E+3 2.7098994E+1
3.4500000E+3 2.5703338E+1
3.4600000E+3 2.7447908E+1
3.4700000E+3 3.1518572E+1
3.4800000E+3 3.4891408E+1
3.4900000E+3 3.9427291E+1
3.5000000E+3 4.3032737E+1
3.5100000E+3 4.2334909E+1
3.5200000E+3 5.2569722E+1
3.5300000E+3 5.6058863E+1
3.5400000E+3 6.0711051E+1
3.5500000E+3 6.6409981E+1
3.5600000E+3 7.0596950E+1
3.5700000E+3 7.4318700E+1
3.5800000E+3 8.2343724E+1
3.5900000E+3 8.8624177E+1
3.6000000E+3 9.4206803E+1
3.6100000E+3 9.7114420E+1
3.6200000E+3 1.0246444E+2
3.6300000E+3 9.9789428E+1
3.6400000E+3 1.0351118E+2
3.6500000E+3 1.0199922E+2
3.6600000E+3 9.4439412E+1
3.6700000E+3 9.3160060E+1
3.6800000E+3 8.8391568E+1
3.6900000E+3 8.8740482E+1
3.7000000E+3 8.1529591E+1
3.7100000E+3 7.5249137E+1
3.7200000E+3 7.2225215E+1
3.7300000E+3 6.9201293E+1
3.7400000E+3 6.4200191E+1
3.7500000E+3 6.1874098E+1
3.7600000E+3 6.5246934E+1
3.7700000E+3 6.6409981E+1
3.7800000E+3 6.5595848E+1
3.7900000E+3 6.8387160E+1
3.8000000E+3 8.3506771E+1
3.8100000E+3 9.9324209E+1
3.8200000E+3 1.2084058E+2
3.8300000E+3 1.5549938E+2
3.8400000E+3 1.8538968E+2
3.8500000E+3 2.2377023E+2
3.8600000E+3 2.9529762E+2
3.8700000E+3 3.4437820E+2
3.8800000E+3 4.3242085E+2
3.8900000E+3 5.1662545E+2
3.9000000E+3 6.0815725E+2
3.9100000E+3 6.8852379E+2
3.9200000E+3 7.8494038E+2
3.9300000E+3 8.3774272E+2
3.9400000E+3 9.1578317E+2
3.9500000E+3 9.8044858E+2
3.9600000E+3 1.0152237E+3
3.9700000E+3 1.0629086E+3
3.9800000E+3 1.0495336E+3
3.9900000E+3 1.0563955E+3
4.0000000E+3 1.0169682E+3
4.0100000E+3 9.9196274E+2
4.0200000E+3 9.1485273E+2
4.0300000E+3 8.3785902E+2
4.0400000E+3 7.5923705E+2
4.0500000E+3 6.7642810E+2
4.0600000E+3 5.7989521E+2
4.0700000E+3 4.9173625E+2
4.0800000E+3 4.0299577E+2
4.0900000E+3 3.4100536E+2
4.1000000E+3 2.7273451E+2
4.1100000E+3 2.0306800E+2
4.1200000E+3 1.6643202E+2
4.1300000E+3 1.2514385E+2
4.1400000E+3 9.7579639E+1
4.1500000E+3 7.6063270E+1
4.1600000E+3 5.2918636E+1
4.1700000E+3 3.0355525E+1
4.1800000E+3 2.2097892E+1
4.1900000E+3 1.7562009E+1
4.2000000E+3 1.3840259E+1
4.2100000E+3 8.7228521E+0
4.2200000E+3 7.2108911E+0
4.2300000E+3 4.0706643E+0
4.2400000E+3 4.1869690E+0
4.2500000E+3 2.2097892E+0
4.2600000E+3 1.6282657E+0
4.2700000E+3 2.3260939E+0
4.2800000E+3 2.0934845E+0
4.2900000E+3 1.0467423E+0
4.3000000E+3 1.3956563E+0
4.3100000E+3 1.7445704E+0
4.3200000E+3 1.2793516E+0
4.3300000E+3 1.3956563E+0
4.3400000E+3 1.6282657E+0
4.3500000E+3 1.6282657E+0
4.3600000E+3 1.8608751E+0
4.3700000E+3 2.3260939E+0
4.3800000E+3 2.7913127E+0
4.3900000E+3 2.3260939E+0
4.4000000E+3 3.6054455E+0
4.4100000E+3 2.0934845E+0
4.4200000E+3 1.9771798E+0
4.4300000E+3 3.2565314E+0
4.4400000E+3 2.7913127E+0
4.4500000E+3 3.3728361E+0
4.4600000E+3 4.3032737E+0
4.4700000E+3 4.4195784E+0
4.4800000E+3 5.0011019E+0
4.4900000E+3 3.9543596E+0
4.5000000E+3 4.5358831E+0
4.5100000E+3 3.6054455E+0
4.5200000E+3 5.9315394E+0
4.5300000E+3 4.5358831E+0
4.5400000E+3 5.4663206E+0
4.5500000E+3 4.8847972E+0
4.5600000E+3 5.2337113E+0
4.5700000E+3 4.4195784E+0
4.5800000E+3 3.6054455E+0
4.5900000E+3 4.6521878E+0
4.6000000E+3 4.5358831E+0
4.6100000E+3 3.9543596E+0
4.6200000E+3 5.0011019E+0
4.6300000E+3 5.1174066E+0
4.6400000E+3 3.6054455E+0
4.6500000E+3 3.6054455E+0
4.6600000E+3 3.8380549E+0
4.6700000E+3 3.9543596E+0
4.6800000E+3 5.1174066E+0
4.6900000E+3 3.9543596E+0
4.7000000E+3 4.1869690E+0
4.7100000E+3 3.2565314E+0
4.7200000E+3 3.8380549E+0
4.7300000E+3 1.8608751E+0
4.7400000E+3 2.9076174E+0
4.7500000E+3 1.7445704E+0
4.7600000E+3 3.1402268E+0
4.7700000E+3 1.9771798E+0
4.7800000E+3 1.7445704E+0
4.7900000E+3 2.5587033E+0
4.8000000E+3 2.0934845E+0
4.8100000E+3 2.5587033E+0
4.8200000E+3 1.8608751E+0
4.8300000E+3 3.4891408E+0
4.8400000E+3 3.7217502E+0
4.8500000E+3 2.9076174E+0
4.8600000E+3 3.0239221E+0
4.8700000E+3 4.1869690E+0
4.8800000E+3 2.6750080E+0
4.8900000E+3 2.6750080E+0
4.9000000E+3 3.6054455E+0
4.9100000E+3 3.0239221E+0
4.9200000E+3 3.9543596E+0
4.9300000E+3 2.9076174E+0
4.9400000E+3 3.0239221E+0
4.9500000E+3 3.1402268E+0
4.9600000E+3 2.0934845E+0
4.9700000E+3 2.3260939E+0
4.9800000E+3 2.6750080E+0
4.9900000E+3 2.0934845E+0
5.0000000E+3 2.4423986E+0
5.0100000E+3 3.2565314E+0
5.0200000E+3 2.0934845E+0
5.0300000E+3 1.8608751E+0
5.0400000E+3 1.9771798E+0
5.0500000E+3 1.2793516E+0
5.0600000E+3 1.1630469E+0
5.0700000E+3 1.2793516E+0
5.0800000E+3 1.8608751E+0
5.0900000E+3 1.2793516E+0
5.1000000E+3 8.1413286E-1
5.1100000E+3 1.5119610E+0
5.1200000E+3 8.1413286E-1
5.1300000E+3 6.9782817E-1
5.1400000E+3 1.1630469E+0
5.1500000E+3 9.3043756E-1
5.1600000E+3 5.8152347E-1
5.1700000E+3 1.2793516E+0
5.1800000E+3 9.3043756E-1
5.1900000E+3 6.9782817E-1
5.2000000E+3 1.5119610E+0
5.2100000E+3 6.9782817E-1
5.2200000E+3 1.5119610E+0
5.2300000E+3 9.3043756E-1
5.2400000E+3 1.3956563E+0
5.2500000E+3 8.1413286E-1
5.2600000E+3 2.3260939E+0
5.2700000E+3 9.3043756E-1
5.2800000E+3 1.1630469E+0
5.2900000E+3 1.0467423E+0
5.3000000E+3 1.7445704E+0
5.3100000E+3 1.0467423E+0
5.3200000E+3 1.5119610E+0
5.3300000E+3 1.7445704E+0
5.3400000E+3 1.9771798E+0
5.3500000E+3 5.8152347E-1
5.3600000E+3 1.1630469E+0
5.3700000E+3 1.8608751E+0
5.3800000E+3 1.7445704E+0
5.3900000E+3 1.9771798E+0
5.4000000E+3 2.7913127E+0
5.4100000E+3 2.5587033E+0
5.4200000E+3 1.8608751E+0
5.4300000E+3 2.0934845E+0
5.4400000E+3 2.7913127E+0
5.4500000E+3 1.0467423E+0
5.4600000E+3 1.7445704E+0
5.4700000E+3 2.7913127E+0
5.4800000E+3 1.8608751E+0
5.4900000E+3 2.2097892E+0
5.5000000E+3 2.7913127E+0
5.5100000E+3 3.0239221E+0
5.5200000E+3 3.2565314E+0
5.5300000E+3 2.7913127E+0
5.5400000E+3 2.6750080E+0
5.5500000E+3 2.0934845E+0
5.5600000E+3 2.6750080E+0
5.5700000E+3 2.9076174E+0
5.5800000E+3 3.9543596E+0
5.5900000E+3 2.4423986E+0
5.6000000E+3 3.0239221E+0
5.6100000E+3 3.8380549E+0
5.6200000E+3 3.1402268E+0
5.6300000E+3 3.8380549E+0
5.6400000E+3 3.4891408E+0
5.6500000E+3 3.7217502E+0
5.6600000E+3 2.2097892E+0
5.6700000E+3 4.0706643E+0
5.6800000E+3 3.8380549E+0
5.6900000E+3 2.5587033E+0
5.7000000E+3 3.9543596E+0
5.7100000E+3 2.9076174E+0
5.7200000E+3 3.9543596E+0
5.7300000E+3 3.2565314E+0
5.7400000E+3 4.7684925E+0
5.7500000E+3 4.1869690E+0
5.7600000E+3 4.4195784E+0
5.7700000E+3 4.3032737E+0
5.7800000E+3 4.3032737E+0
5.7900000E+3 2.9076174E+0
5.8000000E+3 2.7913127E+0
5.8100000E+3 2.4423986E+0
5.8200000E+3 5.0011019E+0
5.8300000E+3 4.3032737E+0
5.8400000E+3 5.0011019E+0
5.8500000E+3 3.8380549E+0
5.8600000E+3 2.9076174E+0
5.8700000E+3 2.6750080E+0
5.8800000E+3 3.3728361E+0
5.8900000E+3 2.9076174E+0
5.9000000E+3 3.6054455E+0
5.9100000E+3 3.1402268E+0
5.9200000E+3 3.7217502E+0
5.9300000E+3 3.0239221E+0
5.9400000E+3 3.3728361E+0
5.9500000E+3 3.1402268E+0
5.9600000E+3 2.4423986E+0
5.9700000E+3 3.2565314E+0
5.9800000E+3 3.2565314E+0
5.9900000E+3 3.1402268E+0
6.0000000E+3 1.9771798E+0
6.0100000E+3 2.9076174E+0
6.0200000E+3 2.9076174E+0
6.0300000E+3 1.5119610E+0
6.0400000E+3 2.5587033E+0
6.0500000E+3 1.9771798E+0
6.0600000E+3 2.0934845E+0
6.0700000E+3 1.6282657E+0
6.0800000E+3 1.8608751E+0
6.0900000E+3 1.9771798E+0
6.1000000E+3 9.3043756E-1
6.1100000E+3 1.8608751E+0
6.1200000E+3 1.1630469E+0
6.1300000E+3 1.6282657E+0
6.1400000E+3 9.3043756E-1
6.1500000E+3 8.1413286E-1
6.1600000E+3 6.9782817E-1
6.1700000E+3 1.0467423E+0
6.1800000E+3 1.3956563E+0
6.1900000E+3 1.1630469E+0
6.2000000E+3 1.5119610E+0
6.2100000E+3 1.3956563E+0
6.2200000E+3 1.3956563E+0
6.2300000E+3 1.1630469E+0
6.2400000E+3 8.1413286E-1
6.2500000E+3 1.1630469E+0
6.2600000E+3 1.7445704E+0
6.2700000E+3 6.9782817E-1
6.2800000E+3 1.1630469E+0
6.2900000E+3 1.5119610E+0
6.3000000E+3 1.9771798E+0
6.3100000E+3 2.2097892E+0
6.3200000E+3 1.3956563E+0
6.3300000E+3 2.0934845E+0
6.3400000E+3 2.0934845E+0
6.3500000E+3 1.7445704E+0
6.3600000E+3 1.8608751E+0
6.3700000E+3 1.8608751E+0
6.3800000E+3 2.4423986E+0
6.3900000E+3 2.7913127E+0
6.4000000E+3 2.5587033E+0
6.4100000E+3 1.8608751E+0
6.4200000E+3 2.0934845E+0
6.4300000E+3 1.9771798E+0
6.4400000E+3 2.6750080E+0
6.4500000E+3 1.8608751E+0
6.4600000E+3 2.4423986E+0
6.4700000E+3 1.7445704E+0
6.4800000E+3 2.0934845E+0
6.4900000E+3 1.9771798E+0
6.5000000E+3 1.0467423E+0
6.5100000E+3 2.6750080E+0
6.5200000E+3 1.5119610E+0
6.5300000E+3 1.7445704E+0
6.5400000E+3 3.6054455E+0
6.5500000E+3 1.9771798E+0
6.5600000E+3 1.6282657E+0
6.5700000E+3 1.8608751E+0
6.5800000E+3 1.6282657E+0
6.5900000E+3 2.0934845E+0
6.6000000E+3 1.6282657E+0
6.6100000E+3 1.8608751E+0
6.6200000E+3 1.8608751E+0
6.6300000E+3 1.8608751E+0
6.6400000E+3 1.1630469E+0
6.6500000E+3 1.1630469E+0
6.6600000E+3 1.5119610E+0
6.6700000E+3 1.8608751E+0
6.6800000E+3 1.2793516E+0
6.6900000E+3 1.9771798E+0
6.7000000E+3 1.6282657E+0
6.7100000E+3 1.7445704E+0
6.7200000E+3 2.7913127E+0
6.7300000E+3 2.5587033E+0
6.7400000E+3 1.8608751E+0
6.7500000E+3 1.9771798E+0
6.7600000E+3 2.0934845E+0
6.7700000E+3 1.8608751E+0
6.7800000E+3 2.2097892E+0
6.7900000E+3 2.3260939E+0
6.8000000E+3 2.6750080E+0
6.8100000E+3 2.4423986E+0
6.8200000E+3 2.5587033E+0
6.8300000E+3 2.5587033E+0
6.8400000E+3 3.2565314E+0
6.8500000E+3 3.3728361E+0
6.8600000E+3 2.4423986E+0
6.8700000E+3 2.7913127E+0
6.8800000E+3 3.7217502E+0
6.8900000E+3 1.9771798E+0
6.9000000E+3 1.7445704E+0
6.9100000E+3 3.0239221E+0
6.9200000E+3 1.8608751E+0
6.9300000E+3 1.1630469E+0
6.9400000E+3 2.4423986E+0
6.9500000E+3 2.2097892E+0
6.9600000E+3 2.0934845E+0
6.9700000E+3 1.5119610E+0
6.9800000E+3 1.6282657E+0
6.9900000E+3 2.3260939E+0
7.0000000E+3 1.2793516E+0
7.0100000E+3 9.3043756E-1
7.0200000E+3 1.7445704E+0
7.0300000E+3 1.0467423E+0
7.0400000E+3 9.3043756E-1
7.0500000E+3 1.8608751E+0
7.0600000E+3 8.1413286E-1
7.0700000E+3 1.3956563E+0
7.0800000E+3 2.2097892E+0
7.0900000E+3 9.3043756E-1
7.1000000E+3 8.1413286E-1
7.1100000E+3 9.3043756E-1
7.1200000E+3 1.3956563E+0
7.1300000E+3 8.1413286E-1
7.1400000E+3 5.8152347E-1
7.1500000E+3 6.9782817E-1
7.1600000E+3 5.8152347E-1
7.1700000E+3 3.4891408E-1
7.1800000E+3 9.3043756E-1
7.1900000E+3 4.6521878E-1
7.2000000E+3 6.9782817E-1
7.2100000E+3 3.4891408E-1
7.2200000E+3 6.9782817E-1
7.2300000E+3 3.4891408E-1
7.2400000E+3 4.6521878E-1
7.2500000E+3 3.4891408E-1
7.2600000E+3 6.9782817E-1
7.2700000E+3 8.1413286E-1
7.2800000E+3 8.1413286E-1
7.2900000E+3 2.3260939E-1
7.3000000E+3 4.6521878E-1
7.3100000E+3 2.3260939E-1
7.3200000E+3 1.1630469E-1
7.3300000E+3 4.6521878E-1
7.3400000E+3 6.9782817E-1
7.3500000E+3 1.1630469E-1
7.3600000E+3 2.3260939E-1
7.3700000E+3 2.3260939E-1
7.3800000E+3 4.6521878E-1
7.3900000E+3 1.0467423E+0
7.4000000E+3 1.0467423E+0
7.4100000E+3 1.2793516E+0
7.4200000E+3 2.3260939E-1
7.4300000E+3 4.6521878E-1
7.4400000E+3 3.4891408E-1
7.4500000E+3 4.6521878E-1
7.4600000E+3 5.8152347E-1
7.4700000E+3 1.1630469E-1
7.4800000E+3 5.8152347E-1
7.4900000E+3 3.4891408E-1
7.5000000E+3 2.3260939E-1
7.5100000E+3 3.4891408E-1
7.5200000E+3 3.4891408E-1
7.5300000E+3 5.8152347E-1
7.5400000E+3 2.3260939E-1
7.5500000E+3 2.3260939E-1
7.5600000E+3 2.3260939E-1
7.5700000E+3 5.8152347E-1
7.5800000E+3 2.3260939E-1
7.5900000E+3 4.6521878E-1
7.6000000E+3 4.6521878E-1
7.6100000E+3 4.6521878E-1
7.6200000E+3 5.8152347E-1
7.6300000E+3 3.4891408E-1
7.6400000E+3 3.4891408E-1
7.6500000E+3 4.6521878E-1
7.6600000E+3 4.6521878E-1
7.6700000E+3 3.4891408E-1
7.6800000E+3 4.6521878E-1
7.6900000E+3 9.3043756E-1
7.7000000E+3 1.0467423E+0
7.7100000E+3 4.6521878E-1
7.7200000E+3 5.8152347E-1
7.7300000E+3 4.6521878E-1
7.7400000E+3 8.1413286E-1
7.7500000E+3 4.6521878E-1
7.7600000E+3 8.1413286E-1
7.7700000E+3 8.1413286E-1
7.7800000E+3 6.9782817E-1
7.7900000E+3 2.3260939E-1
7.8000000E+3 4.6521878E-1
7.8100000E+3 4.6521878E-1
7.8200000E+3 6.9782817E-1
7.8300000E+3 1.3956563E+0
7.8400000E+3 5.8152347E-1
7.8500000E+3 8.1413286E-1
7.8600000E+3 9.3043756E-1
7.8700000E+3 8.1413286E-1
7.8800000E+3 3.4891408E-1
7.8900000E+3 3.4891408E-1
7.9000000E+3 2.3260939E-1
7.9100000E+3 4.6521878E-1
7.9200000E+3 8.1413286E-1
7.9300000E+3 1.1630469E+0
7.9400000E+3 4.6521878E-1
7.9500000E+3 5.8152347E-1
7.9600000E+3 3.4891408E-1
7.9700000E+3 6.9782817E-1
7.9800000E+3 3.4891408E-1
7.9900000E+3 1.1630469E+0
8.0000000E+3 2.3260939E-1
8.0100000E+3 8.1413286E-1
8.0200000E+3 3.4891408E-1
8.0300000E+3 2.3260939E-1
8.0400000E+3 3.4891408E-1
8.0500000E+3 4.6521878E-1
8.0600000E+3 5.8152347E-1
8.0700000E+3 1.1630469E-1
8.0800000E+3 3.4891408E-1
8.0900000E+3 2.3260939E-1
8.1000000E+3 2.3260939E-1
8.1100000E+3 2.3260939E-1
8.1200000E+3 0.0000000E+0
8.1300000E+3 1.1630469E-1
8.1400000E+3 2.3260939E-1
8.1500000E+3 0.0000000E+0
8.1600000E+3 0.0000000E+0
8.1700000E+3 0.0000000E+0
8.1800000E+3 0.0000000E+0
8.1900000E+3 0.0000000E+0
8.2000000E+3 1.1630469E-1
8.2100000E+3 1.1630469E-1
8.2200000E+3 0.0000000E+0
8.2300000E+3 0.0000000E+0
8.2400000E+3 0.0000000E+0
8.2500000E+3 1.1630469E-1
8.2600000E+3 1.1630469E-1
8.2700000E+3 1.1630469E-1
8.2800000E+3 0.0000000E+0
8.2900000E+3 0.0000000E+0
8.3000000E+3 0.0000000E+0
8.3100000E+3 1.1630469E-1
8.3200000E+3 1.1630469E-1
8.3300000E+3 1.1630469E-1
8.3400000E+3 1.1630469E-1
8.3500000E+3 0.0000000E+0
8.3600000E+3 2.3260939E-1
8.3700000E+3 0.0000000E+0
8.3800000E+3 2.3260939E-1
8.3900000E+3 0.0000000E+0
8.4000000E+3 0.0000000E+0
8.4100000E+3 2.3260939E-1
8.4200000E+3 2.3260939E-1
8.4300000E+3 4.6521878E-1
8.4400000E+3 4.6521878E-1
8.4500000E+3 5.8152347E-1
8.4600000E+3 4.6521878E-1
8.4700000E+3 6.9782817E-1
8.4800000E+3 6.9782817E-1
8.4900000E+3 1.0467423E+0
8.5000000E+3 1.0467423E+0
8.5100000E+3 8.1413286E-1
8.5200000E+3 5.8152347E-1
8.5300000E+3 3.4891408E-1
8.5400000E+3 6.9782817E-1
8.5500000E+3 9.3043756E-1
8.5600000E+3 2.3260939E-1
8.5700000E+3 8.1413286E-1
8.5800000E+3 1.1630469E+0
8.5900000E+3 3.4891408E-1
8.6000000E+3 1.2793516E+0
8.6100000E+3 9.3043756E-1
8.6200000E+3 1.3956563E+0
8.6300000E+3 6.9782817E-1
8.6400000E+3 9.3043756E-1
8.6500000E+3 8.1413286E-1
8.6600000E+3 1.0467423E+0
8.6700000E+3 9.3043756E-1
8.6800000E+3 5.8152347E-1
8.6900000E+3 5.8152347E-1
8.7000000E+3 6.9782817E-1
8.7100000E+3 5.8152347E-1
8.7200000E+3 8.1413286E-1
8.7300000E+3 0.0000000E+0
8.7400000E+3 3.4891408E-1
8.7500000E+3 4.6521878E-1
8.7600000E+3 4.6521878E-1
8.7700000E+3 1.1630469E-1
8.7800000E+3 4.6521878E-1
8.7900000E+3 4.6521878E-1
8.8000000E+3 4.6521878E-1
8.8100000E+3 2.3260939E-1
8.8200000E+3 1.1630469E-1
8.8300000E+3 3.4891408E-1
8.8400000E+3 3.4891408E-1
8.8500000E+3 0.0000000E+0
8.8600000E+3 1.1630469E-1
8.8700000E+3 2.3260939E-1
8.8800000E+3 1.1630469E-1
8.8900000E+3 0.0000000E+0
8.9000000E+3 1.1630469E-1
8.9100000E+3 0.0000000E+0
8.9200000E+3 1.1630469E-1
8.9300000E+3 1.1630469E-1
8.9400000E+3 0.0000000E+0
8.9500000E+3 1.1630469E-1
8.9600000E+3 0.0000000E+0
8.9700000E+3 0.0000000E+0
8.9800000E+3 0.0000000E+0
8.9900000E+3 0.0000000E+0
9.0000000E+3 0.0000000E+0
9.0100000E+3 0.0000000E+0
9.0200000E+3 0.0000000E+0
9.0300000E+3 0.0000000E+0
9.0400000E+3 1.1630469E-1
9.0500000E+3 0.0000000E+0
9.0600000E+3 1.1630469E-1
9.0700000E+3 1.1630469E-1
9.0800000E+3 0.0000000E+0
9.0900000E+3 0.0000000E+0
9.1000000E+3 0.0000000E+0
9.1100000E+3 0.0000000E+0
9.1200000E+3 1.1630469E-1
9.1300000E+3 0.0000000E+0
9.1400000E+3 0.0000000E+0
9.1500000E+3 1.1630469E-1
9.1600000E+3 0.0000000E+0
9.1700000E+3 0.0000000E+0
9.1800000E+3 0.0000000E+0
9.1900000E+3 1.1630469E-1
9.2000000E+3 0.0000000E+0
9.2100000E+3 0.0000000E+0
9.2200000E+3 0.0000000E+0
9.2300000E+3 0.0000000E+0
9.2400000E+3 0.0000000E+0
9.2500000E+3 1.1630469E-1
9.2600000E+3 1.1630469E-1
9.2700000E+3 1.1630469E-1
9.2800000E+3 0.0000000E+0
9.2900000E+3 0.0000000E+0
9.3000000E+3 1.1630469E-1
9.3100000E+3 2.3260939E-1
9.3200000E+3 0.0000000E+0
9.3300000E+3 0.0000000E+0
9.3400000E+3 1.1630469E-1
9.3500000E+3 2.3260939E-1
9.3600000E+3 0.0000000E+0
9.3700000E+3 0.0000000E+0
9.3800000E+3 0.0000000E+0
9.3900000E+3 1.1630469E-1
9.4000000E+3 2.3260939E-1
9.4100000E+3 2.3260939E-1
9.4200000E+3 0.0000000E+0
9.4300000E+3 1.1630469E-1
9.4400000E+3 1.1630469E-1
9.4500000E+3 0.0000000E+0
9.4600000E+3 0.0000000E+0
9.4700000E+3 0.0000000E+0
9.4800000E+3 1.1630469E-1
9.4900000E+3 2.3260939E-1
9.5000000E+3 3.4891408E-1
9.5100000E+3 1.1630469E-1
9.5200000E+3 0.0000000E+0
9.5300000E+3 0.0000000E+0
9.5400000E+3 1.1630469E-1
9.5500000E+3 0.0000000E+0
9.5600000E+3 2.3260939E-1
9.5700000E+3 3.4891408E-1
9.5800000E+3 1.1630469E-1
9.5900000E+3 0.0000000E+0
9.6000000E+3 2.3260939E-1
9.6100000E+3 0.0000000E+0
9.6200000E+3 0.0000000E+0
9.6300000E+3 0.0000000E+0
9.6400000E+3 3.4891408E-1
9.6500000E+3 0.0000000E+0
9.6600000E+3 2.3260939E-1
9.6700000E+3 0.0000000E+0
9.6800000E+3 0.0000000E+0
9.6900000E+3 2.3260939E-1
9.7000000E+3 2.3260939E-1
9.7100000E+3 0.0000000E+0
9.7200000E+3 0.0000000E+0
9.7300000E+3 0.0000000E+0
9.7400000E+3 1.1630469E-1
9.7500000E+3 1.1630469E-1
9.7600000E+3 1.1630469E-1
9.7700000E+3 0.0000000E+0
9.7800000E+3 1.1630469E-1
9.7900000E+3 1.1630469E-1
9.8000000E+3 0.0000000E+0
9.8100000E+3 0.0000000E+0
9.8200000E+3 0.0000000E+0
9.8300000E+3 0.0000000E+0
9.8400000E+3 1.1630469E-1
9.8500000E+3 0.0000000E+0
9.8600000E+3 2.3260939E-1
9.8700000E+3 1.1630469E-1
9.8800000E+3 0.0000000E+0
9.8900000E+3 0.0000000E+0
9.9000000E+3 0.0000000E+0
9.9100000E+3 0.0000000E+0
9.9200000E+3 0.0000000E+0
9.9300000E+3 1.1630469E-1
9.9400000E+3 0.0000000E+0
9.9500000E+3 0.0000000E+0
9.9600000E+3 0.0000000E+0
9.9700000E+3 0.0000000E+0
9.9800000E+3 2.3260939E-1
9.9900000E+3 0.0000000E+0
1.0000000E+4 1.1630469E-1
1.0010000E+4 0.0000000E+0
1.0020000E+4 0.0000000E+0
1.0030000E+4 0.0000000E+0
1.0040000E+4 0.0000000E+0
1.0050000E+4 0.0000000E+0
1.0060000E+4 0.0000000E+0
1.0070000E+4 0.0000000E+0
1.0080000E+4 1.1630469E-1
1.0090000E+4 1.1630469E-1
1.0100000E+4 0.0000000E+0
1.0110000E+4 2.3260939E-1
1.0120000E+4 0.0000000E+0
1.0130000E+4 0.0000000E+0
1.0140000E+4 0.0000000E+0
1.0150000E+4 0.0000000E+0
1.0160000E+4 0.0000000E+0
1.0170000E+4 0.0000000E+0
1.0180000E+4 1.1630469E-1
1.0190000E+4 0.0000000E+0
1.0200000E+4 2.3260939E-1
1.0210000E+4 0.0000000E+0
1.0220000E+4 0.0000000E+0
1.0230000E+4 0.0000000E+0
1.0240000E+4 0.0000000E+0
1.0250000E+4 0.0000000E+0
1.0260000E+4 0.0000000E+0
1.0270000E+4 0.0000000E+0
1.0280000E+4 0.0000000E+0
1.0290000E+4 0.0000000E+0
1.0300000E+4 0.0000000E+0
1.0310000E+4 0.0000000E+0
1.0320000E+4 0.0000000E+0
1.0330000E+4 0.0000000E+0
1.0340000E+4 0.0000000E+0
1.0350000E+4 1.1630469E-1
1.0360000E+4 1.1630469E-1
1.0370000E+4 1.1630469E-1
1.0380000E+4 0.0000000E+0
1.0390000E+4 0.0000000E+0
1.0400000E+4 0.0000000E+0
1.0410000E+4 1.1630469E-1
1.0420000E+4 0.0000000E+0
1.0430000E+4 1.1630469E-1
1.0440000E+4 1.1630469E-1
1.0450000E+4 0.0000000E+0
1.0460000E+4 1.1630469E-1
1.0470000E+4 0.0000000E+0
1.0480000E+4 2.3260939E-1
1.0490000E+4 0.0000000E+0
1.0500000E+4 1.1630469E-1
1.0510000E+4 0.0000000E+0
1.0520000E+4 0.0000000E+0
1.0530000E+4 1.1630469E-1
1.0540000E+4 1.1630469E-1
1.0550000E+4 0.0000000E+0
1.0560000E+4 1.1630469E-1
1.0570000E+4 0.0000000E+0
1.0580000E+4 0.0000000E+0
1.0590000E+4 1.1630469E-1
1.0600000E+4 2.3260939E-1
1.0610000E+4 3.4891408E-1
1.0620000E+4 0.0000000E+0
1.0630000E+4 0.0000000E+0
1.0640000E+4 0.0000000E+0
1.0650000E+4 0.0000000E+0
1.0660000E+4 0.0000000E+0
1.0670000E+4 1.1630469E-1
1.0680000E+4 1.1630469E-1
1.0690000E+4 0.0000000E+0
1.0700000E+4 1.1630469E-1
1.0710000E+4 1.1630469E-1
1.0720000E+4 1.1630469E-1
1.0730000E+4 1.1630469E-1
1.0740000E+4 0.0000000E+0
1.0750000E+4 1.1630469E-1
1.0760000E+4 0.0000000E+0
1.0770000E+4 1.1630469E-1
1.0780000E+4 0.0000000E+0
1.0790000E+4 0.0000000E+0
1.0800000E+4 1.1630469E-1
1.0810000E+4 2.3260939E-1
1.0820000E+4 0.0000000E+0
1.0830000E+4 0.0000000E+0
1.0840000E+4 0.0000000E+0
1.0850000E+4 1.1630469E-1
1.0860000E+4 1.1630469E-1
1.0870000E+4 2.3260939E-1
1.0880000E+4 0.0000000E+0
1.0890000E+4 2.3260939E-1
1.0900000E+4 2.3260939E-1
1.0910000E+4 1.1630469E-1
1.0920000E+4 1.1630469E-1
1.0930000E+4 2.3260939E-1
1.0940000E+4 2.3260939E-1
1.0950000E+4 1.1630469E-1
1.0960000E+4 2.3260939E-1
1.0970000E+4 1.1630469E-1
1.0980000E+4 1.1630469E-1
1.0990000E+4 2.3260939E-1
1.1000000E+4 2.3260939E-1
1.1010000E+4 2.3260939E-1
1.1020000E+4 1.1630469E-1
1.1030000E+4 1.1630469E-1
1.1040000E+4 1.1630469E-1
1.1050000E+4 3.4891408E-1
1.1060000E+4 2.3260939E-1
1.1070000E+4 6.9782817E-1
1.1080000E+4 2.3260939E-1
1.1090000E+4 3.4891408E-1
1.1100000E+4 0.0000000E+0
1.1110000E+4 4.6521878E-1
1.1120000E+4 4.6521878E-1
1.1130000E+4 5.8152347E-1
1.1140000E+4 3.4891408E-1
1.1150000E+4 9.3043756E-1
1.1160000E+4 2.3260939E-1
1.1170000E+4 6.9782817E-1
1.1180000E+4 3.4891408E-1
1.1190000E+4 4.6521878E-1
1.1200000E+4 3.4891408E-1
1.1210000E+4 5.8152347E-1
1.1220000E+4 3.4891408E-1
1.1230000E+4 1.0467423E+0
1.1240000E+4 2.3260939E-1
1.1250000E+4 1.0467423E+0
1.1260000E+4 8.1413286E-1
1.1270000E+4 1.0467423E+0
1.1280000E+4 9.3043756E-1
1.1290000E+4 8.1413286E-1
1.1300000E+4 9.3043756E-1
1.1310000E+4 5.8152347E-1
1.1320000E+4 1.1630469E+0
1.1330000E+4 1.2793516E+0
1.1340000E+4 1.8608751E+0
1.1350000E+4 1.6282657E+0
1.1360000E+4 1.5119610E+0
1.1370000E+4 9.3043756E-1
1.1380000E+4 1.1630469E+0
1.1390000E+4 1.3956563E+0
1.1400000E+4 1.0467423E+0
1.1410000E+4 1.2793516E+0
1.1420000E+4 1.1630469E+0
1.1430000E+4 1.3956563E+0
1.1440000E+4 1.2793516E+0
1.1450000E+4 1.7445704E+0
1.1460000E+4 1.1630469E+0
1.1470000E+4 1.5119610E+0
1.1480000E+4 1.1630469E+0
1.1490000E+4 1.7445704E+0
1.1500000E+4 1.2793516E+0
1.1510000E+4 1.6282657E+0
1.1520000E+4 1.6282657E+0
1.1530000E+4 1.7445704E+0
1.1540000E+4 2.5587033E+0
1.1550000E+4 1.5119610E+0
1.1560000E+4 1.6282657E+0
1.1570000E+4 1.7445704E+0
1.1580000E+4 2.3260939E+0
1.1590000E+4 2.4423986E+0
1.1600000E+4 2.0934845E+0
1.1610000E+4 1.7445704E+0
1.1620000E+4 2.6750080E+0
1.1630000E+4 2.6750080E+0
1.1640000E+4 2.6750080E+0
1.1650000E+4 3.1402268E+0
1.1660000E+4 2.7913127E+0
1.1670000E+4 2.0934845E+0
1.1680000E+4 3.6054455E+0
1.1690000E+4 2.7913127E+0
1.1700000E+4 3.2565314E+0
1.1710000E+4 3.3728361E+0
1.1720000E+4 2.9076174E+0
1.1730000E+4 2.6750080E+0
1.1740000E+4 3.2565314E+0
1.1750000E+4 4.6521878E+0
1.1760000E+4 3.7217502E+0
1.1770000E+4 3.1402268E+0
1.1780000E+4 3.7217502E+0
1.1790000E+4 4.0706643E+0
1.1800000E+4 4.3032737E+0
1.1810000E+4 4.0706643E+0
1.1820000E+4 4.4195784E+0
1.1830000E+4 4.6521878E+0
1.1840000E+4 4.5358831E+0
1.1850000E+4 4.8847972E+0
1.1860000E+4 4.3032737E+0
1.1870000E+4 3.6054455E+0
1.1880000E+4 3.7217502E+0
1.1890000E+4 4.0706643E+0
1.1900000E+4 4.4195784E+0
1.1910000E+4 4.4195784E+0
1.1920000E+4 3.2565314E+0
1.1930000E+4 3.6054455E+0
1.1940000E+4 4.1869690E+0
1.1950000E+4 2.4423986E+0
1.1960000E+4 3.1402268E+0
1.1970000E+4 2.3260939E+0
1.1980000E+4 2.4423986E+0
1.1990000E+4 3.4891408E+0
1.2000000E+4 2.7913127E+0
1.2010000E+4 2.5587033E+0
1.2020000E+4 3.0239221E+0
1.2030000E+4 1.3956563E+0
1.2040000E+4 2.2097892E+0
1.2050000E+4 2.6750080E+0
1.2060000E+4 2.2097892E+0
1.2070000E+4 9.3043756E-1
1.2080000E+4 2.0934845E+0
1.2090000E+4 1.2793516E+0
1.2100000E+4 1.0467423E+0
1.2110000E+4 1.3956563E+0
1.2120000E+4 1.5119610E+0
1.2130000E+4 1.5119610E+0
1.2140000E+4 1.3956563E+0
1.2150000E+4 1.8608751E+0
1.2160000E+4 1.2793516E+0
1.2170000E+4 8.1413286E-1
1.2180000E+4 6.9782817E-1
1.2190000E+4 1.6282657E+0
1.2200000E+4 4.6521878E-1
1.2210000E+4 6.9782817E-1
1.2220000E+4 8.1413286E-1
1.2230000E+4 4.6521878E-1
1.2240000E+4 6.9782817E-1
1.2250000E+4 3.4891408E-1
1.2260000E+4 3.4891408E-1
1.2270000E+4 5.8152347E-1
1.2280000E+4 1.1630469E-1
1.2290000E+4 1.1630469E-1
1.2300000E+4 5.8152347E-1
1.2310000E+4 0.0000000E+0
1.2320000E+4 2.3260939E-1
1.2330000E+4 0.0000000E+0
1.2340000E+4 0.0000000E+0
1.2350000E+4 0.0000000E+0
1.2360000E+4 1.1630469E-1
1.2370000E+4 1.1630469E-1
1.2380000E+4 0.0000000E+0
1.2390000E+4 0.0000000E+0
1.2400000E+4 0.0000000E+0
1.2410000E+4 0.0000000E+0
1.2420000E+4 0.0000000E+0
1.2430000E+4 0.0000000E+0
1.2440000E+4 0.0000000E+0
1.2450000E+4 0.0000000E+0
1.2460000E+4 0.0000000E+0
1.2470000E+4 0.0000000E+0
1.2480000E+4 0.0000000E+0
1.2490000E+4 0.0000000E+0
1.2500000E+4 0.0000000E+0
1.2510000E+4 0.0000000E+0
1.2520000E+4 0.0000000E+0
1.2530000E+4 0.0000000E+0
1.2540000E+4 0.0000000E+0
1.2550000E+4 0.0000000E+0
1.2560000E+4 0.0000000E+0
1.2570000E+4 0.0000000E+0
1.2580000E+4 0.0000000E+0
1.2590000E+4 0.0000000E+0
1.2600000E+4 0.0000000E+0
1.2610000E+4 0.0000000E+0
1.2620000E+4 0.0000000E+0
1.2630000E+4 0.0000000E+0
1.2640000E+4 0.0000000E+0
1.2650000E+4 0.0000000E+0
1.2660000E+4 0.0000000E+0
1.2670000E+4 0.0000000E+0
1.2680000E+4 0.0000000E+0
1.2690000E+4 0.0000000E+0
1.2700000E+4 0.0000000E+0
1.2710000E+4 0.0000000E+0
1.2720000E+4 0.0000000E+0
1.2730000E+4 0.0000000E+0
1.2740000E+4 0.0000000E+0
1.2750000E+4 0.0000000E+0
1.2760000E+4 0.0000000E+0
1.2770000E+4 0.0000000E+0
1.2780000E+4 0.0000000E+0
1.2790000E+4 0.0000000E+0
1.2800000E+4 0.0000000E+0
1.2810000E+4 0.0000000E+0
1.2820000E+4 0.0000000E+0
1.2830000E+4 0.0000000E+0
1.2840000E+4 1.1630469E-1
1.2850000E+4 1.1630469E-1
1.2860000E+4 0.0000000E+0
1.2870000E+4 0.0000000E+0
1.2880000E+4 0.0000000E+0
1.2890000E+4 0.0000000E+0
1.2900000E+4 0.0000000E+0
1.2910000E+4 0.0000000E+0
1.2920000E+4 0.0000000E+0
1.2930000E+4 0.0000000E+0
1.2940000E+4 0.0000000E+0
1.2950000E+4 0.0000000E+0
1.2960000E+4 0.0000000E+0
1.2970000E+4 0.0000000E+0
1.2980000E+4 0.0000000E+0
1.2990000E+4 0.0000000E+0
1.3000000E+4 0.0000000E+0
1.3010000E+4 0.0000000E+0
1.3020000E+4 0.0000000E+0
1.3030000E+4 0.0000000E+0
1.3040000E+4 0.0000000E+0
1.3050000E+4 0.0000000E+0
1.3060000E+4 1.1630469E-1
1.3070000E+4 0.0000000E+0
1.3080000E+4 0.0000000E+0
1.3090000E+4 0.0000000E+0
1.3100000E+4 0.0000000E+0
1.3110000E+4 0.0000000E+0
1.3120000E+4 0.0000000E+0
1.3130000E+4 0.0000000E+0
1.3140000E+4 0.0000000E+0
1.3150000E+4 0.0000000E+0
1.3160000E+4 0.0000000E+0
1.3170000E+4 0.0000000E+0
1.3180000E+4 0.0000000E+0
1.3190000E+4 0.0000000E+0
1.3200000E+4 0.0000000E+0
1.3210000E+4 0.0000000E+0
1.3220000E+4 0.0000000E+0
1.3230000E+4 0.0000000E+0
1.3240000E+4 0.0000000E+0
1.3250000E+4 0.0000000E+0
1.3260000E+4 0.0000000E+0
1.3270000E+4 0.0000000E+0
1.3280000E+4 0.0000000E+0
1.3290000E+4 0.0000000E+0
1.3300000E+4 0.0000000E+0
1.3310000E+4 0.0000000E+0
1.3320000E+4 0.0000000E+0
1.3330000E+4 0.0000000E+0
1.3340000E+4 0.0000000E+0
1.3350000E+4 0.0000000E+0
1.3360000E+4 0.0000000E+0
1.3370000E+4 0.0000000E+0
1.3380000E+4 1.1630469E-1
1.3390000E+4 0.0000000E+0
1.3400000E+4 0.0000000E+0
1.3410000E+4 1.1630469E-1
1.3420000E+4 0.0000000E+0
1.3430000E+4 0.0000000E+0
1.3440000E+4 0.0000000E+0
1.3450000E+4 0.0000000E+0
1.3460000E+4 1.1630469E-1
1.3470000E+4 0.0000000E+0
1.3480000E+4 0.0000000E+0
1.3490000E+4 0.0000000E+0
1.3500000E+4 0.0000000E+0
1.3510000E+4 0.0000000E+0
1.3520000E+4 0.0000000E+0
1.3530000E+4 0.0000000E+0
1.3540000E+4 0.0000000E+0
1.3550000E+4 0.0000000E+0
1.3560000E+4 1.1630469E-1
1.3570000E+4 0.0000000E+0
1.3580000E+4 0.0000000E+0
1.3590000E+4 0.0000000E+0
1.3600000E+4 0.0000000E+0
1.3610000E+4 0.0000000E+0
1.3620000E+4 0.0000000E+0
1.3630000E+4 0.0000000E+0
1.3640000E+4 0.0000000E+0
1.3650000E+4 0.0000000E+0
1.3660000E+4 0.0000000E+0
1.3670000E+4 1.1630469E-1
1.3680000E+4 0.0000000E+0
1.3690000E+4 0.0000000E+0
1.3700000E+4 0.0000000E+0
1.3710000E+4 0.0000000E+0
1.3720000E+4 1.1630469E-1
1.3730000E+4 0.0000000E+0
1.3740000E+4 0.0000000E+0
1.3750000E+4 0.0000000E+0
1.3760000E+4 1.1630469E-1
1.3770000E+4 0.0000000E+0
1.3780000E+4 0.0000000E+0
1.3790000E+4 0.0000000E+0
1.3800000E+4 0.0000000E+0
1.3810000E+4 0.0000000E+0
1.3820000E+4 0.0000000E+0
1.3830000E+4 0.0000000E+0
1.3840000E+4 1.1630469E-1
1.3850000E+4 0.0000000E+0
1.3860000E+4 1.1630469E-1
1.3870000E+4 1.1630469E-1
1.3880000E+4 0.0000000E+0
1.3890000E+4 0.0000000E+0
1.3900000E+4 0.0000000E+0
1.3910000E+4 0.0000000E+0
1.3920000E+4 0.0000000E+0
1.3930000E+4 0.0000000E+0
1.3940000E+4 0.0000000E+0
1.3950000E+4 0.0000000E+0
1.3960000E+4 0.0000000E+0
1.3970000E+4 0.0000000E+0
1.3980000E+4 1.1630469E-1
1.3990000E+4 0.0000000E+0
1.4000000E+4 0.0000000E+0
1.4010000E+4 0.0000000E+0
1.4020000E+4 0.0000000E+0
1.4030000E+4 0.0000000E+0
1.4040000E+4 0.0000000E+0
1.4050000E+4 0.0000000E+0
1.4060000E+4 0.0000000E+0
1.4070000E+4 0.0000000E+0
1.4080000E+4 0.0000000E+0
1.4090000E+4 0.0000000E+0
1.4100000E+4 0.0000000E+0
1.4110000E+4 0.0000000E+0
1.4120000E+4 0.0000000E+0
1.4130000E+4 0.0000000E+0
1.4140000E+4 0.0000000E+0
1.4150000E+4 0.0000000E+0
1.4160000E+4 0.0000000E+0
1.4170000E+4 0.0000000E+0
1.4180000E+4 0.0000000E+0
1.4190000E+4 0.0000000E+0
1.4200000E+4 0.0000000E+0
1.4210000E+4 0.0000000E+0
1.4220000E+4 0.0000000E+0
1.4230000E+4 0.0000000E+0
1.4240000E+4 0.0000000E+0
1.4250000E+4 0.0000000E+0
1.4260000E+4 0.0000000E+0
1.4270000E+4 0.0000000E+0
1.4280000E+4 1.1630469E-1
1.4290000E+4 0.0000000E+0
1.4300000E+4 0.0000000E+0
1.4310000E+4 0.0000000E+0
1.4320000E+4 0.0000000E+0
1.4330000E+4 0.0000000E+0
1.4340000E+4 0.0000000E+0
1.4350000E+4 0.0000000E+0
1.4360000E+4 0.0000000E+0
1.4370000E+4 0.0000000E+0
1.4380000E+4 0.0000000E+0
1.4390000E+4 0.0000000E+0
1.4400000E+4 0.0000000E+0
1.4410000E+4 0.0000000E+0
1.4420000E+4 0.0000000E+0
1.4430000E+4 0.0000000E+0
1.4440000E+4 0.0000000E+0
1.4450000E+4 0.0000000E+0
1.4460000E+4 0.0000000E+0
1.4470000E+4 0.0000000E+0
1.4480000E+4 0.0000000E+0
1.4490000E+4 0.0000000E+0
1.4500000E+4 1.1630469E-1
1.4510000E+4 0.0000000E+0
1.4520000E+4 0.0000000E+0
1.4530000E+4 0.0000000E+0
1.4540000E+4 1.1630469E-1
1.4550000E+4 0.0000000E+0
1.4560000E+4 0.0000000E+0
1.4570000E+4 0.0000000E+0
1.4580000E+4 1.1630469E-1
1.4590000E+4 0.0000000E+0
1.4600000E+4 1.1630469E-1
1.4610000E+4 0.0000000E+0
1.4620000E+4 0.0000000E+0
1.4630000E+4 0.0000000E+0
1.4640000E+4 0.0000000E+0
1.4650000E+4 0.0000000E+0
1.4660000E+4 1.1630469E-1
1.4670000E+4 0.0000000E+0
1.4680000E+4 0.0000000E+0
1.4690000E+4 0.0000000E+0
1.4700000E+4 0.0000000E+0
1.4710000E+4 0.0000000E+0
1.4720000E+4 1.1630469E-1
1.4730000E+4 0.0000000E+0
1.4740000E+4 0.0000000E+0
1.4750000E+4 0.0000000E+0
1.4760000E+4 0.0000000E+0
1.4770000E+4 1.1630469E-1
1.4780000E+4 0.0000000E+0
1.4790000E+4 0.0000000E+0
1.4800000E+4 0.0000000E+0
1.4810000E+4 1.1630469E-1
1.4820000E+4 0.0000000E+0
1.4830000E+4 0.0000000E+0
1.4840000E+4 1.1630469E-1
1.4850000E+4 2.3260939E-1
1.4860000E+4 1.1630469E-1
1.4870000E+4 0.0000000E+0
1.4880000E+4 2.3260939E-1
1.4890000E+4 0.0000000E+0
1.4900000E+4 0.0000000E+0
1.4910000E+4 0.0000000E+0
1.4920000E+4 0.0000000E+0
1.4930000E+4 0.0000000E+0
1.4940000E+4 0.0000000E+0
1.4950000E+4 0.0000000E+0
1.4960000E+4 0.0000000E+0
1.4970000E+4 1.1630469E-1
1.4980000E+4 1.1630469E-1
1.4990000E+4 1.1630469E-1
1.5000000E+4 0.0000000E+0
1.5010000E+4 0.0000000E+0
1.5020000E+4 1.1630469E-1
1.5030000E+4 0.0000000E+0
1.5040000E+4 1.1630469E-1
1.5050000E+4 0.0000000E+0
1.5060000E+4 0.0000000E+0
1.5070000E+4 1.1630469E-1
1.5080000E+4 0.0000000E+0
1.5090000E+4 0.0000000E+0
1.5100000E+4 0.0000000E+0
1.5110000E+4 0.0000000E+0
1.5120000E+4 2.3260939E-1
1.5130000E+4 0.0000000E+0
1.5140000E+4 1.1630469E-1
1.5150000E+4 1.1630469E-1
1.5160000E+4 0.0000000E+0
1.5170000E+4 1.1630469E-1
1.5180000E+4 0.0000000E+0
1.5190000E+4 0.0000000E+0
1.5200000E+4 2.3260939E-1
1.5210000E+4 1.1630469E-1
1.5220000E+4 0.0000000E+0
1.5230000E+4 1.1630469E-1
1.5240000E+4 0.0000000E+0
1.5250000E+4 0.0000000E+0
1.5260000E+4 0.0000000E+0
1.5270000E+4 0.0000000E+0
1.5280000E+4 0.0000000E+0
1.5290000E+4 1.1630469E-1
1.5300000E+4 0.0000000E+0
1.5310000E+4 2.3260939E-1
1.5320000E+4 1.1630469E-1
1.5330000E+4 1.1630469E-1
1.5340000E+4 0.0000000E+0
1.5350000E+4 1.1630469E-1
1.5360000E+4 1.1630469E-1
1.5370000E+4 0.0000000E+0
1.5380000E+4 1.1630469E-1
1.5390000E+4 0.0000000E+0
1.5400000E+4 0.0000000E+0
1.5410000E+4 0.0000000E+0
1.5420000E+4 1.1630469E-1
1.5430000E+4 0.0000000E+0
1.5440000E+4 0.0000000E+0
1.5450000E+4 1.1630469E-1
1.5460000E+4 1.1630469E-1
1.5470000E+4 0.0000000E+0
1.5480000E+4 0.0000000E+0
1.5490000E+4 1.1630469E-1
1.5500000E+4 2.3260939E-1
1.5510000E+4 0.0000000E+0
1.5520000E+4 0.0000000E+0
1.5530000E+4 0.0000000E+0
1.5540000E+4 0.0000000E+0
1.5550000E+4 0.0000000E+0
1.5560000E+4 1.1630469E-1
1.5570000E+4 0.0000000E+0
1.5580000E+4 0.0000000E+0
1.5590000E+4 1.1630469E-1
1.5600000E+4 0.0000000E+0
1.5610000E+4 1.1630469E-1
1.5620000E+4 2.3260939E-1
1.5630000E+4 1.1630469E-1
1.5640000E+4 1.1630469E-1
1.5650000E+4 1.1630469E-1
1.5660000E+4 1.1630469E-1
1.5670000E+4 0.0000000E+0
1.5680000E+4 0.0000000E+0
1.5690000E+4 1.1630469E-1
1.5700000E+4 0.0000000E+0
1.5710000E+4 2.3260939E-1
1.5720000E+4 0.0000000E+0
1.5730000E+4 0.0000000E+0
1.5740000E+4 1.1630469E-1
1.5750000E+4 1.1630469E-1
1.5760000E+4 2.3260939E-1
1.5770000E+4 1.1630469E-1
1.5780000E+4 1.1630469E-1
1.5790000E+4 0.0000000E+0
1.5800000E+4 0.0000000E+0
1.5810000E+4 0.0000000E+0
1.5820000E+4 0.0000000E+0
1.5830000E+4 2.3260939E-1
1.5840000E+4 0.0000000E+0
1.5850000E+4 0.0000000E+0
1.5860000E+4 1.1630469E-1
1.5870000E+4 1.1630469E-1
1.5880000E+4 0.0000000E+0
1.5890000E+4 0.0000000E+0
1.5900000E+4 0.0000000E+0
1.5910000E+4 1.1630469E-1
1.5920000E+4 0.0000000E+0
1.5930000E+4 0.0000000E+0
1.5940000E+4 0.0000000E+0
1.5950000E+4 1.1630469E-1
1.5960000E+4 0.0000000E+0
1.5970000E+4 0.0000000E+0
1.5980000E+4 1.1630469E-1
1.5990000E+4 1.1630469E-1
1.6000000E+4 0.0000000E+0
1.6010000E+4 1.1630469E-1
1.6020000E+4 0.0000000E+0
1.6030000E+4 0.0000000E+0
1.6040000E+4 1.1630469E-1
1.6050000E+4 2.3260939E-1
1.6060000E+4 0.0000000E+0
1.6070000E+4 1.1630469E-1
1.6080000E+4 0.0000000E+0
1.6090000E+4 0.0000000E+0
1.6100000E+4 0.0000000E+0
1.6110000E+4 0.0000000E+0
1.6120000E+4 0.0000000E+0
1.6130000E+4 1.1630469E-1
1.6140000E+4 0.0000000E+0
1.6150000E+4 0.0000000E+0
1.6160000E+4 0.0000000E+0
1.6170000E+4 0.0000000E+0
1.6180000E+4 1.1630469E-1
1.6190000E+4 0.0000000E+0
1.6200000E+4 0.0000000E+0
1.6210000E+4 0.0000000E+0
1.6220000E+4 0.0000000E+0
1.6230000E+4 0.0000000E+0
1.6240000E+4 0.0000000E+0
1.6250000E+4 0.0000000E+0
1.6260000E+4 0.0000000E+0
1.6270000E+4 0.0000000E+0
1.6280000E+4 0.0000000E+0
1.6290000E+4 0.0000000E+0
1.6300000E+4 0.0000000E+0
1.6310000E+4 0.0000000E+0
1.6320000E+4 0.0000000E+0
1.6330000E+4 0.0000000E+0
1.6340000E+4 0.0000000E+0
1.6350000E+4 0.0000000E+0
1.6360000E+4 0.0000000E+0
1.6370000E+4 0.0000000E+0
1.6380000E+4 0.0000000E+0
1.6390000E+4 0.0000000E+0
1.6400000E+4 0.0000000E+0
1.6410000E+4 0.0000000E+0
1.6420000E+4 0.0000000E+0
1.6430000E+4 0.0000000E+0
1.6440000E+4 0.0000000E+0
1.6450000E+4 0.0000000E+0
1.6460000E+4 0.0000000E+0
1.6470000E+4 0.0000000E+0
1.6480000E+4 0.0000000E+0
1.6490000E+4 0.0000000E+0
1.6500000E+4 0.0000000E+0
1.6510000E+4 0.0000000E+0
1.6520000E+4 0.0000000E+0
1.6530000E+4 0.0000000E+0
1.6540000E+4 0.0000000E+0
1.6550000E+4 0.0000000E+0
1.6560000E+4 0.0000000E+0
1.6570000E+4 0.0000000E+0
1.6580000E+4 0.0000000E+0
1.6590000E+4 0.0000000E+0
1.6600000E+4 0.0000000E+0
1.6610000E+4 0.0000000E+0
1.6620000E+4 0.0000000E+0
1.6630000E+4 0.0000000E+0
1.6640000E+4 0.0000000E+0
1.6650000E+4 0.0000000E+0
1.6660000E+4 0.0000000E+0
1.6670000E+4 0.0000000E+0
1.6680000E+4 0.0000000E+0
1.6690000E+4 0.0000000E+0
1.6700000E+4 0.0000000E+0
1.6710000E+4 0.0000000E+0
1.6720000E+4 0.0000000E+0
1.6730000E+4 0.0000000E+0
1.6740000E+4 0.0000000E+0
1.6750000E+4 0.0000000E+0
1.6760000E+4 0.0000000E+0
1.6770000E+4 0.0000000E+0
1.6780000E+4 0.0000000E+0
1.6790000E+4 0.0000000E+0
1.6800000E+4 0.0000000E+0
1.6810000E+4 0.0000000E+0
1.6820000E+4 0.0000000E+0
1.6830000E+4 0.0000000E+0
1.6840000E+4 0.0000000E+0
1.6850000E+4 0.0000000E+0
1.6860000E+4 0.0000000E+0
1.6870000E+4 0.0000000E+0
1.6880000E+4 0.0000000E+0
1.6890000E+4 0.0000000E+0
1.6900000E+4 0.0000000E+0
1.6910000E+4 0.0000000E+0
1.6920000E+4 0.0000000E+0
1.6930000E+4 0.0000000E+0
1.6940000E+4 0.0000000E+0
1.6950000E+4 0.0000000E+0
1.6960000E+4 0.0000000E+0
1.6970000E+4 0.0000000E+0
1.6980000E+4 0.0000000E+0
1.6990000E+4 0.0000000E+0
1.7000000E+4 0.0000000E+0
1.7010000E+4 0.0000000E+0
1.7020000E+4 0.0000000E+0
1.7030000E+4 0.0000000E+0
1.7040000E+4 0.0000000E+0
1.7050000E+4 0.0000000E+0
1.7060000E+4 0.0000000E+0
1.7070000E+4 0.0000000E+0
1.7080000E+4 0.0000000E+0
1.7090000E+4 0.0000000E+0
1.7100000E+4 0.0000000E+0
1.7110000E+4 0.0000000E+0
1.7120000E+4 0.0000000E+0
1.7130000E+4 0.0000000E+0
1.7140000E+4 0.0000000E+0
1.7150000E+4 0.0000000E+0
1.7160000E+4 0.0000000E+0
1.7170000E+4 0.0000000E+0
1.7180000E+4 0.0000000E+0
1.7190000E+4 0.0000000E+0
1.7200000E+4 0.0000000E+0
1.7210000E+4 0.0000000E+0
1.7220000E+4 0.0000000E+0
1.7230000E+4 0.0000000E+0
1.7240000E+4 0.0000000E+0
1.7250000E+4 0.0000000E+0
1.7260000E+4 0.0000000E+0
1.7270000E+4 0.0000000E+0
1.7280000E+4 0.0000000E+0
1.7290000E+4 0.0000000E+0
1.7300000E+4 0.0000000E+0
1.7310000E+4 0.0000000E+0
1.7320000E+4 0.0000000E+0
1.7330000E+4 0.0000000E+0
1.7340000E+4 0.0000000E+0
1.7350000E+4 0.0000000E+0
1.7360000E+4 0.0000000E+0
1.7370000E+4 0.0000000E+0
1.7380000E+4 0.0000000E+0
1.7390000E+4 0.0000000E+0
1.7400000E+4 0.0000000E+0
1.7410000E+4 0.0000000E+0
1.7420000E+4 0.0000000E+0
1.7430000E+4 0.0000000E+0
1.7440000E+4 0.0000000E+0
1.7450000E+4 0.0000000E+0
1.7460000E+4 0.0000000E+0
1.7470000E+4 0.0000000E+0
1.7480000E+4 0.0000000E+0
1.7490000E+4 0.0000000E+0
1.7500000E+4 0.0000000E+0
1.7510000E+4 0.0000000E+0
1.7520000E+4 0.0000000E+0
1.7530000E+4 0.0000000E+0
1.7540000E+4 0.0000000E+0
1.7550000E+4 0.0000000E+0
1.7560000E+4 0.0000000E+0
1.7570000E+4 0.0000000E+0
1.7580000E+4 0.0000000E+0
1.7590000E+4 0.0000000E+0
1.7600000E+4 0.0000000E+0
1.7610000E+4 0.0000000E+0
1.7620000E+4 0.0000000E+0
1.7630000E+4 0.0000000E+0
1.7640000E+4 0.0000000E+0
1.7650000E+4 0.0000000E+0
1.7660000E+4 0.0000000E+0
1.7670000E+4 0.0000000E+0
1.7680000E+4 0.0000000E+0
1.7690000E+4 0.0000000E+0
1.7700000E+4 0.0000000E+0
1.7710000E+4 0.0000000E+0
1.7720000E+4 0.0000000E+0
1.7730000E+4 0.0000000E+0
1.7740000E+4 0.0000000E+0
1.7750000E+4 0.0000000E+0
1.7760000E+4 0.0000000E+0
1.7770000E+4 0.0000000E+0
1.7780000E+4 0.0000000E+0
1.7790000E+4 0.0000000E+0
1.7800000E+4 0.0000000E+0
1.7810000E+4 0.0000000E+0
1.7820000E+4 0.0000000E+0
1.7830000E+4 0.0000000E+0
1.7840000E+4 0.0000000E+0
1.7850000E+4 0.0000000E+0
1.7860000E+4 0.0000000E+0
1.7870000E+4 0.0000000E+0
1.7880000E+4 0.0000000E+0
1.7890000E+4 0.0000000E+0
1.7900000E+4 0.0000000E+0
1.7910000E+4 0.0000000E+0
1.7920000E+4 0.0000000E+0
1.7930000E+4 0.0000000E+0
1.7940000E+4 0.0000000E+0
1.7950000E+4 0.0000000E+0
1.7960000E+4 0.0000000E+0
1.7970000E+4 0.0000000E+0
1.7980000E+4 0.0000000E+0
1.7990000E+4 0.0000000E+0
1.8000000E+4 0.0000000E+0
1.8010000E+4 0.0000000E+0
1.8020000E+4 0.0000000E+0
1.8030000E+4 0.0000000E+0
1.8040000E+4 0.0000000E+0
1.8050000E+4 0.0000000E+0
1.8060000E+4 0.0000000E+0
1.8070000E+4 0.0000000E+0
1.8080000E+4 0.0000000E+0
1.8090000E+4 0.0000000E+0
1.8100000E+4 0.0000000E+0
1.8110000E+4 0.0000000E+0
1.8120000E+4 0.0000000E+0
1.8130000E+4 0.0000000E+0
1.8140000E+4 0.0000000E+0
1.8150000E+4 0.0000000E+0
1.8160000E+4 0.0000000E+0
1.8170000E+4 0.0000000E+0
1.8180000E+4 0.0000000E+0
1.8190000E+4 0.0000000E+0
1.8200000E+4 0.0000000E+0
1.8210000E+4 0.0000000E+0
1.8220000E+4 0.0000000E+0
1.8230000E+4 0.0000000E+0
1.8240000E+4 0.0000000E+0
1.8250000E+4 0.0000000E+0
1.8260000E+4 0.0000000E+0
1.8270000E+4 0.0000000E+0
1.8280000E+4 0.0000000E+0
1.8290000E+4 0.0000000E+0
1.8300000E+4 0.0000000E+0
1.8310000E+4 0.0000000E+0
1.8320000E+4 0.0000000E+0
1.8330000E+4 0.0000000E+0
1.8340000E+4 0.0000000E+0
1.8350000E+4 0.0000000E+0
1.8360000E+4 0.0000000E+0
1.8370000E+4 0.0000000E+0
1.8380000E+4 0.0000000E+0
1.8390000E+4 0.0000000E+0
1.8400000E+4 0.0000000E+0
1.8410000E+4 0.0000000E+0
1.8420000E+4 0.0000000E+0
1.8430000E+4 0.0000000E+0
1.8440000E+4 0.0000000E+0
1.8450000E+4 0.0000000E+0
1.8460000E+4 0.0000000E+0
1.8470000E+4 0.0000000E+0
1.8480000E+4 0.0000000E+0
1.8490000E+4 0.0000000E+0
1.8500000E+4 0.0000000E+0
1.8510000E+4 0.0000000E+0
1.8520000E+4 0.0000000E+0
1.8530000E+4 0.0000000E+0
1.8540000E+4 0.0000000E+0
1.8550000E+4 0.0000000E+0
1.8560000E+4 0.0000000E+0
1.8570000E+4 0.0000000E+0
1.8580000E+4 0.0000000E+0
1.8590000E+4 0.0000000E+0
1.8600000E+4 0.0000000E+0
1.8610000E+4 0.0000000E+0
1.8620000E+4 0.0000000E+0
1.8630000E+4 0.0000000E+0
1.8640000E+4 0.0000000E+0
1.8650000E+4 0.0000000E+0
1.8660000E+4 0.0000000E+0
1.8670000E+4 0.0000000E+0
1.8680000E+4 0.0000000E+0
1.8690000E+4 0.0000000E+0
1.8700000E+4 0.0000000E+0
1.8710000E+4 0.0000000E+0
1.8720000E+4 0.0000000E+0
1.8730000E+4 0.0000000E+0
1.8740000E+4 0.0000000E+0
1.8750000E+4 0.0000000E+0
1.8760000E+4 0.0000000E+0
1.8770000E+4 0.0000000E+0
1.8780000E+4 0.0000000E+0
1.8790000E+4 0.0000000E+0
1.8800000E+4 0.0000000E+0
1.8810000E+4 0.0000000E+0
1.8820000E+4 0.0000000E+0
1.8830000E+4 0.0000000E+0
1.8840000E+4 0.0000000E+0
1.8850000E+4 0.0000000E+0
1.8860000E+4 0.0000000E+0
1.8870000E+4 0.0000000E+0
1.8880000E+4 0.0000000E+0
1.8890000E+4 0.0000000E+0
1.8900000E+4 0.0000000E+0
1.8910000E+4 0.0000000E+0
1.8920000E+4 0.0000000E+0
1.8930000E+4 0.0000000E+0
1.8940000E+4 0.0000000E+0
1.8950000E+4 0.0000000E+0
1.8960000E+4 0.0000000E+0
1.8970000E+4 0.0000000E+0
1.8980000E+4 0.0000000E+0
1.8990000E+4 0.0000000E+0
1.9000000E+4 0.0000000E+0
1.9010000E+4 0.0000000E+0
1.9020000E+4 0.0000000E+0
1.9030000E+4 0.0000000E+0
1.9040000E+4 0.0000000E+0
1.9050000E+4 0.0000000E+0
1.9060000E+4 0.0000000E+0
1.9070000E+4 0.0000000E+0
1.9080000E+4 0.0000000E+0
1.9090000E+4 0.0000000E+0
1.9100000E+4 0.0000000E+0
1.9110000E+4 0.0000000E+0
1.9120000E+4 0.0000000E+0
1.9130000E+4 0.0000000E+0
1.9140000E+4 0.0000000E+0
1.9150000E+4 0.0000000E+0
1.9160000E+4 0.0000000E+0
1.9170000E+4 0.0000000E+0
1.9180000E+4 1.1630469E-1
1.9190000E+4 0.0000000E+0
1.9200000E+4 0.0000000E+0
1.9210000E+4 0.0000000E+0
1.9220000E+4 0.0000000E+0
1.9230000E+4 0.0000000E+0
1.9240000E+4 0.0000000E+0
1.9250000E+4 0.0000000E+0
1.9260000E+4 0.0000000E+0
1.9270000E+4 0.0000000E+0
1.9280000E+4 0.0000000E+0
1.9290000E+4 0.0000000E+0
1.9300000E+4 0.0000000E+0
1.9310000E+4 0.0000000E+0
1.9320000E+4 0.0000000E+0
1.9330000E+4 0.0000000E+0
1.9340000E+4 0.0000000E+0
1.9350000E+4 0.0000000E+0
1.9360000E+4 1.1630469E-1
1.9370000E+4 0.0000000E+0
1.9380000E+4 0.0000000E+0
1.9390000E+4 0.0000000E+0
1.9400000E+4 0.0000000E+0
1.9410000E+4 0.0000000E+0
1.9420000E+4 0.0000000E+0
1.9430000E+4 0.0000000E+0
1.9440000E+4 0.0000000E+0
1.9450000E+4 0.0000000E+0
1.9460000E+4 0.0000000E+0
1.9470000E+4 0.0000000E+0
1.9480000E+4 0.0000000E+0
1.9490000E+4 0.0000000E+0
1.9500000E+4 0.0000000E+0
1.9510000E+4 0.0000000E+0
1.9520000E+4 0.0000000E+0
1.9530000E+4 0.0000000E+0
1.9540000E+4 0.0000000E+0
1.9550000E+4 0.0000000E+0
1.9560000E+4 0.0000000E+0
1.9570000E+4 0.0000000E+0
1.9580000E+4 0.0000000E+0
1.9590000E+4 0.0000000E+0
1.9600000E+4 0.0000000E+0
1.9610000E+4 0.0000000E+0
1.9620000E+4 0.0000000E+0
1.9630000E+4 0.0000000E+0
1.9640000E+4 0.0000000E+0
1.9650000E+4 0.0000000E+0
1.9660000E+4 0.0000000E+0
1.9670000E+4 0.0000000E+0
1.9680000E+4 0.0000000E+0
1.9690000E+4 0.0000000E+0
1.9700000E+4 0.0000000E+0
1.9710000E+4 0.0000000E+0
1.9720000E+4 0.0000000E+0
1.9730000E+4 0.0000000E+0
1.9740000E+4 0.0000000E+0
1.9750000E+4 0.0000000E+0
1.9760000E+4 0.0000000E+0
1.9770000E+4 0.0000000E+0
1.9780000E+4 0.0000000E+0
1.9790000E+4 0.0000000E+0
1.9800000E+4 0.0000000E+0
1.9810000E+4 0.0000000E+0
1.9820000E+4 0.0000000E+0
1.9830000E+4 0.0000000E+0
1.9840000E+4 0.0000000E+0
1.9850000E+4 0.0000000E+0
1.9860000E+4 0.0000000E+0
1.9870000E+4 0.0000000E+0
1.9880000E+4 0.0000000E+0
1.9890000E+4 0.0000000E+0
1.9900000E+4 0.0000000E+0
1.9910000E+4 0.0000000E+0
1.9920000E+4 0.0000000E+0
1.9930000E+4 0.0000000E+0
1.9940000E+4 0.0000000E+0
1.9950000E+4 0.0000000E+0
1.9960000E+4 0.0000000E+0
1.9970000E+4 0.0000000E+0
1.9980000E+4 0.0000000E+0
1.9990000E+4 0.0000000E+0
2.0000000E+4 0.0000000E+0
2.0010000E+4 0.0000000E+0
2.0020000E+4 0.0000000E+0
2.0030000E+4 0.0000000E+0
2.0040000E+4 0.0000000E+0
2.0050000E+4 0.0000000E+0
2.0060000E+4 0.0000000E+0
2.0070000E+4 0.0000000E+0
2.0080000E+4 0.0000000E+0
2.0090000E+4 0.0000000E+0
2.0100000E+4 0.0000000E+0
2.0110000E+4 0.0000000E+0
2.0120000E+4 0.0000000E+0
2.0130000E+4 0.0000000E+0
2.0140000E+4 0.0000000E+0
2.0150000E+4 0.0000000E+0
2.0160000E+4 0.0000000E+0
2.0170000E+4 0.0000000E+0
2.0180000E+4 0.0000000E+0
2.0190000E+4 0.0000000E+0
2.0200000E+4 0.0000000E+0
2.0210000E+4 0.0000000E+0
2.0220000E+4 0.0000000E+0
2.0230000E+4 0.0000000E+0
2.0240000E+4 0.0000000E+0
2.0250000E+4 0.0000000E+0
2.0260000E+4 0.0000000E+0
2.0270000E+4 0.0000000E+0
2.0280000E+4 0.0000000E+0
2.0290000E+4 0.0000000E+0
2.0300000E+4 0.0000000E+0
2.0310000E+4 0.0000000E+0
2.0320000E+4 0.0000000E+0
2.0330000E+4 0.0000000E+0
2.0340000E+4 0.0000000E+0
2.0350000E+4 0.0000000E+0
2.0360000E+4 0.0000000E+0
2.0370000E+4 0.0000000E+0
2.0380000E+4 0.0000000E+0
2.0390000E+4 0.0000000E+0
2.0400000E+4 0.0000000E+0
2.0410000E+4 0.0000000E+0
2.0420000E+4 0.0000000E+0
2.0430000E+4 0.0000000E+0
2.0440000E+4 0.0000000E+0
2.0450000E+4 0.0000000E+0
2.0460000E+4 0.0000000E+0
2.0470000E+4 0.0000000E+0
