#%Name: 2L-ferrihydrite
#%Formula: 
#%Mineral class: oxyhydroxides
#%Xtal system:  
#%Edge: K
#%Sample prep: powder, mixed with MQ water and air-dried on silicon nitride window
#%Beamline: ALS 10.3.2, HxV slits = 55x30 um
#%Det:  I0=N2, Fluorescence mode (Ge solid state 7elts)
#%Ref/notes:  average of several scans (.dat)
#%Temp: Room temp (28C)
#%Time&date: 07:12 AM 06/20/2003. Sirine C. Fakra
#%============================================================
6.9172064E+3 2.6825720E-4
6.9272440E+3 1.9176410E-4
6.9372307E+3 3.7558481E-5
6.9472068E+3 -9.9855852E-5
6.9572538E+3 -1.8926572E-4
6.9672081E+3 -2.1146576E-4
6.9772334E+3 -2.1450829E-4
6.9872063E+3 -1.6690540E-4
6.9972090E+3 -7.7653586E-5
7.0072417E+3 -1.2062470E-5
7.0171796E+3 1.5672076E-4
7.0272304E+3 3.1743922E-4
7.0371857E+3 5.6385373E-4
7.0472125E+3 9.4512117E-4
7.0571849E+3 1.3320428E-3
7.0672290E+3 1.9308488E-3
7.0772182E+3 2.8229492E-3
7.0872370E+3 4.2067189E-3
7.0876621E+3 4.3037033E-3
7.0881724E+3 4.3440942E-3
7.0886828E+3 4.3993384E-3
7.0892357E+3 4.5079621E-3
7.0897037E+3 4.6254616E-3
7.0902143E+3 4.8158142E-3
7.0907250E+3 4.8590781E-3
7.0912357E+3 4.9943379E-3
7.0917040E+3 5.0946585E-3
7.0921723E+3 5.2315448E-3
7.0927258E+3 5.3808745E-3
7.0931943E+3 5.4720343E-3
7.0936628E+3 5.6510797E-3
7.0942166E+3 5.7864365E-3
7.0946852E+3 5.9009400E-3
7.0951966E+3 6.0384893E-3
7.0956653E+3 6.1963247E-3
7.0961768E+3 6.3596916E-3
7.0967310E+3 6.5129968E-3
7.0972427E+3 6.7191844E-3
7.0976691E+3 6.7884025E-3
7.0982235E+3 7.0059598E-3
7.0987354E+3 7.2081918E-3
7.0991620E+3 7.4338167E-3
7.0997167E+3 7.7339729E-3
7.1001861E+3 7.9419635E-3
7.1007410E+3 8.2451659E-3
7.1011678E+3 8.3914666E-3
7.1016801E+3 8.6694051E-3
7.1021925E+3 8.9747237E-3
7.1026623E+3 9.2155958E-3
7.1032175E+3 9.6381104E-3
7.1037302E+3 9.9516083E-3
7.1042429E+3 1.0353167E-2
7.1046702E+3 1.0703538E-2
7.1052257E+3 1.1247082E-2
7.1057387E+3 1.1674239E-2
7.1061662E+3 1.2152441E-2
7.1067220E+3 1.2701070E-2
7.1071924E+3 1.3406951E-2
7.1076628E+3 1.4108486E-2
7.1082189E+3 1.5198684E-2
7.1087322E+3 1.6158994E-2
7.1092457E+3 1.7671411E-2
7.1097164E+3 1.9351625E-2
7.1101872E+3 2.1213609E-2
7.1107437E+3 2.4897968E-2
7.1111718E+3 2.9802356E-2
7.1117285E+3 4.1380667E-2
7.1121995E+3 5.6828775E-2
7.1126707E+3 7.0815455E-2
7.1132276E+3 7.8357784E-2
7.1137417E+3 7.5743441E-2
7.1142130E+3 6.8507190E-2
7.1147273E+3 6.2847876E-2
7.1152417E+3 6.2487447E-2
7.1157132E+3 6.4360042E-2
7.1161849E+3 6.7204433E-2
7.1166994E+3 7.0669405E-2
7.1172141E+3 7.5150005E-2
7.1177288E+3 8.0389695E-2
7.1182007E+3 8.7891358E-2
7.1187156E+3 9.8069564E-2
7.1191876E+3 1.1321244E-1
7.1197027E+3 1.3449482E-1
7.1202178E+3 1.6647481E-1
7.1207329E+3 2.0951245E-1
7.1211623E+3 2.5288228E-1
7.1216776E+3 3.1256278E-1
7.1222360E+3 3.8245759E-1
7.1227085E+3 4.4101263E-1
7.1231811E+3 4.9773323E-1
7.1237397E+3 5.5647817E-1
7.1241695E+3 6.0856008E-1
7.1247282E+3 6.8234748E-1
7.1252441E+3 7.5449746E-1
7.1256740E+3 8.2402292E-1
7.1262331E+3 9.2423099E-1
7.1266201E+3 9.8580835E-1
7.1272223E+3 1.0789845E+0
7.1276955E+3 1.1453227E+0
7.1281688E+3 1.2019698E+0
7.1287282E+3 1.2594128E+0
7.1292016E+3 1.3056770E+0
7.1296751E+3 1.3432742E+0
7.1301917E+3 1.3779452E+0
7.1306654E+3 1.3993057E+0
7.1311821E+3 1.4131561E+0
7.1317420E+3 1.4196332E+0
7.1321728E+3 1.4164731E+0
7.1326898E+3 1.4068249E+0
7.1331638E+3 1.3899774E+0
7.1337240E+3 1.3693287E+0
7.1342412E+3 1.3487373E+0
7.1346723E+3 1.3290542E+0
7.1351897E+3 1.3083700E+0
7.1356640E+3 1.2935528E+0
7.1361815E+3 1.2801363E+0
7.1366991E+3 1.2647106E+0
7.1372168E+3 1.2485281E+0
7.1377345E+3 1.2308096E+0
7.1382092E+3 1.2157743E+0
7.1386839E+3 1.2005441E+0
7.1392451E+3 1.1796634E+0
7.1397199E+3 1.1657594E+0
7.1402381E+3 1.1480156E+0
7.1406699E+3 1.1346475E+0
7.1411882E+3 1.1183912E+0
7.1416633E+3 1.1073747E+0
7.1422250E+3 1.0934495E+0
7.1427002E+3 1.0856543E+0
7.1431756E+3 1.0780184E+0
7.1437375E+3 1.0716964E+0
7.1441698E+3 1.0687402E+0
7.1447318E+3 1.0662223E+0
7.1451642E+3 1.0640124E+0
7.1456831E+3 1.0613720E+0
7.1462454E+3 1.0555802E+0
7.1467213E+3 1.0497231E+0
7.1471972E+3 1.0412403E+0
7.1476732E+3 1.0324610E+0
7.1481925E+3 1.0182894E+0
7.1487119E+3 1.0068532E+0
7.1492314E+3 9.9098621E-1
7.1496644E+3 9.7848731E-1
7.1501840E+3 9.6347389E-1
7.1507037E+3 9.5074857E-1
7.1512235E+3 9.3588454E-1
7.1517001E+3 9.2549063E-1
7.1522200E+3 9.1297299E-1
7.1527400E+3 9.0301738E-1
7.1531735E+3 8.9560523E-1
7.1537370E+3 8.8529949E-1
7.1541705E+3 8.7933041E-1
7.1547342E+3 8.7165592E-1
7.1552112E+3 8.6491672E-1
7.1556883E+3 8.5854854E-1
7.1562089E+3 8.5501962E-1
7.1566861E+3 8.4836849E-1
7.1572068E+3 8.4450293E-1
7.1577276E+3 8.4053832E-1
7.1581616E+3 8.3688347E-1
7.1587260E+3 8.3323886E-1
7.1591601E+3 8.3171509E-1
7.1596812E+3 8.3027541E-1
7.1602458E+3 8.3017654E-1
7.1606801E+3 8.3055864E-1
7.1612449E+3 8.3001324E-1
7.1616794E+3 8.3109052E-1
7.1622008E+3 8.3382039E-1
7.1627224E+3 8.3596182E-1
7.1632005E+3 8.3991579E-1
7.1637222E+3 8.4428772E-1
7.1642005E+3 8.4798021E-1
7.1647223E+3 8.5328486E-1
7.1652442E+3 8.5757948E-1
7.1657227E+3 8.6425428E-1
7.1662448E+3 8.6999712E-1
7.1666799E+3 8.7612190E-1
7.1672457E+3 8.8339734E-1
7.1692047E+3 9.1261753E-1
7.1712084E+3 9.4240262E-1
7.1732133E+3 9.7690312E-1
7.1752194E+3 1.0066511E+0
7.1772266E+3 1.0223785E+0
7.1791477E+3 1.0323781E+0
7.1812446E+3 1.0407578E+0
7.1832116E+3 1.0446797E+0
7.1852235E+3 1.0451135E+0
7.1872366E+3 1.0448524E+0
7.1892070E+3 1.0433473E+0
7.1911786E+3 1.0417875E+0
7.1932390E+3 1.0357583E+0
7.1952128E+3 1.0330580E+0
7.1972317E+3 1.0282166E+0
7.1992079E+3 1.0242935E+0
7.2012291E+3 1.0200113E+0
7.2032076E+3 1.0154413E+0
7.2052312E+3 1.0092869E+0
7.2071679E+3 1.0017077E+0
7.2091938E+3 9.9586213E-1
7.2112208E+3 9.9018490E-1
7.2131609E+3 9.8726280E-1
7.2152344E+3 9.8391452E-1
7.2172209E+3 9.8118972E-1
7.2192085E+3 9.8025952E-1
7.2212415E+3 9.7950254E-1
7.2232314E+3 9.8085509E-1
7.2252224E+3 9.8180897E-1
7.2272146E+3 9.8115707E-1
7.2292080E+3 9.8110918E-1
7.2312025E+3 9.7897402E-1
7.2332425E+3 9.7732692E-1
7.2352393E+3 9.7652860E-1
7.2372372E+3 9.7384144E-1
7.2392363E+3 9.7323492E-1
7.2412366E+3 9.7266277E-1
7.2432380E+3 9.7317305E-1
7.2452406E+3 9.7362988E-1
7.2472443E+3 9.7528827E-1
7.2492046E+3 9.7821301E-1
7.2512106E+3 9.8261816E-1
7.2532177E+3 9.8515975E-1
7.2552260E+3 9.9034696E-1
7.2572355E+3 9.9594324E-1
7.2592461E+3 1.0012692E+0
7.2612132E+3 1.0055237E+0
7.2632261E+3 1.0093059E+0
7.2652402E+3 1.0146115E+0
7.2672107E+3 1.0175696E+0
7.2692270E+3 1.0194841E+0
7.2712446E+3 1.0203475E+0
7.2731736E+3 1.0216185E+0
7.2752383E+3 1.0222369E+0
7.2772144E+3 1.0215790E+0
7.2792365E+3 1.0207884E+0
7.2812149E+3 1.0188144E+0
7.2832394E+3 1.0169306E+0
7.2852200E+3 1.0155253E+0
7.2872468E+3 1.0119590E+0
7.2892297E+3 1.0099237E+0
7.2912137E+3 1.0062968E+0
7.2932440E+3 1.0040715E+0
7.2952303E+3 1.0023983E+0
7.2972177E+3 9.9889564E-1
7.2992063E+3 9.9703612E-1
7.3012412E+3 9.9577429E-1
7.3032320E+3 9.9359343E-1
7.3052239E+3 9.9269511E-1
7.3072170E+3 9.9192308E-1
7.3092113E+3 9.9224723E-1
7.3112066E+3 9.9210618E-1
7.3132031E+3 9.9177944E-1
7.3152915E+3 9.9290577E-1
7.3171995E+3 9.9370260E-1
7.3192448E+3 9.9454059E-1
7.3212459E+3 9.9497944E-1
7.3232026E+3 9.9627433E-1
7.3252059E+3 9.9757627E-1
7.3272103E+3 9.9833080E-1
7.3292159E+3 9.9830449E-1
7.3312226E+3 9.9801713E-1
7.3332305E+3 9.9730757E-1
7.3352395E+3 9.9763199E-1
7.3372040E+3 9.9824298E-1
7.3392153E+3 9.9744097E-1
7.3412277E+3 9.9544239E-1
7.3432413E+3 9.9544426E-1
7.3452102E+3 9.9451450E-1
7.3472261E+3 9.9414417E-1
7.3492431E+3 9.9327910E-1
7.3512154E+3 9.9303389E-1
7.3532346E+3 9.9137381E-1
7.3552091E+3 9.9221332E-1
7.3572307E+3 9.9234859E-1
7.3592534E+3 9.9232783E-1
7.3612313E+3 9.9202157E-1
7.3632563E+3 9.9290243E-1
7.3652364E+3 9.9315669E-1
7.3672176E+3 9.9469204E-1
7.3691999E+3 9.9463644E-1
7.3712295E+3 9.9579129E-1
7.3732141E+3 9.9586186E-1
7.3752459E+3 9.9564047E-1
7.3772328E+3 9.9718809E-1
7.3792207E+3 9.9735126E-1
7.3812097E+3 9.9725131E-1
7.3831999E+3 9.9643685E-1
7.3852375E+3 9.9882704E-1
7.3872299E+3 9.9876875E-1
7.3892234E+3 9.9892504E-1
7.3912181E+3 1.0005751E+0
7.3932138E+3 1.0003704E+0
7.3952107E+3 1.0004092E+0
7.3972088E+3 1.0013379E+0
7.3992079E+3 1.0009220E+0
7.4012081E+3 1.0023074E+0
7.4032095E+3 1.0009116E+0
7.4052120E+3 9.9993370E-1
7.4072157E+3 9.9970967E-1
7.4092204E+3 1.0003795E+0
7.4112263E+3 9.9984972E-1
