#%Name: Esseneite powder average
#%Formula: CaFeAlSiO6
#%Mineral class: silicate
#%Xtal system: Monoclinic  
#%Edge: K
#%Sample prep: powder on Kapton tape
#%Beamline: ALS 10.3.2, HxV slits = 200x20 um
#%Det:  I0=N2, Fluorescence mode (Ge solid state 7elts)
#%Ref/notes:  from MRC, CA-USA. XRD confirmed
#%Temp: Room temp (28C)
#%Time&date: 4:14 AM 2/25/2007. Sirine C. Fakra, Matthew A. Marcus
#%============================================================
7.0105910E+3 1.5143856E-3
7.0155907E+3 1.4398206E-3
7.0205905E+3 1.5734046E-3
7.0255903E+3 1.4749960E-3
7.0305900E+3 1.6237469E-3
7.0355898E+3 1.6744567E-3
7.0405896E+3 1.6134879E-3
7.0455893E+3 1.8417519E-3
7.0505891E+3 2.0489578E-3
7.0555888E+3 2.0745406E-3
7.0605886E+3 2.2927024E-3
7.0655884E+3 2.5174802E-3
7.0705881E+3 2.7843721E-3
7.0755879E+3 3.3043622E-3
7.0805877E+3 4.0257348E-3
7.0855874E+3 4.4339910E-3
7.0905872E+3 5.3620282E-3
7.0955869E+3 6.7100337E-3
7.0960869E+3 6.9109430E-3
7.0965869E+3 6.9620073E-3
7.0970869E+3 7.1346597E-3
7.0975868E+3 7.1423528E-3
7.0980868E+3 7.4301135E-3
7.0985868E+3 7.4710747E-3
7.0990868E+3 7.7837905E-3
7.0995867E+3 7.7158309E-3
7.1000867E+3 8.1528321E-3
7.1005867E+3 8.2594594E-3
7.1010867E+3 8.6541269E-3
7.1015867E+3 8.8454238E-3
7.1020866E+3 9.1969839E-3
7.1025866E+3 9.2871815E-3
7.1030866E+3 9.8010036E-3
7.1035866E+3 9.8626601E-3
7.1040865E+3 1.0415378E-2
7.1045865E+3 1.0652372E-2
7.1050865E+3 1.1174474E-2
7.1055865E+3 1.1527103E-2
7.1060864E+3 1.1897981E-2
7.1065864E+3 1.2625650E-2
7.1070864E+3 1.3064672E-2
7.1075864E+3 1.3540161E-2
7.1080863E+3 1.4321200E-2
7.1085863E+3 1.4947289E-2
7.1090863E+3 1.5963088E-2
7.1095863E+3 1.7221448E-2
7.1100862E+3 1.8724405E-2
7.1105862E+3 2.1264941E-2
7.1110862E+3 2.4636709E-2
7.1115862E+3 3.1108026E-2
7.1120861E+3 4.1838897E-2
7.1125861E+3 5.5550242E-2
7.1130861E+3 6.9698701E-2
7.1135861E+3 7.8690498E-2
7.1140861E+3 7.6520417E-2
7.1145860E+3 6.4874219E-2
7.1150860E+3 5.2277661E-2
7.1155860E+3 4.5663122E-2
7.1160860E+3 4.4012062E-2
7.1165859E+3 4.6121326E-2
7.1170859E+3 4.9044198E-2
7.1175859E+3 5.3091993E-2
7.1180859E+3 5.9186994E-2
7.1185858E+3 6.7958418E-2
7.1190858E+3 8.1285379E-2
7.1195858E+3 1.0009334E-1
7.1200858E+3 1.2861677E-1
7.1205857E+3 1.6567574E-1
7.1210857E+3 2.0602602E-1
7.1215857E+3 2.5471702E-1
7.1220857E+3 3.0754567E-1
7.1225856E+3 3.6954124E-1
7.1230856E+3 4.2954425E-1
7.1235856E+3 4.8255120E-1
7.1240856E+3 5.4078599E-1
7.1245855E+3 6.0897344E-1
7.1250855E+3 6.8291359E-1
7.1255855E+3 7.8113020E-1
7.1260855E+3 8.7586851E-1
7.1265855E+3 9.8226395E-1
7.1270854E+3 1.0808486E+0
7.1275854E+3 1.1568402E+0
7.1280854E+3 1.2137159E+0
7.1285854E+3 1.2420935E+0
7.1290853E+3 1.2582497E+0
7.1295853E+3 1.2629182E+0
7.1300853E+3 1.2694293E+0
7.1305853E+3 1.2961539E+0
7.1310852E+3 1.3423421E+0
7.1315852E+3 1.4023097E+0
7.1320852E+3 1.4454502E+0
7.1325852E+3 1.4632598E+0
7.1330851E+3 1.4487843E+0
7.1335851E+3 1.4193798E+0
7.1340851E+3 1.3832869E+0
7.1345851E+3 1.3484354E+0
7.1350850E+3 1.3199245E+0
7.1355850E+3 1.2978570E+0
7.1360850E+3 1.2803113E+0
7.1365850E+3 1.2586107E+0
7.1370849E+3 1.2397816E+0
7.1375849E+3 1.2195174E+0
7.1380849E+3 1.2051463E+0
7.1385849E+3 1.1912326E+0
7.1390848E+3 1.1798390E+0
7.1395848E+3 1.1698803E+0
7.1400848E+3 1.1645274E+0
7.1405848E+3 1.1531333E+0
7.1415847E+3 1.1226628E+0
7.1425847E+3 1.0976190E+0
7.1435846E+3 1.0817770E+0
7.1445846E+3 1.0806594E+0
7.1455845E+3 1.0824536E+0
7.1465845E+3 1.0768869E+0
7.1475844E+3 1.0623200E+0
7.1485844E+3 1.0385734E+0
7.1495843E+3 1.0092727E+0
7.1505843E+3 9.8266010E-1
7.1515842E+3 9.5747035E-1
7.1525842E+3 9.3395759E-1
7.1535841E+3 9.1106752E-1
7.1545841E+3 8.8917167E-1
7.1555841E+3 8.6996781E-1
7.1565840E+3 8.5481081E-1
7.1575840E+3 8.4052174E-1
7.1585839E+3 8.2961961E-1
7.1595839E+3 8.2138835E-1
7.1605838E+3 8.1806977E-1
7.1615838E+3 8.2006703E-1
7.1625837E+3 8.2784500E-1
7.1635837E+3 8.3894260E-1
7.1645836E+3 8.5635951E-1
7.1655836E+3 8.7599400E-1
7.1665835E+3 8.9346368E-1
7.1675835E+3 9.1156005E-1
7.1685834E+3 9.2817251E-1
7.1695834E+3 9.4299721E-1
7.1705833E+3 9.5787891E-1
7.1715833E+3 9.6756933E-1
7.1725832E+3 9.7855104E-1
7.1735832E+3 9.9032662E-1
7.1745831E+3 1.0041466E+0
7.1755831E+3 1.0119300E+0
7.1765830E+3 1.0189539E+0
7.1775830E+3 1.0240493E+0
7.1785829E+3 1.0292662E+0
7.1795829E+3 1.0311150E+0
7.1805828E+3 1.0334216E+0
7.1815828E+3 1.0337408E+0
7.1825827E+3 1.0356964E+0
7.1835827E+3 1.0364724E+0
7.1845826E+3 1.0358764E+0
7.1855826E+3 1.0383302E+0
7.1865826E+3 1.0404485E+0
7.1875825E+3 1.0399946E+0
7.1885825E+3 1.0408882E+0
7.1895824E+3 1.0410868E+0
7.1905824E+3 1.0396239E+0
7.1915823E+3 1.0374004E+0
7.1925823E+3 1.0349994E+0
7.1935822E+3 1.0304569E+0
7.1945822E+3 1.0291151E+0
7.1955821E+3 1.0273175E+0
7.1965821E+3 1.0251485E+0
7.1975820E+3 1.0230627E+0
7.1985820E+3 1.0224525E+0
7.1995819E+3 1.0191852E+0
7.2005819E+3 1.0165162E+0
7.2015818E+3 1.0164442E+0
7.2025818E+3 1.0148325E+0
7.2035817E+3 1.0122145E+0
7.2045817E+3 1.0098392E+0
7.2055816E+3 1.0051785E+0
7.2065816E+3 1.0051030E+0
7.2075815E+3 1.0032777E+0
7.2085815E+3 1.0031567E+0
7.2095814E+3 1.0017187E+0
7.2105814E+3 1.0002800E+0
7.2126230E+3 9.9752363E-1
7.2146645E+3 9.9364690E-1
7.2167061E+3 9.9089493E-1
7.2187477E+3 9.8933965E-1
7.2207892E+3 9.8633464E-1
7.2228308E+3 9.8426941E-1
7.2248724E+3 9.8373101E-1
7.2269139E+3 9.8017153E-1
7.2289555E+3 9.7816780E-1
7.2309971E+3 9.7604858E-1
7.2330386E+3 9.7568222E-1
7.2350802E+3 9.7632602E-1
7.2371218E+3 9.7559491E-1
7.2391633E+3 9.7613081E-1
7.2412049E+3 9.7811481E-1
7.2432465E+3 9.8192492E-1
7.2452880E+3 9.8584750E-1
7.2473296E+3 9.9006286E-1
7.2493712E+3 9.9441624E-1
7.2514127E+3 9.9808161E-1
7.2534543E+3 1.0024801E+0
7.2554959E+3 1.0036818E+0
7.2575374E+3 1.0076137E+0
7.2595790E+3 1.0090086E+0
7.2600790E+3 1.0088997E+0
7.2605789E+3 1.0075051E+0
7.2610789E+3 1.0074123E+0
7.2615789E+3 1.0090422E+0
7.2620789E+3 1.0087326E+0
7.2625788E+3 1.0094906E+0
7.2630788E+3 1.0059525E+0
7.2635788E+3 1.0042268E+0
7.2640788E+3 1.0061973E+0
7.2645787E+3 1.0103115E+0
7.2650787E+3 1.0110251E+0
7.2655787E+3 1.0091320E+0
7.2660787E+3 1.0089495E+0
7.2665787E+3 1.0091783E+0
7.2670786E+3 1.0102415E+0
7.2675786E+3 1.0097206E+0
7.2680786E+3 1.0089706E+0
7.2685786E+3 1.0091334E+0
7.2690785E+3 1.0090759E+0
7.2695785E+3 1.0084389E+0
7.2745783E+3 1.0097775E+0
7.2795780E+3 1.0105798E+0
7.2845778E+3 1.0106770E+0
7.2895775E+3 1.0076329E+0
7.2945773E+3 1.0048762E+0
7.2995770E+3 1.0016045E+0
7.3045768E+3 9.9736131E-1
7.3095765E+3 9.9542147E-1
7.3145763E+3 9.9776177E-1
7.3195760E+3 1.0011858E+0
7.3245758E+3 1.0013124E+0
7.3295755E+3 1.0014129E+0
7.3345753E+3 9.9864721E-1
7.3395751E+3 9.9699727E-1
7.3445748E+3 9.9421646E-1
7.3495746E+3 9.9598409E-1
7.3545743E+3 9.9442444E-1
7.3595741E+3 9.9401483E-1
7.3645738E+3 9.9704751E-1
7.3695736E+3 9.9676602E-1
7.3745733E+3 9.9775191E-1
7.3795731E+3 1.0018441E+0
7.3845728E+3 9.9989276E-1
7.3895726E+3 1.0018628E+0
