#%Name: goethite
#%Formula: α-FeO(OH)
#%Mineral class: oxy-hydroxides
#%Xtal system: Orthorhombic 
#%Edge: K
#%Sample prep: powder on kapton tape
#%Beamline: ALS 10.3.2, HxV slits = 200x20 um
#%Det:  I0=N2, transmission mode
#%Ref/notes: from Chemplex, average of several scans 
#%Temp: Room temp (28C)
#%Time&date: 5:23 PM 06/04/2024. Sirine C. Fakra
#%============================================================
7011.22581582	0.000128071166025385
7012.22622182	-0.000217412364405259
7013.22662782	-2.948352014362e-05
7014.22703382	-1.11376858899133e-05
7015.22743982	-0.000222459844599903
7016.22784482	0.000320196726455572
7017.22825082	0.00043055555734126
7018.22865682	0.000507709089319784
7019.22906282	0.000232713465332493
7020.22946882	-0.00156571392742442
7021.22987482	-9.99542612248263e-05
7022.23027982	-0.000136515501901439
7023.23068582	-0.000322086105052257
7024.23109182	0.000248436270099783
7025.23149782	-2.04300104650325e-05
7026.23190382	0.000622164165414807
7027.23230982	0.000610649001342617
7028.23271582	0.000516795450608206
7029.23312082	0.000325294177300556
7030.23352682	-0.000277826442706459
7031.23393282	-0.000536099150299196
7032.23433882	-0.000644046987144295
7033.23474482	7.95231509685442e-05
7034.23515082	-7.37477346258223e-05
7035.23555582	-3.62089150781704e-05
7036.23596182	-0.000250574189588696
7037.23636782	-5.2398785731089e-05
7038.23677381	0.000300711815542425
7039.23717982	-0.000305428737653317
7040.23758582	-0.000423825843074007
7041.23799082	0.000370236567294557
7042.23839682	-2.52447564434211e-05
7043.23880282	0.00045260985425831
7044.23920882	0.000143349797356522
7045.23961482	0.000155621237834879
7046.24002082	0.000227279983858426
7047.24042682	1.84594549533876e-05
7048.24083182	7.0562288728129e-05
7049.24123782	0.000241149703787032
7050.24164382	0.000115264835603429
7051.24204982	-3.57546884657946e-05
7052.24245582	-0.000517527740437634
7053.24286182	-0.000377816517626487
7054.24326682	0.000158797389055791
7055.24367282	-0.000332029988140573
7056.24407882	-9.25775870091493e-05
7057.24448482	0.000316483929356431
7058.24489082	0.000236764498577163
7059.24529682	-0.000396223674103289
7060.24570282	-0.000696633804741599
7061.24610782	-0.00076912599921005
7062.24651382	0.000379127424603633
7063.24691982	0.00030391377289685
7064.24732582	0.000319674471997864
7065.24773182	0.000553199686979869
7066.24813782	9.70099031527748e-05
7067.24854282	0.000944288338761957
7068.24894882	0.000647951815393586
7069.24935482	-0.000475790430516895
7070.24976082	-0.000113271269703758
7071.25016682	-9.45105325721042e-05
7072.25057282	-0.000663399889115432
7073.25097882	0.000356413581527978
7074.25138382	-0.000204332821114099
7075.25178982	-0.000650469887031174
7076.25219582	-0.000449635967256853
7077.25260182	-7.12433497540658e-06
7078.25300782	0.000135260281567535
7079.25341382	-0.000375761706780128
7080.25381882	5.36924499406265e-05
7081.25422482	3.62533012323972e-05
7082.25463082	0.000256075107212664
7083.25503682	0.000458114294350706
7084.25544282	0.000404327139381239
7085.25584882	0.000211577006511459
7086.25625382	0.000207542444423232
7087.25665982	0.000176893508269532
7088.25706582	-0.000190303387986288
7089.25747182	-0.000427392073174367
7090.25787782	2.29561840058942e-05
7091.25828382	-0.000104930758661551
7092.25868982	-0.000419672645400627
7093.25909482	-0.000292562155611939
7094.25950082	0.000306138389012433
7095.25990682	0.000106486132001717
7095.91010982	0.000115373999543595
7096.21010982	-0.000104915018974969
7096.51010982	0.000158951696385355
7096.81010982	8.94913092838684e-05
7097.11010982	0.00024026609870594
7097.41010982	-9.926584705072389e-05
7097.71010982	1.42755844935534e-05
7098.01010982	-0.000211618602498062
7098.31010982	-0.000636941492408227
7098.61010982	-0.000428466535428131
7098.91010982	-2.03744488167e-05
7099.21010982	-2.73266237826411e-05
7099.51010982	0.000157749448797438
7099.81010982	0.000173751139597594
7100.11010982	0.000194516566565138
7100.41010982	0.000305512417085837
7100.71010982	0.000488317766259587
7101.01010982	0.000214774019791674
7101.31010982	0.000374615147690453
7101.61010982	0.000564488404114519
7101.91010982	-0.000456257430184334
7102.21010982	4.59757488949781e-06
7102.51010982	0.000103486911039582
7102.81010982	-0.00034949326482963
7103.11010982	-0.000713504012522245
7103.41010982	-0.00057788293155572
7103.71010982	-0.000234782748301865
7104.01010982	0.000329225718902565
7104.31010982	0.000139123694063459
7104.61010982	0.000285082472556434
7104.91010982	3.92379377560406e-05
7105.21010982	-0.000259483971704281
7105.51010982	0.000258622833982683
7105.81010982	0.00101687656655117
7106.11010982	0.000782727279102754
7106.41010982	0.00105354663091241
7106.71010982	0.00109910894855791
7107.01010982	0.00114988901710044
7107.31010982	0.00116492602194904
7107.61010982	0.00150714802702944
7107.91010982	0.00187457698720419
7108.21010982	0.00217309179369469
7108.51010982	0.00273405909711722
7108.81010982	0.0037319005525649
7109.11010982	0.00371435506502089
7109.41010982	0.00379035413144471
7109.71010982	0.004035638317181
7110.01010982	0.00664783066241737
7110.31010982	0.00733247259709962
7110.61010982	0.008444110099638521
7110.91010982	0.0102341976719227
7111.21010982	0.0140107381556059
7111.51010982	0.0185056526219564
7111.81010982	0.0233321046325795
7112.11010982	0.0300687197016938
7112.41010982	0.0364705789076663
7112.71010982	0.0410685174656789
7113.01010982	0.0453277351900464
7113.31010982	0.0475249126532176
7113.61010982	0.0521114072887306
7113.91010982	0.0538019243203037
7114.21010982	0.0525077732817582
7114.51010982	0.049149258774417
7114.81010982	0.0459288050734942
7115.11010982	0.043097088127307
7115.41010982	0.0427896586122552
7115.71010982	0.0430024447151209
7116.01010982	0.0443132215816617
7116.31010982	0.0460172423024705
7116.61010982	0.0485059739059025
7116.91010982	0.0497305121723592
7117.21010982	0.0529664363640062
7117.51010982	0.054495040368306
7117.81010982	0.0575987380780316
7118.11010982	0.0604938528409177
7118.41010982	0.0649145911676821
7118.71010982	0.0696636881286966
7119.01010982	0.076905154586241
7119.31010982	0.08624672818990869
7119.61010982	0.0964678754642546
7119.91010982	0.108293092314342
7120.21010982	0.124182625578039
7120.51010982	0.143117268578487
7120.81010982	0.165489888917709
7121.11010982	0.190222591505169
7121.41010982	0.220342059335146
7121.71010982	0.255509115235095
7122.01010982	0.292357426660672
7122.31010982	0.328910183784761
7122.61010982	0.371087808481885
7122.91010982	0.410622873217647
7123.21010982	0.448713711343075
7123.51010982	0.48559058944878
7123.81010982	0.523281094501293
7124.11010982	0.564528973843349
7124.41010982	0.609170119486237
7124.71010982	0.654721426128739
7125.01010982	0.699741747763353
7125.31010982	0.748631187787241
7125.61010982	0.799186345536976
7125.91010982	0.853155401026654
7126.21010982	0.907423610823934
7126.51010982	0.9612993510062871
7126.81010982	1.01684614534647
7127.11010982	1.07117810970828
7127.41010982	1.12133464584261
7127.71010982	1.17349336473173
7128.01010982	1.22552352984348
7128.31010982	1.27147450497864
7128.61010982	1.31154424991082
7128.91010982	1.34407269161931
7129.21010982	1.36921190468816
7129.51010982	1.38572875824959
7129.81010982	1.39519106035721
7130.11010982	1.39986635639825
7130.41010982	1.40095112356955
7130.71010982	1.39710389646873
7131.01010982	1.39218294769707
7131.31010982	1.38730532754747
7131.61010982	1.38167737009126
7131.91010982	1.37785121537977
7132.21010982	1.37056366857951
7132.51010982	1.36757290521824
7132.81010982	1.36145149701919
7133.11010982	1.35673959744866
7133.41010982	1.34761646411804
7133.71010982	1.34028395879561
7134.01010982	1.33115499529117
7134.31010982	1.3218232585313
7134.61010982	1.31065916875768
7134.91010982	1.30371667545401
7135.21010982	1.29445950808254
7135.51010982	1.28817284856777
7135.81010982	1.28196221467646
7136.11010982	1.27332135744835
7136.41010982	1.2672904934677
7136.71010982	1.26050251681786
7137.01010982	1.25386898156903
7137.31010982	1.24567191791688
7137.61010982	1.23601092422399
7137.91010982	1.22400818509294
7138.21010982	1.21275937309328
7138.51010982	1.201172807829
7138.81010982	1.18951985793003
7139.11010982	1.1787170208172
7139.41010982	1.16817643090241
7139.71010982	1.15602600469229
7140.01010982	1.14753204399321
7140.31010982	1.13703180428604
7140.61010982	1.12975755566434
7141.26010982	1.11352846186034
7142.26010982	1.09279467245765
7143.26010982	1.07668337400519
7144.26010982	1.06482660409838
7145.26010982	1.05417364881894
7146.26010982	1.0427752948931
7147.26010982	1.02732006736176
7148.26010982	1.00669732775541
7149.26010982	0.980275385570114
7150.26010982	0.951959955388985
7151.26010982	0.925682757812141
7152.26010982	0.904167280011975
7153.26010982	0.886081682166616
7154.26010982	0.870706590711848
7155.26010982	0.857127302214756
7156.26010982	0.844848782560061
7157.26010982	0.835169015177778
7158.26010982	0.829026943360293
7159.26010982	0.825584546757085
7160.26010982	0.826269214291407
7161.26010982	0.829689784142977
7162.26010982	0.83746191089041
7163.26010982	0.846254433158703
7164.26010982	0.856304767893893
7165.26010982	0.870913227265608
7166.26010982	0.885910994837403
7167.26010982	0.901678236590327
7168.26010982	0.917572814837222
7169.26010982	0.9348731794317779
7170.26010982	0.952769594721314
7171.26010982	0.969416740292842
7172.26010982	0.986707614184276
7173.26010982	1.00472757336558
7174.26010982	1.02277641342795
7175.26010982	1.03658953899559
7176.26010982	1.04528752128716
7177.26010982	1.05002409722381
7178.26010982	1.05268667019243
7179.26010982	1.05340632322079
7180.26010982	1.05121607272613
7181.26010982	1.04965948267852
7182.26010982	1.04722523361515
7183.26010982	1.04467710167481
7184.26010982	1.04223502111642
7185.26010982	1.04312339324727
7186.26010982	1.04233162770243
7187.26010982	1.04281178479474
7188.26010982	1.04359526533248
7189.26010982	1.04193896488745
7190.26010982	1.0418845100062
7191.26010982	1.04123460836485
7192.26010982	1.04085136475557
7193.26010982	1.04036261180815
7194.26010982	1.0389123399937
7195.26010982	1.03897866564017
7196.26010982	1.03699684191588
7197.26010982	1.03564552009293
7198.26010982	1.03243892584383
7199.26010982	1.03007218249637
7200.26010982	1.02767720456134
7201.26010982	1.02634280823982
7202.26010982	1.02259212845432
7203.26010982	1.01961562727526
7204.26010982	1.01661994695745
7205.26010982	1.01300622506735
7206.26010982	1.00947757943754
7207.26010982	1.00535611191658
7208.26010982	1.00127184875322
7209.26010982	0.99752669580771
7210.26010982	0.993069334137082
7211.26260982	0.990539147196094
7212.26760982	0.989067057234391
7213.27260982	0.985576461304314
7214.27760982	0.984660170124848
7215.28260982	0.9829824707885531
7216.28760982	0.979310176802657
7217.29260982	0.978350289763753
7218.29760982	0.976067391685071
7219.30260982	0.9744810648207179
7220.30760982	0.974221156409079
7221.31260982	0.973873942382052
7222.31760982	0.976016006762746
7223.32260982	0.977304413605986
7224.32760982	0.978282562879505
7225.33260982	0.979788907816553
7226.33760982	0.981364089707738
7227.34260982	0.9832146984443551
7228.34760982	0.983071316457655
7229.35260982	0.984460716420271
7230.35760982	0.9836868100435709
7231.36260982	0.985440824126719
7232.36760982	0.987430239687821
7233.37260982	0.988905878062285
7234.37760982	0.990180381617734
7235.38260982	0.991957804367015
7236.38760982	0.993335623250108
7237.39260982	0.994086213833152
7238.39760982	0.994674222685293
7239.40260982	0.993401299611103
7240.40760982	0.994277857425664
7241.41260982	0.993969680989207
7242.41760982	0.993439582063351
7243.42260982	0.992873602627754
7244.42760982	0.994439088920904
7245.43260982	0.992362819399098
7246.43760982	0.992882307140767
7247.44260982	0.992848974090613
7248.44760982	0.991604067261416
7249.45260982	0.993086160397519
7250.45760982	0.993321263605855
7251.46260982	0.994371928852311
7252.46760982	0.996626610246652
7253.47260982	0.997320902330103
7254.47760982	0.998466861259792
7255.48260982	0.997485214945548
7256.48760982	0.999684528166871
7257.49260982	1.00140194703022
7258.49760982	1.00297900880624
7259.50260982	1.00521023700762
7260.50760982	1.0047192463391
7261.16162482	1.00725226587164
7261.46465482	1.00893545505544
7261.76768582	1.00870384267334
7262.07071582	1.0040641323531
7262.37374582	1.00925019954127
7262.67677682	1.01187470522763
7262.97980682	1.01243801489297
7263.28283682	1.01347900391491
7263.58586782	1.01158641994777
7263.88889782	1.0034232474786
7264.19192782	1.00771359604338
7264.49495782	1.00413053098144
7264.79798882	1.00978550178272
7265.10101882	1.01029320318072
7265.40404882	1.00863360871391
7265.70707982	1.00868057211632
7266.01010982	1.00927548037012
7266.31313982	1.01537693346139
7266.61617082	1.01478827339805
7266.91920082	1.01234302488984
7267.22223082	1.01445703709243
7267.52526182	1.01576531424711
7267.82829182	1.01730171618439
7268.13132182	1.01519283793925
7268.43435182	1.01884947159701
7268.73738282	1.01724366920257
7269.04041282	1.01529827655796
7269.34344282	1.01743671321399
7269.64647382	1.01642791453948
7269.94950382	1.01608979905593
7270.25253382	1.01644101449778
7270.55556482	1.02341193884374
7270.85859482	1.01326355841793
7272.60960082	1.02084294066588
7275.80858282	1.02200273607695
7279.00756482	1.02194241623667
7282.20654682	1.02123171588944
7285.40552882	1.01617950446957
7288.60451082	1.00906835666894
7291.80349282	1.00308115351426
7295.00247482	0.999027064213688
7298.20145682	0.995907797035357
7301.40043882	0.993100892887784
7304.59942082	0.993011137403102
7307.79840282	0.993237360403708
7310.99738482	0.993390961777752
7314.19636682	0.991461563768652
7317.39534882	0.991757546656282
7320.59433082	0.992559714787507
7323.79331282	0.995286683390864
7326.99229482	0.99873876311878
7330.19127682	1.00146687588018
7333.39025882	1.00439847010498
7336.58924082	1.00831350954223
7339.78822282	1.00941593921054
7342.98720482	1.00910852953788
7346.18618682	1.00804058222375
7349.38516882	1.00534260226473
7352.58415082	1.00162211866846
7355.78313282	0.999139644435762
7358.98211482	0.996972858045909
7362.18109682	0.994826362015826
7365.38007882	0.994420484660096
7368.57906082	0.995464494436736
7371.77804282	0.995115962730215
7374.97702482	0.994862872845339
7378.17600682	0.994944182712009
7381.37498882	0.99506693493053
7384.57397082	0.995060725565359
7387.77295282	0.9957794310286781
7390.97193482	0.995565089136489
7394.17091682	0.995373684951926
7397.36989882	0.9951408440202349
7400.56888082	0.9944870473565059
7403.76786282	0.993189349630852
7406.96684482	0.993897777355006
7410.16582682	0.993066048333868
7413.36480882	0.991940890660471
7416.56379082	0.9915797878482679
