#%Name: Hematite
#%Formula: alpha-Fe2O3
#%Mineral class: oxides
#%Xtal system: trigonal 
#%Edge: K
#%Sample prep: powder mixed with DI water, air dried on Cu TEM grid, then plunged in liquid ethane and cryo-transfered. sample mounted at 40 deg.
#%Beamline: ALS 10.3.2. HxV slits = 50x20 um
#%Det:  I0=N2, Fluorescence mode, Amptek C2
#%Ref/notes:  Chemplex standard, average of three qxas scans, overabsorption corrected
#%Temp: -173 Celcius, pressure=1 10^-6 torr 
#%Time&date: 8:04 PM 3/29/2023. Sirine C. Fakra
#%============================================================
7011.14581582	-0.000406779559159397
7011.44581582	-0.000401880475769168
7011.74581582	-0.000394976439870079
7012.04581582	-0.000387522612663031
7012.34581582	-0.000380974155348923
7012.64581582	-0.000376786229128656
7012.94581582	-0.000376413743355985
7013.24581582	-0.000380900445300536
7013.54581582	-0.000389107500921045
7013.84581582	-0.0003981281999307
7014.14581582	-0.000404948204106485
7014.44581582	-0.00040741233202253
7014.74581582	-0.000406053617693717
7015.04581582	-0.000402115572674378
7015.34581582	-0.000398565977975865
7015.64581582	-0.000398119096529115
7015.94581582	-0.000401915236124024
7016.24581582	-0.000409202460567078
7016.54581582	-0.000415785763083917
7016.84581582	-0.000420103309249353
7017.14581582	-0.000421471188113916
7017.44581582	-0.000422500209583865
7017.74581582	-0.000422473806274592
7018.04581582	-0.000419218899643668
7018.34581582	-0.000410491250119675
7018.64581582	-0.00039827763576909
7018.94581582	-0.000387711597231395
7019.24581582	-0.000382943767796075
7019.54581582	-0.000383076998803728
7019.84581582	-0.000383546743743958
7020.14581582	-0.000380060620367213
7020.44581582	-0.000373431651792928
7020.74581582	-0.000368443247327164
7021.04581582	-0.00037018474075729
7021.34581582	-0.000379597631759155
7021.64581582	-0.00039098153094184
7021.94581582	-0.000397219906636757
7022.24581582	-0.000392831246268205
7022.54581582	-0.000379165272761886
7022.84581582	-0.000361351879850292
7023.14581582	-0.000344638160203418
7023.44581582	-0.000332762298285681
7023.74581582	-0.000327501844409402
7024.04581582	-0.000330232173830546
7024.34581582	-0.000340502172608835
7024.64581582	-0.000353025763493793
7024.94581582	-0.000360479179770398
7025.24581582	-0.000356872881866935
7025.54581582	-0.000343938011230142
7025.84581582	-0.000330001847634656
7026.14581582	-0.000323557052913971
7026.44581582	-0.000327979095780301
7026.74581582	-0.000337027878737756
7027.04581582	-0.000342379541475888
7027.34581582	-0.00033755587860938
7027.64581582	-0.000325905517694624
7027.94581582	-0.000316561848268074
7028.24581582	-0.000318345296148031
7028.54581582	-0.000332396579335561
7028.84581582	-0.000348731380820545
7029.14581582	-0.00035640116122396
7029.44581582	-0.000348185977301697
7029.74581582	-0.000331033569414582
7030.04581582	-0.000315644855224971
7030.34581582	-0.000312257434207577
7030.64581582	-0.000320138353976238
7030.94581582	-0.000330623072064961
7031.24581582	-0.000334719393779764
7031.54581582	-0.000329046136331211
7031.84581582	-0.000320793850527708
7032.14581582	-0.000318088992691531
7032.44581582	-0.000325956698242731
7032.74581582	-0.000338773004844726
7033.04581582	-0.000348151393407197
7033.34581582	-0.000347379614262447
7033.64581582	-0.000337506502011631
7033.94581582	-0.000324020319409218
7034.24581582	-0.000311841943059308
7034.54581582	-0.000302595505520095
7034.84581582	-0.000295465458921097
7035.14581582	-0.000289753628291453
7035.44581582	-0.000287168730644981
7035.74581582	-0.000288897223935393
7036.04581582	-0.000295501767392399
7036.34581582	-0.000305086106342165
7036.64581582	-0.000314006381002324
7036.94581582	-0.000319547560540525
7037.24581582	-0.000319906791648652
7037.54581582	-0.000315646026836137
7037.84581582	-0.000306897915837268
7038.14581582	-0.000293646002897117
7038.44581582	-0.000276248077426788
7038.74581582	-0.0002584598600974
7039.04581582	-0.000245034327496398
7039.34581582	-0.000239780509002275
7039.64581582	-0.000241460588595308
7039.94581582	-0.000245773584874705
7040.24581582	-0.000248726281166552
7040.54581582	-0.000248676630467028
7040.84581582	-0.000246206792381002
7041.14581582	-0.00024203094066885
7041.44581582	-0.000236873959480878
7041.74581582	-0.000233884090049115
7042.04581582	-0.000236975958253183
7042.34581582	-0.000249251794076597
7042.64581582	-0.000266859780419514
7042.94581582	-0.000281224064023943
7043.24581582	-0.000284172172410523
7043.54581582	-0.000274059573681964
7043.84581582	-0.000258276988550712
7044.14581582	-0.000244953469495015
7044.44581582	-0.000239096992247806
7044.74581582	-0.000236686339661675
7045.04581582	-0.000231346365143174
7045.34581582	-0.000218228084403153
7045.64581582	-0.000200351868340287
7045.94581582	-0.000185529764120935
7046.24581582	-0.000180633307325405
7046.54581582	-0.000186236980132815
7046.84581582	-0.00019723785537752
7047.14581582	-0.0002084655830446
7047.44581582	-0.000218615328545135
7047.74581582	-0.000227014434818977
7048.04581582	-0.000232433367939877
7048.34581582	-0.000230926410640611
7048.64581582	-0.000219650416468851
7048.94581582	-0.000199392903262983
7049.24581582	-0.000173058159366543
7049.54581582	-0.000149054254784709
7049.84581582	-0.000134442177663407
7050.14581582	-0.000135149871877183
7050.44581582	-0.000148345389844626
7050.74581582	-0.000164249217206409
7051.04581582	-0.000172491577895222
7051.34581582	-0.000167899628095813
7051.64581582	-0.000156435051660328
7051.94581582	-0.00014780828316556
7052.24581582	-0.000150283421138186
7052.54581582	-0.000162863186471359
7052.84581582	-0.000176145374295615
7053.14581582	-0.000180240880392723
7053.44581582	-0.000169701696579598
7053.74581582	-0.000148758162498133
7054.04581582	-0.000124037511151205
7054.34581582	-0.000101134657586432
7054.64581582	-8.30700515598795e-05
7054.94581582	-7.182390438262811e-05
7055.24581582	-6.95092064371795e-05
7055.54581582	-7.582579437019891e-05
7055.84581582	-8.501031639097059e-05
7056.14581582	-9.07013690128211e-05
7056.44581582	-8.8234624925748e-05
7056.74581582	-8.12212000409612e-05
7057.04581582	-7.57618448334868e-05
7057.34581582	-7.77302771566079e-05
7057.64581582	-8.775122976851879e-05
7057.94581582	-0.000102316846221102
7058.24581582	-0.000117055749683167
7058.54581582	-0.000126076336257624
7058.84581582	-0.000125202852421781
7059.14581582	-0.000110897318074295
7059.44581582	-8.44002305276041e-05
7059.74581582	-5.31149898961701e-05
7060.04581582	-2.56099576829746e-05
7060.34581582	-9.230052019502239e-06
7060.64581582	-4.75060938495104e-06
7060.94581582	-8.75230565915035e-06
7061.24581582	-1.71159821242951e-05
7061.54581582	-2.5218471348667e-05
7061.84581582	-3.1154265888097e-05
7062.14581582	-3.3429411256963e-05
7062.44581582	-3.13082372664745e-05
7062.74581582	-2.50840750567843e-05
7063.04581582	-1.53017411785824e-05
7063.34581582	-4.61286865396065e-06
7063.64581582	3.49234036895681e-06
7063.94581582	7.1622379585631e-06
7064.24581582	5.94411524651103e-06
7064.54581582	3.80440251053252e-06
7064.84581582	4.73263187752272e-06
7065.14581582	1.24168052560506e-05
7065.44581582	2.7484306762274e-05
7065.74581582	4.35051111652491e-05
7066.04581582	5.22005177494002e-05
7066.34581582	4.64586606346468e-05
7066.64581582	3.0755908886913e-05
7066.94581582	1.81981744757089e-05
7067.24581582	2.13307122385458e-05
7067.54581582	4.28517179491422e-05
7067.84581582	7.128840820514179e-05
7068.14581582	9.38859714983416e-05
7068.44581582	0.000102304997161728
7068.74581582	9.92715888878402e-05
7069.04581582	9.053034186541869e-05
7069.34581582	8.16623095471793e-05
7069.64581582	7.45566644426655e-05
7069.94581582	6.80887992938517e-05
7070.24581582	6.10533989595372e-05
7070.54581582	5.38889129453925e-05
7070.84581582	5.02716322893026e-05
7071.14581582	5.38724691274966e-05
7071.44581582	6.386255908086029e-05
7071.74581582	7.48927807333344e-05
7072.04581582	8.10256252901133e-05
7072.34581582	8.06075857044562e-05
7072.64581582	7.8777765482198e-05
7072.94581582	8.15478689919e-05
7073.24581582	9.32349234883966e-05
7073.54581582	0.000110973156645414
7073.84581582	0.000129072253828183
7074.14581582	0.000142149161864843
7074.44581582	0.000149951662459976
7074.74581582	0.000155882756907552
7075.04581582	0.000163507423908385
7075.34581582	0.000173669586666511
7075.64581582	0.000183867275072487
7075.94581582	0.000191930322083249
7076.24581582	0.000196655878410383
7076.54581582	0.000200330986919586
7076.84581582	0.00020573368808052
7077.14581582	0.000215182593264848
7077.44581582	0.000226291127998289
7077.74581582	0.000233479179963346
7078.04581582	0.000231124811623819
7078.34581582	0.000218567133014603
7078.64581582	0.000203383355134277
7078.94581582	0.000194389771446514
7079.24581582	0.000198130023037289
7079.54581582	0.000211599552885515
7079.84581582	0.000228512740872211
7080.14581582	0.000242803155688562
7080.44581582	0.000252351779738217
7080.74581582	0.000257529259056093
7081.04581582	0.000258748183377333
7081.34581582	0.000257248553852259
7081.64581582	0.00025600092429048
7081.94581582	0.000258496173940873
7082.24581582	0.000267497925470748
7082.54581582	0.000282508011379341
7082.84581582	0.000301653583326365
7083.14581582	0.000322839543130986
7083.44581582	0.000342630482629076
7083.74581582	0.000358399368478565
7084.04581582	0.000368200724584142
7084.34581582	0.000373756668723628
7084.64581582	0.000378935847567569
7084.94581582	0.000384844871209414
7085.24581582	0.000390577768813472
7085.54581582	0.00039004489475578
7085.84581582	0.00038049854653822
7086.14581582	0.000360232519345059
7086.44581582	0.000332406074712298
7086.74581582	0.00030420124628423
7087.04581582	0.000283168329671923
7087.34581582	0.000275959964718417
7087.64581582	0.000282480013238303
7087.94581582	0.000297588563383265
7088.24581582	0.000314833020479377
7088.54581582	0.000327835763648834
7088.84581582	0.000339131609712821
7089.14581582	0.000353375119537208
7089.44581582	0.000381956148342096
7089.74581582	0.000422789733448887
7090.04581582	0.000466831880884753
7090.34581582	0.000499142677898951
7090.64581582	0.000520193276200536
7090.94581582	0.000552709880008338
7091.24581582	0.000620707263063522
7091.54581582	0.00073399601480214
7091.84581582	0.0008679791123959219
7092.14581582	0.0009941326811342549
7092.44581582	0.00109322731529138
7092.74581582	0.0011708602536662
7093.04581582	0.0012399859188135
7093.34581582	0.00131112157046286
7093.64581582	0.00138626281632215
7093.94581582	0.00146273334896464
7094.24581582	0.00153730865770942
7094.54581582	0.0016034193683934
7094.84581582	0.00165050319781671
7095.14581582	0.00166813473680535
7095.44581582	0.00167015017528894
7095.74581582	0.00176979505636595
7096.04581582	0.00202632499612518
7096.34581582	0.00217884186317056
7096.64581582	0.00247654653995262
7096.94581582	0.00251729886748365
7097.24581582	0.00253578640733829
7097.54581582	0.00238120149747594
7097.84581582	0.00267633149322804
7098.14581582	0.00277405950472933
7098.44581582	0.00307294581741021
7098.74581582	0.00308969155035742
7099.04581582	0.00320592199852374
7099.34581582	0.00348014089081186
7099.64581582	0.00366730634111718
7099.94581582	0.00370149136442963
7100.24581582	0.00380397720985694
7100.54581582	0.00405236854701442
7100.84581582	0.00434604471050229
7101.14581582	0.00446040735977656
7101.44581582	0.00455590580444137
7101.74581582	0.00490442363196682
7102.04581582	0.00500829283217361
7102.34581582	0.00502775903680189
7102.64581582	0.00508369057977282
7102.94581582	0.00552143641944891
7103.24581582	0.00552396663472459
7103.54581582	0.00580144567571658
7103.84581582	0.00613275919720131
7104.14581582	0.00667211881465398
7104.44581582	0.00667980793154926
7104.74581582	0.00695627173216455
7105.04581582	0.00694187369622951
7105.34581582	0.00727577129018603
7105.64581582	0.00768729145835645
7105.94581582	0.008075107629403829
7106.24581582	0.008148462994069889
7106.54581582	0.008719182680633739
7106.84581582	0.0091706318408046
7107.14581582	0.00968888677668114
7107.44581582	0.0100599698024171
7107.74581582	0.0103007770969019
7108.04581582	0.0106377857687473
7108.34581582	0.0113006421456589
7108.64581582	0.0120972903356785
7108.94581582	0.0126963159974008
7109.24581582	0.0137963865325372
7109.54581582	0.014492469611984
7109.84581582	0.0154344426941093
7110.14581582	0.0167824096070142
7110.44581582	0.0186597716797914
7110.74581582	0.0204394377322271
7111.04581582	0.0237421468522917
7111.34581582	0.0284928059170836
7111.64581582	0.0348109054040894
7111.94581582	0.0431613558312382
7112.24581582	0.0498909965707119
7112.54581582	0.0545449552772116
7112.84581582	0.0588778516814307
7113.14581582	0.0622008342179496
7113.44581582	0.0699375726301005
7113.74581582	0.0710195556251848
7114.04581582	0.0719396529385295
7114.34581582	0.0694871939000366
7114.64581582	0.0673564427987151
7114.94581582	0.06532830310316361
7115.24581582	0.0661888063189128
7115.54581582	0.06662569677400131
7115.84581582	0.0699174160371895
7116.14581582	0.0707910813584649
7116.44581582	0.0735922067785789
7116.74581582	0.07380402849160821
7117.04581582	0.0748907652518422
7117.34581582	0.0759933702403208
7117.64581582	0.078196814372558
7117.94581582	0.08127753323936809
7118.24581582	0.0846021422670957
7118.54581582	0.0896201303662346
7118.84581582	0.0964648478723867
7119.14581582	0.103726720784766
7119.44581582	0.11415284467217
7119.74581582	0.130208644335685
7120.04581582	0.145496301642751
7120.34581582	0.167809228083826
7120.64581582	0.188107239001489
7120.94581582	0.221701106225277
7121.24581582	0.251039411667923
7121.54581582	0.293541230783166
7121.84581582	0.3322848190969
7122.14581582	0.389611742431503
7122.44581582	0.429860129807862
7122.74581582	0.484461325420292
7123.04581582	0.517423859328016
7123.34581582	0.559903810861958
7123.64581582	0.5964946672157661
7123.94581582	0.634592080818375
7124.24581582	0.668641912726777
7124.54581582	0.707081603370333
7124.84581582	0.759930010403202
7125.14581582	0.792468868365538
7125.44581582	0.856243195615492
7125.74581582	0.899294789224653
7126.04581582	0.966334672318654
7126.34581582	0.999805137824699
7126.64581582	1.05367063100565
7126.94581582	1.08451249128054
7127.24581582	1.14278671613601
7127.54581582	1.15313434731025
7127.84581582	1.20811793869932
7128.14581582	1.21939678216578
7128.44581582	1.25207946110337
7128.74581582	1.26016697135356
7129.04581582	1.27740194790554
7129.34581582	1.28311881081403
7129.64581582	1.29330972389065
7129.94581582	1.27925156751231
7130.24581582	1.28454327669874
7130.54581582	1.3042403081891
7130.84581582	1.29024990440571
7131.14581582	1.32247220625677
7131.44581582	1.32724967640698
7131.74581582	1.3514060943364
7132.04581582	1.3761018903705
7132.34581582	1.35890434256038
7132.64581582	1.36496169573401
7132.94581582	1.3901259501387
7133.24581582	1.35474365614892
7133.54581582	1.35967833334511
7133.84581582	1.3488066937382
7134.14581582	1.33276306601495
7134.44581582	1.33111689059468
7134.74581582	1.32371590642465
7135.04581582	1.28896826188211
7135.34581582	1.26725244759159
7135.64581582	1.26405314502003
7135.94581582	1.25560495117385
7136.24581582	1.25224679934185
7136.54581582	1.23563416190737
7136.84581582	1.23069194975759
7137.14581582	1.21775929216772
7137.44581582	1.22480052221736
7137.74581582	1.20570771796136
7138.04581582	1.19543301331101
7138.34581582	1.18503018428083
7138.64581582	1.17725236456812
7138.94581582	1.14982933066432
7139.24581582	1.15513966724519
7139.54581582	1.14511305359303
7139.84581582	1.11676101822938
7140.14581582	1.12228486901152
7140.44581582	1.11177018650254
7140.74581582	1.09829031176289
7141.04581582	1.08790123981062
7141.34581582	1.07747847160858
7141.64581582	1.06764929195725
7141.94581582	1.05905353446247
7142.24581582	1.05194355060125
7142.54581582	1.04554187477026
7142.84581582	1.03984402091339
7143.14581582	1.03502718501712
7143.44581582	1.03154620347899
7143.74581582	1.02958061916218
7144.04581582	1.02913277443062
7144.34581582	1.03033989695127
7144.64581582	1.03283971458347
7144.94581582	1.03560795762867
7145.24581582	1.03739015290184
7145.54581582	1.03715190974323
7145.84581582	1.03599380428907
7146.14581582	1.03540425155141
7146.44581582	1.03727323751995
7146.74581582	1.04045778099865
7147.04581582	1.0425012126757
7147.34581582	1.0404387221708
7147.64581582	1.033613144046
7147.94581582	1.02426225815322
7148.24581582	1.01499935047229
7148.54581582	1.00813521333835
7148.84581582	1.00312401176033
7149.14581582	0.998947108288842
7149.44581582	0.993995656180332
7149.74581582	0.987593870895185
7150.04581582	0.979594258033598
7150.34581582	0.970413757404151
7150.64581582	0.961341260883171
7150.94581582	0.953707819384608
7151.24581582	0.948565797839819
7151.54581582	0.945405383710784
7151.84581582	0.942558103966346
7152.14581582	0.938302387831237
7152.44581582	0.931865544614449
7152.74581582	0.924415488039486
7153.04581582	0.917644508592394
7153.34581582	0.913015171946793
7153.64581582	0.910296431742159
7153.94581582	0.9079710602908529
7154.24581582	0.904478320744747
7154.54581582	0.899040274205396
7154.84581582	0.892581462400755
7155.14581582	0.886256710249356
7155.44581582	0.881161399648873
7155.74581582	0.877264108883135
7156.04581582	0.874100377834432
7156.34581582	0.871085826349231
7156.64581582	0.867678490982408
7156.94581582	0.863542973754999
7157.24581582	0.858403786578065
7157.54581582	0.852634173490898
7157.84581582	0.84759176139588
7158.14581582	0.844744722992994
7158.44581582	0.845079244327109
7158.74581582	0.847331491178632
7159.04581582	0.849468958114843
7159.34581582	0.849524428791932
7159.64581582	0.847310908862477
7159.94581582	0.844238340751875
7160.24581582	0.841839259903671
7160.54581582	0.841206605668575
7160.84581582	0.841930746732321
7161.14581582	0.843355782177449
7161.44581582	0.8445000038082719
7161.74581582	0.845298717583263
7162.04581582	0.846139836085338
7162.34581582	0.8477834716457801
7162.64581582	0.850531292676292
7162.94581582	0.853732449654392
7163.24581582	0.85658794548937
7163.54581582	0.858427103946197
7163.84581582	0.859770170354897
7164.14581582	0.861305711378931
7164.44581582	0.8635648667436721
7164.74581582	0.866179961589929
7165.04581582	0.868470321932504
7165.34581582	0.869985646562339
7165.64581582	0.871291383263573
7165.94581582	0.873595434739328
7166.24581582	0.878026539514484
7166.54581582	0.884610094302935
7166.84581582	0.891783576781079
7167.14581582	0.897799079445303
7167.44581582	0.901306822186649
7167.74581582	0.903012613722585
7168.04581582	0.904337236267324
7168.34581582	0.906802407284645
7168.64581582	0.911002115494467
7168.94581582	0.9165106912222351
7169.24581582	0.92283557026463
7169.54581582	0.929553523300012
7169.84581582	0.936646600105684
7170.14581582	0.944118534067768
7170.44581582	0.951536978583703
7170.74581582	0.958136924256483
7171.04581582	0.963141992762087
7171.34581582	0.966422328592777
7171.64581582	0.9692134683422799
7171.94581582	0.973146139507252
7172.24581582	0.979553461064112
7172.54581582	0.988181822249328
7172.84581582	0.997809777829363
7173.14581582	1.00717968888834
7173.44581582	1.01557832734469
7173.74581582	1.02267334222889
7174.04581582	1.02814712650258
7174.34581582	1.03191303475264
7174.64581582	1.03500938223642
7174.94581582	1.03922021943204
7175.24581582	1.04607313514833
7175.54581582	1.05507204073024
7175.84581582	1.06359001224999
7176.14581582	1.06886962803111
7176.44581582	1.06981719330168
7176.74581582	1.06846862364665
7177.04581582	1.06766524365537
7177.34581582	1.06950258307717
7177.64581582	1.07356123219824
7177.94581582	1.07807535578634
7178.24581582	1.08141245371779
7178.54581582	1.08310937256209
7178.84581582	1.08382973856677
7179.14581582	1.0843575926241
7179.44581582	1.08535595697114
7179.74581582	1.08671585372218
7180.04581582	1.08804701580035
7180.34581582	1.08858716714966
7180.64581582	1.08807678613863
7180.94581582	1.08725091249546
7181.24581582	1.08714357135308
7181.54581582	1.08881958827152
7181.84581582	1.09130036777954
7182.14581582	1.09323865050407
7182.44581582	1.09286473559195
7182.74581582	1.09036946340772
7183.04581582	1.08683434399443
7183.34581582	1.08371299566885
7183.64581582	1.08180261486146
7183.94581582	1.08076084118655
7184.24581582	1.08005793074675
7184.54581582	1.07899204963485
7184.84581582	1.07766597601317
7185.14581582	1.07634737507316
7185.44581582	1.0756555742282
7185.74581582	1.07564659422848
7186.04581582	1.07605783713899
7186.34581582	1.07627449733074
7186.64581582	1.07592984880388
7186.94581582	1.07538246381856
7187.24581582	1.07516830740868
7187.54581582	1.07573233441862
7187.84581582	1.07611264810914
7188.14581582	1.07513721705841
7188.44581582	1.0719588054809
7188.74581582	1.06812993179183
7189.04581582	1.06606508165155
7189.34581582	1.06766631780017
7189.64581582	1.0718026398637
7189.94581582	1.07518020660428
7190.24581582	1.07474061399087
7190.54581582	1.07000379832121
7190.84581582	1.06361600335872
7191.14581582	1.05850559449151
7191.44581582	1.05630600086024
7191.74581582	1.05586689824469
7192.04581582	1.05527122397872
7192.34581582	1.0530354833293
7192.64581582	1.04933786551956
7192.94581582	1.04532825221995
7193.24581582	1.04209518045033
7193.54581582	1.04027273896533
7193.84581582	1.04024917176122
7194.14581582	1.04239473447162
7194.44581582	1.04674008290502
7194.74581582	1.0513758647093
7195.04581582	1.0537123180888
7195.34581582	1.05139365895178
7195.64581582	1.04487960711514
7195.94581582	1.0369743003396
7196.24581582	1.03049311224397
7196.54581582	1.02693787034064
7196.84581582	1.02550498513888
7197.14581582	1.02514484567974
7197.44581582	1.02524492741473
7197.74581582	1.02527333144082
7198.04581582	1.02461183869525
7198.34581582	1.02226567947447
7198.64581582	1.01809516037764
7198.94581582	1.0132960280053
7199.24581582	1.00933832328113
7199.54581582	1.00762262987244
7199.84581582	1.00757959823383
7200.14581582	1.00829421708936
7200.44581582	1.00838975735327
7200.74581582	1.0077049618663
7201.04581582	1.00668229588778
7201.34581582	1.00602404801117
7201.64581582	1.00588846756691
7201.94581582	1.00555678381524
7202.24581582	1.00421583538496
7202.54581582	1.0013335148023
7202.84581582	0.997493491456541
7203.14581582	0.993450744803776
7203.44581582	0.990074935686017
7203.74581582	0.987656023771095
7204.04581582	0.986220790230209
7204.34581582	0.985505057381694
7204.64581582	0.984897040098171
7204.94581582	0.983859891552617
7205.24581582	0.98203898878045
7205.54581582	0.979876610007721
7205.84581582	0.978111505349767
7206.14581582	0.977454660696974
7206.44581582	0.9780191941152711
7206.74581582	0.979027352119067
7207.04581582	0.979501345248777
7207.34581582	0.978537090423874
7207.64581582	0.976203997519653
7207.94581582	0.9733921660054911
7208.24581582	0.971174884698081
7208.54581582	0.970667539298348
7208.84581582	0.971828870939472
7209.14581582	0.974360811750536
7209.44581582	0.977029858878513
7209.74581582	0.978687580366273
7210.04581582	0.978470173015913
7210.34581582	0.97637053375503
7210.64581582	0.97389117461131
7210.94581582	0.972774436101114
7211.24581582	0.974414614169565
7211.54581582	0.978295367721427
7211.84581582	0.982628030545032
7212.14581582	0.98556258693103
7212.44581582	0.986086162678114
7212.74581582	0.984513558770562
7213.04581582	0.981481887362502
7213.34581582	0.977795901527714
7213.64581582	0.974629181241485
7213.94581582	0.973255875174171
7214.24581582	0.974723988058898
7214.54581582	0.978524584069641
7214.84581582	0.982763460038752
7215.14581582	0.985443222396973
7215.44581582	0.985631914859059
7215.74581582	0.984316466867461
7216.04581582	0.983015489222796
7216.34581582	0.982870670930638
7216.64581582	0.983923729663747
7216.94581582	0.98575003100362
7217.24581582	0.988014703373808
7217.54581582	0.990766218111324
7217.84581582	0.993546702544741
7218.14581582	0.995744310953072
7218.44581582	0.99648480115198
7218.74581582	0.996092960686992
7219.04581582	0.995691282820658
7219.34581582	0.996574193206583
7219.64581582	0.999045047926641
7219.94581582	1.00160204178586
7220.24581582	1.00258067311733
7220.54581582	1.00087613055144
7220.84581582	0.99810137613531
7221.14581582	0.996459834096415
7221.44581582	0.997870197173934
7221.74581582	1.00157529190328
7222.04581582	1.00529436768094
7222.34581582	1.00691839951025
7222.64581582	1.00605139879335
7222.94581582	1.0041880066566
7223.24581582	1.00287928269618
7223.54581582	1.00281721438012
7223.84581582	1.00367004577622
7224.14581582	1.00494682767389
7224.44581582	1.00650038286645
7224.74581582	1.00810037323577
7225.04581582	1.00917838178143
7225.34581582	1.00902977439862
7225.64581582	1.007318799322
7225.94581582	1.00497323788946
7226.24581582	1.00310100766415
7226.54581582	1.00289743546605
7226.84581582	1.00393375208456
7227.14581582	1.00523743108897
7227.44581582	1.00546041253142
7227.74581582	1.00410241580228
7228.04581582	1.00174911692026
7228.34581582	0.999272756979405
7228.64581582	0.997584766046445
7228.94581582	0.9960219669874
7229.24581582	0.99365767506466
7229.54581582	0.989362785779582
7229.84581582	0.984243475430729
7230.14581582	0.980279540424971
7230.44581582	0.979573935240767
7230.74581582	0.982227536110072
7231.04581582	0.9863165974088089
7231.34581582	0.989713644004913
7231.64581582	0.9906945584443611
7231.94581582	0.989580996020947
7232.24581582	0.987044225060567
7232.54581582	0.98440072499494
7232.84581582	0.982482686488737
7233.14581582	0.981725556493136
7233.44581582	0.982262441514525
7233.74581582	0.984023941052789
7234.04581582	0.987246034472111
7234.34581582	0.992091878159454
7234.64581582	0.997871965334864
7234.94581582	1.00272244885374
7235.24581582	1.00467211960832
7235.54581582	1.00282831939839
7235.84581582	0.998575665413438
7236.14581582	0.9940011902988219
7236.44581582	0.9909430619028859
7236.74581582	0.990126309243066
7237.04581582	0.991511747492191
7237.34581582	0.994894351119492
7237.64581582	0.9992925523427471
7237.94581582	1.00339289913602
7238.24581582	1.00593557848561
7238.54581582	1.00694890932079
7238.84581582	1.00740687616149
7239.14581582	1.00818029145597
7239.44581582	1.00932514071794
7239.74581582	1.00983072342567
7240.04581582	1.00958817726813
7240.34581582	1.00878538918171
7240.64581582	1.00849290641933
7240.94581582	1.00833035833201
7241.24581582	1.00747463760501
7241.54581582	1.0049668704557
7241.84581582	1.00109493785604
7242.14581582	0.997025160432116
7242.44581582	0.993774887284479
7242.74581582	0.991740287078455
7243.04581582	0.990969835693566
7243.34581582	0.991551884377054
7243.64581582	0.993620973290697
7243.94581582	0.995823446000242
7244.24581582	0.996385627374087
7244.54581582	0.993644256275486
7244.84581582	0.98865900032097
7245.14581582	0.984370497044246
7245.44581582	0.983666879144541
7245.74581582	0.986998365888747
7246.04581582	0.991048213916611
7246.34581582	0.992182983164957
7246.64581582	0.988055027896475
7246.94581582	0.980921959933824
7247.24581582	0.9742920070204401
7247.54581582	0.971467133347376
7247.84581582	0.972649943475811
7248.14581582	0.975713298403894
7248.44581582	0.978313291516655
7248.74581582	0.978694423429403
7249.04581582	0.977267847368635
7249.34581582	0.974789139287378
7249.64581582	0.972804203211685
7249.94581582	0.972425132824795
7250.24581582	0.974414650667602
7250.54581582	0.97868086349215
7250.84581582	0.983393847825394
7251.14581582	0.9862491182243029
7251.44581582	0.9852945514188149
7251.74581582	0.980916743539487
7252.04581582	0.975620483788709
7252.34581582	0.972065724261499
7252.64581582	0.971638177337981
7252.94581582	0.972845877230082
7253.24581582	0.97334867232472
7253.54581582	0.971265206627638
7253.84581582	0.967322553685051
7254.14581582	0.964198303002534
7254.44581582	0.964481676429234
7254.74581582	0.968849833738474
7255.04581582	0.974999179035913
7255.34581582	0.980240767589272
7255.64581582	0.982702913884398
7255.94581582	0.982969139177188
7256.24581582	0.982512074498925
7256.54581582	0.982750752365622
7256.84581582	0.984003788743311
7257.14581582	0.985409735840142
7257.44581582	0.9859371589443739
7257.74581582	0.98452357357451
7258.04581582	0.981631759659812
7258.34581582	0.9780866216405431
7258.64581582	0.975598824378292
7258.94581582	0.975966272619704
7259.24581582	0.980600619311086
7259.54581582	0.989929736075881
7259.84581582	0.999905468456588
7260.14581582	1.00328638401777
7260.44581582	0.993426806644238
7260.74581582	0.975364366169919
7261.04581582	0.97651846769784
7261.34581582	1.00080480477963
7261.64581582	0.997566726154733
7261.94581582	1.000000056457323
7262.24581582	1.01481988499581
7262.54581582	1.00004354622164
7262.84581582	1.01212790348815
7263.14581582	1.01652295157905
7263.44581582	1.01000674362624
7263.74581582	1.010005435646132
7264.04581582	0.9956547457275819
7264.34581582	1.000054613511146
7264.64581582	1.00824065054516
7264.94581582	1.00660180376505
7265.24581582	0.9851256457600019
7265.54581582	0.983274728971323
7265.84581582	0.993590305228046
7266.14581582	1.02043079236516
7266.44581582	1.01067453700956
7266.74581582	0.998681190588933
7267.04581582	0.988744044291373
7267.34581582	0.992255046733994
7267.64581582	0.989268017867424
7267.94581582	1.01102856891886
7268.24581582	1.00617469116354
7268.54581582	0.995652130750571
7268.84581582	1.00170777444241
7269.14581582	1.00259159529528
7269.44581582	1.0044740137753
7269.74581582	1.01830578752736
7270.04581582	0.996965731641197
7270.34581582	0.98677437393714
7270.64581582	1.01782978830863
7270.94581582	1.01184689619038
7271.24581582	1.00545896948659
7271.54581582	1.00031941846031
7271.84581582	0.996672369732537
7272.14581582	0.994761949924273
7272.44581582	0.994785866605859
7272.74581582	0.995922810583652
7273.04581582	0.997423282116382
7273.34581582	0.999190963173764
7273.64581582	1.00113723648382
7273.94581582	1.00317348477457
7274.24581582	1.00521109077404
7274.54581582	1.00716143721024
7274.84581582	1.00893590681121
7275.14581582	1.01044588230496
7275.44581582	1.01160274641952
7275.74581582	1.01234993927842
7276.04581582	1.01281126459719
7276.34581582	1.01306498387414
7276.64581582	1.01316040471025
7276.94581582	1.01314683470649
7277.24581582	1.01307358146383
7277.54581582	1.01298995258327
7277.84581582	1.01294525566578
7278.14581582	1.01298879831234
7278.44581582	1.01316988812392
7278.74581582	1.0135377638802
7279.04581582	1.01411485111109
7279.34581582	1.01486258489477
7279.64581582	1.01574097610179
7279.94581582	1.01671065647481
7280.24581582	1.01773225775652
7280.54581582	1.01876641168959
7280.84581582	1.01977375001671
7281.14581582	1.02071490448054
7281.44581582	1.02155050682376
7281.74581582	1.02224118878906
7282.04581582	1.02274819992271
7282.34581582	1.02305060321138
7282.64581582	1.02317215933851
7282.94581582	1.02315350512387
7283.24581582	1.02303543810741
7283.54581582	1.02285875582904
7283.84581582	1.02266425582871
7284.14581582	1.02249273564634
7284.44581582	1.02238499282185
7284.74581582	1.02238182489519
7285.04581582	1.02252402940627
7285.34581582	1.02285188453645
7285.64581582	1.02338674393628
7285.94581582	1.02409796754064
7286.24581582	1.0249445939332
7286.54581582	1.02588566169762
7286.84581582	1.02688020941759
7287.14581582	1.02788727567678
7287.44581582	1.02886589905886
7287.74581582	1.02977511814751
7288.04581582	1.03057397152639
7288.34581582	1.03122150374633
7288.64581582	1.03167947859821
7288.94581582	1.03194225458991
7289.24581582	1.03204054222606
7289.54581582	1.03200739204605
7289.84581582	1.03187585458922
7290.14581582	1.03167898039495
7290.44581582	1.03144982000259
7290.74581582	1.03122142395151
7291.04581582	1.03102684278106
7291.34581582	1.03089912703061
7291.64581582	1.03087096231319
7291.94581582	1.03096378439302
7292.24581582	1.0311637124142
7292.54581582	1.03144217000804
7292.84581582	1.03177045146137
7293.14581582	1.03211985106107
7293.44581582	1.03246166309398
7293.74581582	1.03276718184696
7294.04581582	1.03300770160687
7294.34581582	1.03315451666055
7294.64581582	1.03317892129487
7294.94581582	1.03305389129661
7295.24581582	1.03277129781195
7295.54581582	1.03235276145082
7295.84581582	1.03182493979489
7296.14581582	1.03121449042583
7296.44581582	1.03054807092531
7296.74581582	1.02985233887501
7297.04581582	1.02915395185661
7297.34581582	1.02847956745177
7297.64581582	1.02785584324217
7297.94581582	1.02730942496935
7298.24581582	1.02686302904493
7298.54581582	1.02651188616165
7298.84581582	1.02622574084949
7299.14581582	1.02597280414426
7299.44581582	1.02572128708179
7299.74581582	1.02543940069788
7300.04581582	1.02509535602837
7300.34581582	1.02465736410907
7300.64581582	1.02409363597579
7300.94581582	1.02337238266436
7301.24581582	1.02246211125126
7301.54581582	1.02134116964122
7301.84581582	1.02002419152035
7302.14581582	1.01854153682639
7302.44581582	1.01692369182689
7302.74581582	1.01520114278937
7303.04581582	1.01340437598139
7303.34581582	1.01156387767048
7303.64581582	1.00971013412418
7303.94581582	1.00787363161002
7304.24581582	1.00608485639556
7304.54581582	1.00437266830632
7304.84581582	1.00275133147505
7305.14581582	1.0012176347522
7305.44581582	0.9997657649352401
7305.74581582	0.998389908821628
7306.04581582	0.997084253208821
7306.34581582	0.995842984894275
7306.64581582	0.994660290675451
7306.94581582	0.993530357349805
7307.24581582	0.992447371714796
7307.54581582	0.991405546721655
7307.84581582	0.990405346289014
7308.14581582	0.989454455641625
7308.44581582	0.988553255911361
7308.74581582	0.987701559353401
7309.04581582	0.9868991782229229
7309.34581582	0.986145924775103
7309.64581582	0.98544161126512
7309.94581582	0.984786049948151
7310.24581582	0.984179053079374
7310.54581582	0.9836204329139649
7310.84581582	0.983109141537408
7311.14581582	0.98262822762298
7311.44581582	0.9821588331248891
7311.74581582	0.981688763044644
7312.04581582	0.981205876090411
7312.34581582	0.980698030970357
7312.64581582	0.980153086392648
7312.94581582	0.979558901065451
7313.24581582	0.9789033336969321
7313.54581582	0.978174242995259
7313.84581582	0.977359487668598
7314.14581582	0.976450884490364
7314.44581582	0.975462292080971
7314.74581582	0.974410492152778
7315.04581582	0.973311140692965
7315.34581582	0.9721798936887101
7315.64581582	0.971032407127193
7315.94581582	0.969884336995592
7316.24581582	0.968751339281087
7316.54581582	0.967649069970856
7316.84581582	0.966593185052079
7317.14581582	0.965599309963142
7317.44581582	0.964676552632086
7317.74581582	0.96382229221283
7318.04581582	0.963035562964161
7318.34581582	0.96231561208132
7318.64581582	0.961661686759547
7318.94581582	0.961073034194081
7319.24581582	0.960548901580164
7319.54581582	0.960088536113034
7319.84581582	0.959691184987932
7320.14581582	0.959356095400098
7320.44581582	0.9590827889433881
7320.74581582	0.958874661023264
7321.04581582	0.958727799420745
7321.34581582	0.95863254481132
7321.64581582	0.958579198773354
7321.94581582	0.9585580628852129
7322.24581582	0.9585594387252629
7322.54581582	0.9585736278718689
7322.84581582	0.9585909319033969
7323.14581582	0.958601652398212
7323.44581582	0.958596090934681
7323.74581582	0.9585636613642829
7324.04581582	0.958497156949263
7324.34581582	0.958412560960812
7324.64581582	0.958330381211277
7324.94581582	0.958271125513005
7325.24581582	0.9582553016783421
7325.54581582	0.958303417519637
7325.84581582	0.958435980849234
7326.14581582	0.958673499479482
7326.44581582	0.959036481222726
7326.74581582	0.959545451204155
7327.04581582	0.960223498364481
7327.34581582	0.961078624772103
7327.64581582	0.962094065830053
7327.94581582	0.963251628407117
7328.24581582	0.96453311937208
7328.54581582	0.965920345593729
7328.84581582	0.967395113940849
7329.14581582	0.968939231282227
7329.44581582	0.970534504486647
7329.74581582	0.972162740422897
7330.04581582	0.973805443345961
7330.34581582	0.975441026504417
7330.64581582	0.977063131974197
7330.94581582	0.978674786865531
7331.24581582	0.9802790745239079
7331.54581582	0.98187907829482
7331.84581582	0.983477881523755
7332.14581582	0.985078567556203
7332.44581582	0.986684219737655
7332.74581582	0.988297921413601
7333.04581582	0.9899227559295291
7333.34581582	0.9915615214990841
7333.64581582	0.993214243145356
7333.94581582	0.994877129336099
7334.24581582	0.996545821636706
7334.54581582	0.998215961612567
7334.84581582	0.999883190829073
7335.14581582	1.00154315085162
7335.44581582	1.00319148324559
7335.74581582	1.00482382957639
7336.04581582	1.00643583140939
7336.34581582	1.00802315097679
7336.64581582	1.00958474333844
7336.94581582	1.01112121970788
7337.24581582	1.01262768138513
7337.54581582	1.0140988865229
7337.84581582	1.01552959327386
7338.14581582	1.01691455979072
7338.44581582	1.01824854422616
7338.74581582	1.01952630473288
7339.04581582	1.02074259946356
7339.34581582	1.02189218657091
7339.64581582	1.02296950212008
7339.94581582	1.02396522460382
7340.24581582	1.0248804034635
7340.54581582	1.02572297124021
7340.84581582	1.02650089721631
7341.14581582	1.02722215067411
7341.44581582	1.02789470089597
7341.74581582	1.02852651716423
7342.04581582	1.02912556876121
7342.34581582	1.02969982496927
7342.64581582	1.03025725507073
7342.94581582	1.03080729215427
7343.24581582	1.0313596752787
7343.54581582	1.03190545163482
7343.84581582	1.03243202997331
7344.14581582	1.03292681904483
7344.44581582	1.03337722760006
7344.74581582	1.03377066438965
7345.04581582	1.03409453816429
7345.34581582	1.03433625767462
7345.64581582	1.03448323167133
7345.94581582	1.03452284494827
7346.24581582	1.03443950711565
7346.54581582	1.03422751530773
7346.84581582	1.03389920862488
7347.14581582	1.03346789064199
7347.44581582	1.03294686493396
7347.74581582	1.03234943507571
7348.04581582	1.03168890464214
7348.34581582	1.03097857720816
7348.64581582	1.03023175634866
7348.94581582	1.02946174563857
7349.24581582	1.02868240836449
7349.54581582	1.02791433345148
7349.84581582	1.02716489783972
7350.14581582	1.02643223112705
7350.44581582	1.02571441931734
7350.74581582	1.02500954841446
7351.04581582	1.0243157044223
7351.34581582	1.02363097334474
7351.64581582	1.02295344118565
7351.94581582	1.02228119394892
7352.24581582	1.02161231763842
7352.54581582	1.02094107073238
7352.84581582	1.02024893593992
7353.14581582	1.01953135140682
7353.44581582	1.01878717112581
7353.74581582	1.01801524908966
7354.04581582	1.01721443929112
7354.34581582	1.01638359572294
7354.64581582	1.01552157237787
7354.94581582	1.01462722324868
7355.24581582	1.01369940232812
7355.54581582	1.0127370441895
7355.84581582	1.01174961165551
7356.14581582	1.01075885352002
7356.44581582	1.00977896835574
7356.74581582	1.00882366126071
7357.04581582	1.00790663733299
7357.34581582	1.00704160167064
7357.64581582	1.00624225937171
7357.94581582	1.00552231553426
7358.24581582	1.00489547525634
7358.54581582	1.00437544363601
7358.84581582	1.00397495673868
7359.14581582	1.00369019146985
7359.44581582	1.00350014069601
7359.74581582	1.00338164772845
7360.04581582	1.0033115488155
7360.34581582	1.00326668020546
7360.64581582	1.00322387814664
7360.94581582	1.00315997888735
7361.24581582	1.0030518186759
7361.54581582	1.0028762337606
7361.84581582	1.00261006038976
7362.14581582	1.00223330563756
7362.44581582	1.00174571852822
7362.74581582	1.00116082286206
7363.04581582	1.00049348534469
7363.34581582	0.999758572681716
7363.64581582	0.998970951578746
7363.94581582	0.998145488741385
7364.24581582	0.99729705087524
7364.54581582	0.9964405046859171
7364.84581582	0.995590716879024
7365.14581582	0.994762497993819
7365.44581582	0.99396401064311
7365.74581582	0.993194990956324
7366.04581582	0.992458724058968
7366.34581582	0.9917587311485579
7366.64581582	0.99109853342261
7366.94581582	0.990481652078643
7367.24581582	0.989911608314173
7367.54581582	0.989391923326716
7367.84581582	0.98892611831379
7368.14581582	0.988517714472911
7368.44581582	0.988170721694045
7368.74581582	0.987893685644718
7369.04581582	0.987679326985647
7369.34581582	0.987511283248567
7369.64581582	0.987373159828705
7369.94581582	0.987248562121286
7370.24581582	0.987121095521536
7370.54581582	0.986974365424683
7370.84581582	0.986791977225952
7371.14581582	0.986557536320571
7371.44581582	0.986254648103764
7371.74581582	0.9858670577109661
7372.04581582	0.985388119261837
7372.34581582	0.9848339621746111
7372.64581582	0.984224194171347
7372.94581582	0.983578422974109
7373.24581582	0.982916256304956
7373.54581582	0.98225730188595
7373.84581582	0.981621167439152
7374.14581582	0.9810274606866241
7374.44581582	0.980495789350426
7374.74581582	0.980045723355975
7375.04581582	0.979692246183382
7375.34581582	0.9794327544846519
7375.64581582	0.979253974455888
7375.94581582	0.979142198486787
7376.24581582	0.979083718967044
7376.54581582	0.979064828286355
7376.84581582	0.979071818834415
7377.14581582	0.979090983000921
7377.44581582	0.979108613175569
7377.74581582	0.979111001748053
7378.04581582	0.9790847878348
7378.34581582	0.979022745589306
7378.64581582	0.978927522100679
7378.94581582	0.978804232994781
7379.24581582	0.9786580009307611
7379.54581582	0.9784939485677711
7379.84581582	0.97831719856496
7380.14581582	0.978132873581478
7380.44581582	0.977946096276474
7380.74581582	0.9777619893091
7381.04581582	0.977585675338504
7381.34581582	0.977421687861233
7381.64581582	0.977270389500516
7381.94581582	0.977128089682087
7382.24581582	0.976990623667931
7382.54581582	0.976853826720034
7382.84581582	0.976713534100381
7383.14581582	0.97656558107096
7383.44581582	0.976405802893755
7383.74581582	0.976230034830752
7384.04581582	0.976034112143937
7384.34581582	0.97581390897956
7384.64581582	0.975569314043974
7384.94581582	0.9753098534603
7385.24581582	0.975048237091141
7385.54581582	0.974797276608253
7385.84581582	0.97456978368339
7386.14581582	0.974378569988308
7386.44581582	0.974236447194762
7386.74581582	0.974156226974508
7387.04581582	0.974150720999302
7387.34581582	0.974232740940897
7387.64581582	0.9744142355998811
7387.94581582	0.974694122261226
7388.24581582	0.9750589528645029
7388.54581582	0.975493918947742
7388.84581582	0.975984209205696
7389.14581582	0.976515012333119
7389.44581582	0.977071517024765
7389.74581582	0.977638911975385
7390.04581582	0.978202385879734
7390.34581582	0.978747127432565
7390.64581582	0.979258325328631
7390.94581582	0.97972556375492
7391.24581582	0.980157008314304
7391.54581582	0.98056153416041
7391.84581582	0.9809472252245049
7392.14581582	0.981322165437858
7392.44581582	0.981694438731736
7392.74581582	0.982072129037408
7393.04581582	0.982463320286142
7393.34581582	0.982876096409207
7393.64581582	0.983318541337869
7393.94581582	0.983798576389993
7394.24581582	0.984309875292689
7394.54581582	0.984833583430381
7394.84581582	0.985361651530818
7395.14581582	0.985886576437749
7395.44581582	0.986400854994929
7395.74581582	0.98689698404611
7396.04581582	0.987367460435043
7396.34581582	0.987804781005482
7396.64581582	0.988201442601177
7396.94581582	0.988549942065883
7397.24581582	0.988844888435876
7397.54581582	0.989106763563097
7397.84581582	0.989354424618515
7398.14581582	0.989598191186874
7398.44581582	0.989848363668679
7398.74581582	0.9901152424644289
7399.04581582	0.990409127974626
7399.34581582	0.990740320599773
7399.64581582	0.99111912074037
7399.94581582	0.9915558287969199
7400.24581582	0.992060745169924
7400.54581582	0.9926382791725
7400.84581582	0.993272657345314
7401.14581582	0.99395650125018
7401.44581582	0.994684700944766
7401.74581582	0.995452146486741
7402.04581582	0.996253727933772
7402.34581582	0.997084335343529
7402.64581582	0.997938858773679
7402.94581582	0.99881218828189
7403.24581582	0.9996992139258301
7403.54581582	1.00059484204576
7403.84581582	1.00149520490139
7404.14581582	1.00239591564131
7404.44581582	1.00329011807687
7404.74581582	1.00417085239905
7405.04581582	1.00503115879882
7405.34581582	1.00586407746713
7405.64581582	1.00666264859497
7405.94581582	1.0074199123733
7406.24581582	1.00812890899308
7406.54581582	1.00878267864529
7406.84581582	1.00937538889201
7407.14581582	1.00991567934612
7407.44581582	1.01041865284906
7407.74581582	1.01089798536937
7408.04581582	1.01136734995553
7408.34581582	1.01184041965602
7408.64581582	1.01233086751933
7408.94581582	1.01285236659395
7409.24581582	1.01341858992838
7409.54581582	1.01404321057108
7409.84581582	1.01473990157055
7410.14581582	1.01551831306576
7410.44581582	1.01637060897975
7410.74581582	1.01728501927169
7411.04581582	1.01824991964526
7411.34581582	1.01925368580418
7411.64581582	1.02028469345214
7411.94581582	1.02133131829284
7412.24581582	1.02238193602998
7412.54581582	1.02342492236727
7412.84581582	1.02444865300841
7413.14581582	1.0254415036571
7413.44581582	1.02639185001703
7413.74581582	1.02728806779192
7414.04581582	1.02811853268545
7414.34581582	1.02887162040134
7414.64581582	1.02953570664329
7414.94581582	1.03009916711499
7415.24581582	1.03055037752015
7415.54581582	1.03087771356246
7415.84581582	1.03106955094564
7416.14581582	1.03111426537337
