#%Name: Hornblende
#%Formula: Ca2(Mg,Fe,Al)5(Al,Si)8O22(OH)2
#%Mineral class: silicates
#%Xtal system: monoclinic
#%Edge: K
#%Sample prep: powder on kapton tape
#%Beamline: ALS 10.3.2, HxV slits= 200x20 um
#%Det:  I0=N2, fluorescence mode. 7 elts SDD Canberra-Mirion
#%Ref/notes: from Chemplex. average of several scans 
#%Temp: Room temp (28C)
#%Time&date: 7:26 AM 05/31/2024. Sirine C. Fakra
#%============================================================
7009.966107480001	9.34695997488248e-05
7010.26610748	0.000177720556856422
7010.56610748	0.000158668129303484
7010.86610748	7.619939268775121e-05
7011.16610748	-2.97985773930382e-05
7011.466107480001	-0.000119438705341145
7011.76610748	-0.000152844919141445
7012.06610747999	-0.000107483414906501
7012.36610747999	-1.81213788299138e-05
7012.666107479989	6.26528965087752e-05
7012.96610747999	8.782854100995119e-05
7013.26610747999	6.456774700730871e-05
7013.56610747999	3.16831692863708e-05
7013.86610747999	2.85210157874738e-05
7014.166107479989	6.210960612757401e-05
7014.46610747999	9.987882493008349e-05
7014.76610747999	0.000106702152424708
7015.06610747999	6.054318064231e-05
7015.366107479989	-1.57626507243999e-05
7015.666107479989	-8.380879850251e-05
7015.96610747999	-0.00010758932324583
7016.266107479981	-8.245626937025819e-05
7016.56610747998	-3.6964630426526e-05
7016.86610747998	-4.47086533806338e-06
7017.16610747998	-4.69655210437729e-06
7017.466107479981	-2.73558825423105e-05
7017.766107479981	-5.14744218733994e-05
7018.06610747998	-5.97581401398367e-05
7018.36610747998	-5.1280423484517e-05
7018.66610747998	-3.48027994469735e-05
7018.966107479981	-1.91389279491715e-05
7019.26610747998	-7.52219265995832e-06
7019.56610747998	6.72507103620796e-07
7019.86610747998	6.38476726603131e-06
7020.16610747998	1.05367419391287e-05
7020.466107479981	1.47038444611578e-05
7020.76610747997	2.09563239790179e-05
7021.06610747997	2.76285200567136e-05
7021.36610747997	2.33654052641304e-05
7021.66610747997	-2.03817429543276e-06
7021.96610747997	-5.51080715494024e-05
7022.26610747997	-0.000113682723807217
7022.56610747997	-0.000143934592528411
7022.86610747997	-0.000113765219058067
7023.166107479969	-2.39851017766416e-05
7023.46610747997	7.725490172917811e-05
7023.76610747997	0.000134727799985191
7024.06610747997	0.000111657693186772
7024.36610747997	3.90228506184058e-05
7024.666107479969	-2.53228881699526e-05
7024.96610747996	-2.76339005171369e-05
7025.26610747996	3.30500733769896e-05
7025.56610747996	0.000116478950142025
7025.86610747996	0.000178627019359556
7026.16610747996	0.00019621599443484
7026.466107479961	0.000177198939891243
7026.766107479961	0.000134901542516259
7027.06610747996	8.26821024673342e-05
7027.36610747996	3.3168069764687e-05
7027.66610747996	-2.07719653504105e-06
7027.966107479961	-1.33421345449257e-05
7028.266107479961	-6.4414412906401e-06
7028.56610747996	5.74165948168013e-06
7028.86610747996	1.08064706485145e-05
7029.16610747995	4.06981060100696e-06
7029.46610747995	-8.21030599350599e-06
7029.76610747995	-1.83410642836343e-05
7030.06610747995	-2.15768609770733e-05
7030.36610747995	-2.55559340612243e-05
7030.66610747995	-4.46528442910697e-05
7030.96610747995	-9.09346257620312e-05
7031.26610747995	-0.000150087902099373
7031.56610747995	-0.000189485150280876
7031.86610747995	-0.000175915005776554
7032.16610747995	-0.000108955601223272
7032.46610747995	-3.39929963895424e-05
7032.76610747995	-1.74938455007837e-06
7033.06610747995	-4.43434055076385e-05
7033.366107479939	-0.000127499019046587
7033.666107479939	-0.000195481230927592
7033.96610747994	-0.000196579134543218
7034.26610747994	-0.000128233674829297
7034.56610747994	-2.94646636629002e-05
7034.866107479939	5.61757307764664e-05
7035.166107479939	0.000101758895197216
7035.46610747994	0.000111496626787079
7035.76610747994	9.83267477005973e-05
7036.06610747994	7.397427928174031e-05
7036.36610747994	4.79276414723066e-05
7036.66610747994	3.28186335072015e-05
7036.966107479941	4.08241652868267e-05
7037.266107479941	7.16183522187171e-05
7037.56610747994	0.000100576310750008
7037.86610747993	9.7757469879311e-05
7038.16610747993	4.62255018630333e-05
7038.466107479931	-3.23429811749303e-05
7038.76610747993	-9.8320666188306e-05
7039.06610747993	-0.000116554321375705
7039.36610747993	-8.41830370882193e-05
7039.66610747993	-3.03704959778343e-05
7039.96610747993	1.34234173821671e-05
7040.26610747993	2.69311473040719e-05
7040.56610747993	1.98154816324649e-05
7040.86610747993	9.30686153309867e-06
7041.16610747993	7.783085675444979e-06
7041.46610747993	1.14948062440533e-05
7041.76610747993	8.61224393396427e-06
7042.06610747992	-5.80315694773925e-06
7042.36610747992	-1.4211679816144e-05
7042.666107479919	3.17715559903967e-06
7042.96610747992	6.10967839530366e-05
7043.26610747992	0.00013059461123017
7043.56610747992	0.0001679607589934
7043.866107479919	0.000133404517928561
7044.166107479919	3.13717935147222e-05
7044.46610747992	-7.381188439799559e-05
7044.76610747992	-0.000113593314236446
7045.06610747992	-4.15792445784711e-05
7045.366107479919	0.000101038246019978
7045.666107479919	0.000236273552821197
7045.96610747992	0.000289819169549499
7046.26610747991	0.000249979157965477
7046.56610747991	0.000165619187666127
7046.86610747991	9.35504892780708e-05
7047.16610747991	6.00383720224062e-05
7047.466107479911	4.18119578096459e-05
7047.76610747991	6.3410246387445e-06
7048.06610747991	-6.571580994930279e-05
7048.36610747991	-0.000149053306442771
7048.66610747991	-0.000211745088759971
7048.966107479911	-0.000225784381463048
7049.26610747991	-0.000198116237553467
7049.56610747991	-0.000154116802216858
7049.86610747991	-0.000118561558450009
7050.16610747991	-0.000102195845013602
7050.466107479911	-9.32650285581221e-05
7050.7661074799	-7.60702034582879e-05
7051.0661074799	-3.88852995028239e-05
7051.3661074799	1.17256898553122e-05
7051.666107479899	5.8539676042328e-05
7051.9661074799	8.44514497355838e-05
7052.2661074799	8.368288764065211e-05
7052.5661074799	6.609126915005089e-05
7052.8661074799	4.45415770983558e-05
7053.166107479899	2.60788636432719e-05
7053.4661074799	5.37249632338831e-06
7053.7661074799	-2.7009256878204e-05
7054.0661074799	-7.47447598537227e-05
7054.366107479899	-0.000123459196547096
7054.666107479899	-0.000159446324472545
7054.966107479891	-0.0001713190905715
7055.266107479891	-0.000162553811033652
7055.56610747989	-0.000132486026622935
7055.86610747989	-7.63627854779635e-05
7056.16610747989	1.99827245127813e-06
7056.466107479891	7.79387902856298e-05
7056.766107479891	0.000118611880995688
7057.06610747989	0.000102233612861214
7057.36610747989	4.81327468784012e-05
7057.66610747989	-1.44126459831456e-05
7057.966107479891	-5.91656678864888e-05
7058.26610747989	-8.942569074699451e-05
7058.56610747989	-0.000113839126440713
7058.86610747989	-0.000136776374560653
7059.16610747988	-0.000147857202596011
7059.46610747988	-0.000132400040084631
7059.76610747988	-8.823550878313679e-05
7060.06610747988	-2.04739437279065e-05
7060.36610747988	4.6779528452249e-05
7060.66610747988	9.579878606047341e-05
7060.96610747988	0.000112284904725879
7061.26610747988	0.000105474791883313
7061.56610747988	0.000105182798503214
7061.86610747988	0.000143249494813936
7062.166107479879	0.000229313502375589
7062.46610747988	0.000324119832697027
7062.76610747988	0.000371601181684253
7063.06610747988	0.000328331339047648
7063.36610747988	0.000211119082916328
7063.66610747987	7.110807328329301e-05
7063.966107479871	-4.01067025015343e-05
7064.266107479871	-9.608166057502819e-05
7064.56610747987	-9.68071835571523e-05
7064.86610747987	-4.66494271118802e-05
7065.16610747987	3.84014893248714e-05
7065.466107479871	0.000119986083166756
7065.766107479871	0.000153762039876867
7066.06610747987	0.000107193406476271
7066.36610747987	3.42189327960059e-06
7066.66610747987	-0.000102597937145686
7066.966107479871	-0.000156605230030467
7067.266107479871	-0.000143704647647906
7067.56610747987	-9.926992075614481e-05
7067.86610747986	-6.80854172822814e-05
7068.16610747986	-7.99578731675042e-05
7068.46610747986	-0.000122845425391334
7068.76610747986	-0.000165794319659652
7069.06610747986	-0.000180898113233547
7069.36610747986	-0.000159437587439302
7069.66610747986	-0.000107343964793309
7069.96610747986	-3.24044002750591e-05
7070.26610747986	4.96060105029851e-05
7070.56610747986	0.000109171242085176
7070.86610747986	0.00011390504276995
7071.16610747986	5.30231080451381e-05
7071.46610747986	-3.24433171633325e-05
7071.76610747986	-8.16595204876712e-05
7072.06610747985	-4.74192631000865e-05
7072.366107479849	4.53465094967578e-05
7072.666107479849	0.000123001614584114
7072.96610747985	0.000112367346615392
7073.26610747985	1.08431238361706e-06
7073.56610747985	-0.000140633375308932
7073.866107479849	-0.000226266255101214
7074.166107479849	-0.000200220199049871
7074.46610747985	-9.08052945356817e-05
7074.766107479851	3.68066682037128e-05
7075.066107479851	0.000123149995020086
7075.36610747985	0.000150182073502285
7075.66610747985	0.000137423149891256
7075.966107479851	0.000108014388214963
7076.26610747984	8.22743653299801e-05
7076.56610747984	6.7712786039654e-05
7076.86610747984	6.75594059167382e-05
7077.16610747984	7.45024678132027e-05
7077.466107479841	6.76344509627941e-05
7077.76610747984	2.69099570287838e-05
7078.06610747984	-5.6896691212144e-05
7078.36610747984	-0.000150728136197753
7078.66610747984	-0.000211317738595939
7078.96610747984	-0.000199184573682973
7079.26610747984	-0.000120324977790681
7079.56610747984	-2.07159766130709e-05
7079.86610747984	4.93933688954223e-05
7080.16610747984	5.70429405809025e-05
7080.46610747984	1.55490509244121e-05
7080.76610747983	-4.17590186780763e-05
7081.06610747983	-8.171591092455109e-05
7081.36610747983	-8.602101009128659e-05
7081.666107479829	-6.19525276773333e-05
7081.96610747983	-2.08922027094042e-05
7082.26610747983	1.60423999296539e-05
7082.56610747983	3.66011862751335e-05
7082.866107479829	3.43607306081994e-05
7083.166107479829	1.50630643971313e-05
7083.46610747983	-6.66622691977735e-06
7083.76610747983	-2.37499156049092e-05
7084.06610747983	-3.20282118887268e-05
7084.366107479829	-3.20957749102082e-05
7084.666107479829	-1.49780184025691e-05
7084.96610747982	2.86899231572242e-05
7085.266107479821	9.39245141526013e-05
7085.56610747982	0.000160137080332923
7085.86610747982	0.00020432890573392
7086.16610747982	0.0002117952544251
7086.46610747982	0.000182195673413727
7086.76610747982	0.000117534687056527
7087.06610747982	2.5495930922916e-05
7087.36610747982	-6.26423353969957e-05
7087.66610747982	-0.000108597557378814
7087.96610747982	-7.77670093987286e-05
7088.26610747982	1.68918735141213e-05
7088.56610747982	0.000122515486749504
7088.86610747982	0.000182814807956478
7089.166107479809	0.00016899847234071
7089.46610747981	0.000107713999858935
7089.76610747981	4.03655911504161e-05
7090.06610747981	1.21247271332703e-06
7090.36610747981	-9.489310563448769e-06
7090.666107479809	-5.82643163374883e-06
7090.96610747981	-1.69896922123646e-06
7091.26610747981	-9.43252929768884e-07
7091.56610747981	-9.659069869833809e-06
7091.86610747981	-3.73381106452769e-05
7092.166107479809	-9.31502316297703e-05
7092.46610747981	-0.000174967930119862
7092.76610747981	-0.000270479531722535
7093.06610747981	-0.000362696438397718
7093.366107479809	-0.000415538676761451
7093.6661074798	-0.000386213766590697
7093.9661074798	-0.000240955039939154
7094.266107479801	-7.06805614481536e-05
7094.5661074798	-8.49491914719861e-05
7094.8661074798	-0.000126485458378821
7095.1661074798	-9.92332207114038e-07
7095.4661074798	0.000127659379078296
7095.766107479801	0.000340694131248599
7096.0661074798	-0.000137868745476783
7096.3661074798	-4.24876900901401e-05
7096.6661074798	9.9222289019078e-05
7096.9661074798	0.000249951606941366
7097.2661074798	0.000379469402288513
7097.5661074798	0.000246289003940001
7097.86610747979	1.04959812695044e-05
7098.16610747979	-0.000419575202443666
7098.46610747979	0.000159820182432083
7098.76610747979	4.42009942447214e-05
7099.06610747979	-0.000505824912173965
7099.36610747979	-0.000413783360097237
7099.66610747979	-5.7494338801815e-05
7099.96610747979	7.552883910535561e-05
7100.26610747979	5.67285273312331e-05
7100.56610747979	0.000220729963137074
7100.86610747979	-0.000181128930403536
7101.166107479789	0.00018779640575675
7101.46610747979	0.000469108443695871
7101.76610747979	0.000338805533794926
7102.066107479781	7.20265083690516e-05
7102.36610747978	-0.000290984585772386
7102.66610747978	-0.000238819555519407
7102.96610747978	-2.67112760379903e-05
7103.266107479781	-0.000472826117579033
7103.56610747978	-0.000165955479718354
7103.86610747978	0.000252370352833845
7104.16610747978	0.000320285163613379
7104.46610747978	0.00016034098741947
7104.766107479781	0.000410123457229517
7105.06610747978	0.000870644222431806
7105.36610747978	0.00084974542458065
7105.66610747978	0.0007479581843749
7105.96610747978	0.00198222188593174
7106.266107479781	0.00237410085029773
7106.56610747977	0.00247293948127434
7106.86610747977	0.00285552038102759
7107.16610747977	0.00323185280603065
7107.46610747977	0.0039276994062292
7107.76610747977	0.00443266653178965
7108.06610747977	0.00482512062025456
7108.36610747977	0.00614034775304519
7108.66610747977	0.00687012076224668
7108.96610747977	0.007853099201419821
7109.26610747977	0.009822771162006871
7109.56610747977	0.0104802651704618
7109.86610747977	0.0127565265436173
7110.16610747977	0.0154611411036666
7110.46610747977	0.0180172265243323
7110.76610747976	0.0211663917902145
7111.06610747976	0.0237836504085441
7111.366107479759	0.0264498199739075
7111.666107479759	0.0301526880152743
7111.96610747976	0.0343251185761764
7112.26610747976	0.0378991757465955
7112.56610747976	0.0407329707494695
7112.86610747976	0.0439455132573461
7113.16610747976	0.0465246148571542
7113.46610747976	0.0495727660713866
7113.766107479761	0.0499507707376946
7114.066107479761	0.0479859750677034
7114.36610747976	0.0451614455007948
7114.66610747976	0.0423101606912499
7114.96610747975	0.0414524205509407
7115.26610747975	0.0424548512107677
7115.56610747975	0.0446712878242786
7115.86610747975	0.0486019598889612
7116.16610747975	0.0540534024193827
7116.46610747975	0.0618918760221664
7116.76610747975	0.0705961232880781
7117.06610747975	0.0819139643920344
7117.36610747975	0.095762262327938
7117.66610747975	0.113584541869073
7117.96610747975	0.136636888156299
7118.26610747975	0.162316354175393
7118.56610747975	0.192885852297636
7118.86610747975	0.230181719815371
7119.166107479739	0.268579016972247
7119.46610747974	0.30808161655326
7119.76610747974	0.348415072155427
7120.06610747974	0.383208871380072
7120.36610747974	0.421062579659683
7120.666107479739	0.448267035678493
7120.96610747974	0.47522276906386
7121.26610747974	0.51283873833319
7121.56610747974	0.550379562076093
7121.866107479739	0.594431978306633
7122.166107479739	0.645900572866922
7122.46610747974	0.7002247795887671
7122.76610747974	0.761767514787748
7123.06610747974	0.826045396834365
7123.36610747974	0.879953061663191
7123.66610747973	0.927115498623802
7123.96610747973	0.970518281221503
7124.266107479731	1.00252740320479
7124.56610747973	1.02660815542898
7124.86610747973	1.05615322362969
7125.16610747973	1.07728335712735
7125.46610747973	1.10082873818681
7125.76610747973	1.12654994079255
7126.06610747973	1.15323625357177
7126.36610747973	1.18105397860899
7126.66610747973	1.21337948999882
7126.96610747973	1.24721052047956
7127.26610747973	1.28412396043989
7127.56610747973	1.31381776245089
7127.86610747972	1.34923935487006
7128.166107479719	1.38932918623248
7128.46610747972	1.40971752700138
7128.76610747972	1.43059594402375
7129.06610747972	1.45128085493247
7129.36610747972	1.45571476303385
7129.666107479719	1.46106895240536
7129.96610747972	1.46310100592415
7130.26610747972	1.45482604089429
7130.56610747972	1.45011253692288
7130.86610747972	1.44521282546124
7131.166107479719	1.44289124511628
7131.46610747972	1.4333633804884
7131.76610747972	1.42505634682706
7132.06610747971	1.40694876751407
7132.36610747971	1.38497487299204
7132.66610747971	1.37047780461272
7132.96610747971	1.3541904994639
7133.266107479711	1.33354951080769
7133.56610747971	1.31591493335481
7133.86610747971	1.29617507959063
7134.16610747971	1.2784156657866
7134.46610747971	1.25801401631245
7134.766107479711	1.23420085452748
7135.06610747971	1.21758821645371
7135.36610747971	1.19759782786801
7135.66610747971	1.18394032100523
7135.96610747971	1.1699780628095
7136.26610747971	1.15622490157675
7136.5661074797	1.14504769236503
7136.8661074797	1.13544852307359
7137.1661074797	1.12521795522748
7137.4661074797	1.11470147354468
7137.7661074797	1.10414629527555
7138.0661074797	1.0932436371898
7138.3661074797	1.09431578534376
7138.6661074797	1.08775494419896
7138.9661074797	1.08349785018711
7139.2661074797	1.08441724795289
7139.5661074797	1.07962306763488
7139.8661074797	1.07718144313782
7140.166107479699	1.07769840768681
7140.4661074797	1.07893102952734
7140.766107479691	1.07981331784841
7141.066107479691	1.07966185526997
7141.36610747969	1.07893103002666
7141.66610747969	1.07790225483516
7141.96610747969	1.07674539077114
7142.266107479691	1.07511367721395
7142.56610747969	1.07238306288635
7142.86610747969	1.06795863979736
7143.16610747969	1.06175306147238
7143.46610747969	1.05472532845212
7143.766107479691	1.0481204902001
7144.06610747969	1.04296895656969
7144.36610747969	1.03915116327145
7144.66610747969	1.03583602779064
7144.96610747968	1.03214536287887
7145.26610747968	1.02741411166715
7145.56610747968	1.02142492263404
7145.86610747968	1.01408751682469
7146.16610747968	1.00559105362188
7146.46610747968	0.996548611301094
7146.76610747968	0.987586559394227
7147.06610747968	0.979195312111052
7147.36610747968	0.971218883203697
7147.66610747968	0.963184188077315
7147.96610747968	0.954633603024492
7148.26610747968	0.945594741552569
7148.56610747968	0.936568086224182
7148.86610747968	0.928113095864938
7149.16610747968	0.920482448762119
7149.46610747967	0.9135175591925681
7149.76610747967	0.907096897650902
7150.06610747967	0.9012029628609221
7150.366107479669	0.896087631672939
7150.66610747967	0.891774746827968
7150.96610747967	0.888224299975697
7151.266107479671	0.885193158026403
7151.566107479671	0.882548058572878
7151.86610747967	0.8802509631704279
7152.16610747967	0.878246925170109
7152.46610747967	0.876259907697832
7152.766107479671	0.873827804030733
7153.066107479671	0.870605082083752
7153.36610747967	0.86697467743826
7153.66610747966	0.863911959913349
7153.96610747966	0.862385983442249
7154.26610747966	0.862455216603051
7154.56610747966	0.863011742060771
7154.86610747966	0.862727386125606
7155.16610747966	0.86094324186631
7155.46610747966	0.85844543062386
7155.76610747966	0.856458842993415
7156.06610747966	0.855955810961796
7156.36610747966	0.85671213910877
7156.66610747966	0.858029986350315
7156.96610747966	0.8592308957946641
7157.26610747966	0.860156281144791
7157.56610747966	0.8609701961953971
7157.86610747965	0.861831465147764
7158.166107479649	0.862877628174651
7158.46610747965	0.8643680386413261
7158.76610747965	0.866707239818571
7159.06610747965	0.870247362668807
7159.36610747965	0.874834799443741
7159.666107479649	0.879681894648917
7159.96610747965	0.883941998231064
7160.26610747965	0.887089608863839
7160.56610747965	0.889563552724645
7160.866107479649	0.892101453749867
7161.166107479649	0.8953322572296351
7161.46610747965	0.899273852058397
7161.766107479651	0.903516154733908
7162.066107479651	0.907696267701963
7162.36610747964	0.911773099876846
7162.66610747964	0.915912153449061
7162.96610747964	0.920280012919758
7163.266107479641	0.924861976122211
7163.56610747964	0.929643912435637
7163.86610747964	0.934658530034056
7164.16610747964	0.939954573579258
7164.46610747964	0.9454306292872811
7164.76610747964	0.950820564050057
7165.06610747964	0.955846871189832
7165.36610747964	0.96033571072908
7165.66610747964	0.964383295558387
7165.96610747964	0.968127929002769
7166.26610747964	0.971751921740764
7166.56610747963	0.975266204632211
7166.86610747963	0.978601692641439
7167.166107479629	0.98162957831433
7167.466107479629	0.984183607543985
7167.76610747963	0.986145034529763
7168.06610747963	0.987501859003225
7168.36610747963	0.988730710150985
7168.666107479629	0.990525584630098
7168.966107479629	0.993527877017227
7169.26610747963	0.997506908174045
7169.56610747963	1.0013423830008
7169.86610747963	1.00379356038966
7170.166107479629	1.00429553529494
7170.466107479629	1.00381987350641
7170.766107479621	1.00385467090502
7171.06610747962	1.00563773429182
7171.36610747962	1.00891662027313
7171.66610747962	1.0123324744185
7171.96610747962	1.01449373591372
7172.266107479621	1.01506269910337
7172.56610747962	1.01527636375998
7172.86610747962	1.01671637212224
7173.16610747962	1.02022094451059
7173.46610747962	1.02472269047479
7173.766107479621	1.02838190891857
7174.06610747962	1.02971478304906
7174.36610747962	1.02918087549774
7174.66610747962	1.02841404332417
7174.966107479609	1.0290388323508
7175.26610747961	1.03130423570846
7175.56610747961	1.03419628124752
7175.86610747961	1.03656209207508
7176.16610747961	1.03796261415708
7176.466107479609	1.03902904375451
7176.76610747961	1.04041386345861
7177.06610747961	1.04247414149389
7177.36610747961	1.04456147766241
7177.66610747961	1.04619540854467
7177.966107479609	1.04703366121568
7178.26610747961	1.0475549738909
7178.56610747961	1.04823491128312
7178.86610747961	1.04933291286655
7179.166107479609	1.05074723711905
7179.4661074796	1.0520741731361
7179.766107479601	1.05312608445677
7180.066107479601	1.05378159013696
7180.3661074796	1.05416279655108
7180.6661074796	1.05446102417643
7180.9661074796	1.05486753659119
7181.266107479601	1.05550903866371
7181.5661074796	1.0561962884807
7181.8661074796	1.05663121168912
7182.1661074796	1.05651759037465
7182.4661074796	1.05578946019677
7182.766107479601	1.05459656336904
7183.0661074796	1.05315362704838
7183.3661074796	1.05186006422951
7183.66610747959	1.05105273064348
7183.96610747959	1.05101559934187
7184.26610747959	1.05161084506299
7184.56610747959	1.0525815770665
7184.86610747959	1.05373450162179
7185.16610747959	1.0550742387959
7185.466107479589	1.05657897226483
7185.76610747959	1.05792632961655
7186.06610747959	1.05869627460356
7186.36610747959	1.05841532020952
7186.66610747959	1.0571871093952
7186.966107479589	1.05527089483306
7187.26610747959	1.05362686739329
7187.56610747959	1.05287864596121
7187.86610747958	1.05332456058382
7188.166107479579	1.05440552154927
7188.466107479579	1.05500358639407
7188.76610747958	1.05466397523905
7189.066107479581	1.05339762473419
7189.36610747958	1.05251128004689
7189.66610747958	1.05259916598594
7189.96610747958	1.05397147507018
7190.266107479581	1.05550322980223
7190.566107479581	1.05602946324739
7190.86610747958	1.05475187545774
7191.16610747958	1.05197336836048
7191.46610747958	1.04925888413372
7191.766107479581	1.047837989348
7192.066107479581	1.04837786613097
7192.36610747957	1.04953983190676
7192.66610747957	1.05001495417634
7192.96610747957	1.04872014714991
7193.26610747957	1.04625322521007
7193.56610747957	1.04378605182654
7193.86610747957	1.04227830638222
7194.16610747957	1.04195344725695
7194.46610747957	1.04202692974839
7194.76610747957	1.04178262876392
7195.06610747957	1.0406585794978
7195.36610747957	1.03882641428413
7195.66610747957	1.03685826497651
7195.96610747957	1.03534607132085
7196.26610747957	1.03464741707888
7196.56610747956	1.03443126890238
7196.86610747956	1.03415230401499
7197.166107479559	1.03321036827347
7197.466107479559	1.03152560075212
7197.76610747956	1.02958780165404
7198.06610747956	1.02797306460624
7198.36610747956	1.02705684667179
7198.666107479559	1.0262460612429
7198.966107479559	1.02481500477773
7199.26610747956	1.02225331372574
7199.56610747956	1.01923875412619
7199.86610747956	1.01686023615318
7200.16610747956	1.01586334251697
7200.46610747956	1.01580418960006
7200.766107479551	1.01558905097379
7201.06610747955	1.01429891637364
7201.36610747955	1.01196969802627
7201.66610747955	1.00914139331996
7201.96610747955	1.00636669262793
7202.266107479551	1.00393215746218
7202.56610747955	1.00210074684194
7202.86610747955	1.00119183984764
7203.16610747955	1.00136432967692
7203.46610747955	1.00222006054192
7203.76610747955	1.00305592486214
7204.06610747955	1.00320017456679
7204.36610747955	1.00238642022679
7204.66610747955	1.00089780932584
7204.96610747955	0.9990981713357741
7205.26610747954	0.997480424496524
7205.56610747954	0.996259492088289
7205.86610747954	0.995506193710505
7206.166107479539	0.995213179824942
7206.466107479539	0.9951967117684269
7206.76610747954	0.99521432252138
7207.06610747954	0.9949588873420639
7207.36610747954	0.994142623332711
7207.666107479539	0.993024686222139
7207.966107479539	0.991966381481164
7208.26610747954	0.991451808076114
7208.56610747954	0.991215877403566
7208.86610747954	0.990667161860318
7209.166107479539	0.989367024135739
7209.46610747953	0.987779859392196
7209.766107479531	0.987013578351894
7210.06610747953	0.987973910856913
7210.36610747953	0.990262289215
7210.66610747953	0.992469023788134
7210.96610747953	0.993151143384239
7211.266107479531	0.991855645619347
7211.56610747953	0.98939922055134
7211.86610747953	0.986848494794954
7212.16610747953	0.985105387305239
7212.46610747953	0.984527229255594
7212.766107479531	0.985182745192004
7213.06610747953	0.987026638233242
7213.36610747953	0.989465368107975
7213.66610747952	0.991669429581816
7213.966107479519	0.992820124798974
7214.26610747952	0.992527135609555
7214.56610747952	0.991140219608328
7214.86610747952	0.98920925676473
7215.16610747952	0.987395174929863
7215.466107479519	0.986314209595895
7215.76610747952	0.986285166464871
7216.06610747952	0.987482470531894
7216.36610747952	0.9893079133862021
7216.66610747952	0.99081372498465
7216.966107479519	0.99106253825667
7217.26610747952	0.989708640921142
7217.56610747952	0.987543359224629
7217.86610747951	0.98570351805178
7218.16610747951	0.985160657269793
7218.46610747951	0.9858870711511381
7218.766107479511	0.9869953401835559
7219.066107479511	0.987552823737684
7219.36610747951	0.986965033456461
7219.66610747951	0.985638165330046
7219.96610747951	0.984191215018322
7220.266107479511	0.983374209023032
7220.566107479511	0.98336693531252
7220.86610747951	0.9839037103295361
7221.16610747951	0.984515821646234
7221.46610747951	0.984607896317285
7221.766107479511	0.984128403481827
7222.06610747951	0.983154114529957
7222.3661074795	0.982245027319268
7222.6661074795	0.981696608348574
7222.9661074795	0.981656837647729
7223.2661074795	0.981894501856431
7223.5661074795	0.981979974766598
7223.8661074795	0.981646596715815
7224.1661074795	0.980760407695089
7224.466107479499	0.979555007849422
7224.7661074795	0.978266076852175
7225.0661074795	0.9771094830025679
7225.3661074795	0.976163725748765
7225.6661074795	0.975347472129657
7225.966107479499	0.974552762263769
7226.2661074795	0.973721184913653
7226.56610747949	0.972942066706976
7226.86610747949	0.972374531016394
7227.16610747949	0.972113836568639
7227.46610747949	0.972012265707231
7227.766107479491	0.971866471920396
7228.066107479491	0.97149882712049
7228.36610747949	0.971012296980852
7228.66610747949	0.9706450923850169
7228.96610747949	0.970619473480173
7229.266107479491	0.9709491457387081
7229.566107479491	0.971253235143686
7229.86610747949	0.971062581866932
7230.16610747949	0.970028577102232
7230.46610747949	0.968487281682469
7230.76610747948	0.967261115317321
7231.06610747948	0.967177213559776
7231.36610747948	0.968412667245142
7231.66610747948	0.970130955023127
7231.96610747948	0.971257210965748
7232.26610747948	0.971053963877816
7232.56610747948	0.969896463847745
7232.86610747948	0.968748975601588
7233.16610747948	0.968489008379064
7233.46610747948	0.9691994317041041
7233.76610747948	0.9701642617956
7234.06610747948	0.970601685727672
7234.36610747948	0.970290906552262
7234.66610747948	0.969805812309056
7234.96610747948	0.969893553845419
7235.26610747947	0.970872063420248
7235.56610747947	0.972107631315912
7235.86610747947	0.972789069897403
7236.166107479469	0.972303295551795
7236.466107479469	0.971208250580709
7236.76610747947	0.970464248546179
7237.06610747947	0.97098992356905
7237.36610747947	0.972923057790697
7237.66610747947	0.975628123872708
7237.96610747947	0.978419287760571
7238.266107479471	0.980752691483518
7238.566107479471	0.982432420321527
7238.86610747947	0.983321831738369
7239.16610747947	0.983350304951198
7239.46610747946	0.982912743460168
7239.766107479461	0.982650843312849
7240.06610747946	0.983195963581129
7240.36610747946	0.9845744062287221
7240.66610747946	0.986189088283621
7240.96610747946	0.987426824262265
7241.266107479461	0.987948671908317
7241.56610747946	0.988109885401551
7241.86610747946	0.9882977302339
7242.16610747946	0.988835147099738
7242.46610747946	0.9896202841517741
7242.76610747946	0.990449454268754
7243.06610747946	0.99115261871055
7243.36610747946	0.99177802253166
7243.66610747945	0.992572685689505
7243.966107479449	0.993750977250744
7244.26610747945	0.995383487350077
7244.56610747945	0.997075471709459
7244.86610747945	0.998328350507994
7245.166107479449	0.998704293632787
7245.466107479449	0.998385484768055
7245.76610747945	0.998023876162819
7246.06610747945	0.9983079373088209
7246.36610747945	0.999569801268205
7246.666107479449	1.00155430895784
7246.966107479449	1.00389438437568
7247.26610747945	1.00623699103126
7247.56610747945	1.00827932505851
7247.86610747945	1.00971514930558
7248.16610747944	1.01027458769357
7248.46610747944	1.01011737487863
7248.766107479441	1.0096590987317
7249.06610747944	1.00930871059686
7249.36610747944	1.00916130911863
7249.66610747944	1.00901456893637
7249.96610747944	1.00880878299886
7250.266107479441	1.00858146685361
7250.56610747944	1.00861173872389
7250.86610747944	1.00894809014989
7251.16610747944	1.00958331958785
7251.46610747944	1.0103591616886
7251.766107479441	1.01103823695361
7252.06610747944	1.01139346806841
7252.36610747943	1.01120606525181
7252.66610747943	1.01048221538802
7252.966107479429	1.00945036008211
7253.26610747943	1.00841482390314
7253.56610747943	1.00785721065954
7253.86610747943	1.00796588980636
7254.16610747943	1.0088308043497
7254.466107479429	1.00997033026502
7254.76610747943	1.01073637387723
7255.06610747943	1.01061819924282
7255.36610747943	1.00956061493438
7255.66610747943	1.00828081052628
7255.966107479429	1.00740507827412
7256.26610747943	1.00739967264817
7256.566107479421	1.0079225689973
7256.86610747942	1.00850163676123
7257.16610747942	1.00871590377688
7257.46610747942	1.00852917566099
7257.76610747942	1.00834255938051
7258.066107479421	1.00861342912182
7258.36610747942	1.00974463368193
7258.66610747942	1.01154452593604
7258.96610747942	1.01318115004028
7259.26610747942	1.01380472390617
7259.566107479421	1.01376314930284
7259.86610747942	1.01683616620892
7260.16610747942	1.02311217750228
7260.46610747942	1.01967244093712
7260.76610747941	1.01888767622105
7261.06610747941	1.01776845756463
7261.36610747941	1.0102534578205
7261.66610747941	1.01836205007818
7261.96610747941	1.01654155591496
7262.26610747941	1.01749073123391
7262.56610747941	1.00838984719147
7262.86610747941	1.00833056447214
7263.16610747941	1.01324089383414
7263.466107479409	1.01444548101109
7263.76610747941	1.01924650615514
7264.06610747941	1.0256062340926
7264.36610747941	1.0225988692554
7264.66610747941	1.01790717723655
7264.966107479409	1.00986081434211
7265.2661074794	1.00816412775323
7265.566107479401	1.00772305924164
7265.866107479401	1.01080279929479
7266.1661074794	1.01022701203043
7266.4661074794	1.00848987702004
7266.7661074794	1.00531906700036
7267.066107479401	1.00940278182822
7267.3661074794	1.00756176076395
7267.6661074794	1.0075727377616
7267.9661074794	0.99886650106199
7268.2661074794	0.997273345120016
7268.566107479401	0.996214480189097
7268.8661074794	1.00260953115553
7269.1661074794	1.00495614694725
7269.46610747939	0.992674561971623
7269.76610747939	0.984922677207943
7270.06610747939	0.983730256065166
7270.36610747939	0.987255528065844
7270.66610747939	0.993591629905423
7270.96610747939	1.00083169827935
7271.26610747939	1.00710495309831
7271.56610747939	1.0114517498315
7271.86610747939	1.0140002867266
7272.16610747939	1.01500892047571
7272.46610747939	1.0147369471673
7272.76610747939	1.01344366288987
7273.06610747939	1.01138836373189
7273.36610747939	1.00883034578183
7273.666107479379	1.00602890512818
7273.966107479379	1.00324333785941
7274.26610747938	1.000732940064
7274.56610747938	0.998730878414233
7274.86610747938	0.997281234647722
7275.166107479379	0.996323335724179
7275.466107479379	0.9957902599545621
7275.76610747938	0.995615085649827
7276.066107479381	0.995730891120931
7276.366107479381	0.996070754678832
7276.66610747938	0.996567754634486
7276.96610747938	0.9971549692988509
7277.26610747938	0.997765476982883
7277.566107479381	0.998332395611626
7277.86610747938	0.998804515031114
7278.16610747937	0.999175310887968
7278.46610747937	0.999451714813045
7278.76610747937	0.999641165198378
7279.06610747937	0.999751100436002
7279.36610747937	0.9997889589179491
7279.66610747937	0.999762179036253
7279.96610747937	0.999678199182946
7280.26610747937	0.999544457750062
7280.56610747937	0.999368393129634
7280.86610747937	0.99915740335214
7281.16610747937	0.998917842794781
7281.46610747937	0.998654260511863
7281.76610747937	0.998370707841793
7282.06610747937	0.998071231617808
7282.36610747936	0.997759878673144
7282.66610747936	0.99744069584104
7282.966107479359	0.997117729954732
7283.26610747936	0.996795027847459
7283.56610747936	0.996476636352456
7283.86610747936	0.9961666023029609
7284.16610747936	0.9958688514053921
7284.466107479359	0.995586393805907
7284.76610747936	0.995321564339006
7285.06610747936	0.995076626971012
7285.36610747936	0.994853845668248
7285.666107479359	0.994655484397038
7285.966107479359	0.994483807123706
7286.26610747936	0.994341077814575
7286.566107479351	0.994229560435969
7286.86610747935	0.9941515189542099
7287.16610747935	0.994109218163894
7287.46610747935	0.994105191897023
7287.76610747935	0.994142390274427
7288.06610747935	0.994223533498872
7288.36610747935	0.994351320035191
7288.66610747935	0.994528448348219
7288.96610747935	0.994757616902789
7289.26610747935	0.995041524163736
7289.56610747935	0.995382868595892
7289.86610747935	0.995784348664092
7290.16610747935	0.99624866283317
7290.46610747935	0.996777985239667
7290.76610747935	0.997362665778424
7291.06610747934	0.9979812276814169
7291.36610747934	0.998611613710248
7291.66610747934	0.999231765870085
7291.966107479339	0.999819626166093
7292.26610747934	1.00035313660344
7292.56610747934	1.00081023918729
7292.86610747934	1.00116887592281
7293.16610747934	1.00140698881516
7293.466107479339	1.00150251986952
7293.76610747934	1.00143822662766
7294.06610747934	1.00122877578796
7294.36610747934	1.00090345686664
7294.66610747934	1.00049202080953
7294.966107479339	1.00002421856244
7295.26610747933	0.99952980107121
7295.566107479331	0.99903851928165
7295.86610747933	0.998580124139587
7296.16610747933	0.998184366590843
7296.46610747933	0.997880997581241
7296.76610747933	0.997699724809187
7297.066107479331	0.997657770932785
7297.36610747933	0.997738690408238
7297.66610747933	0.997916379045519
7297.96610747933	0.99816439224119
7298.26610747933	0.998456285391817
7298.566107479331	0.998765613893962
7298.86610747933	0.99906593314419
7299.16610747933	0.999330798539065
7299.46610747932	0.999533765475151
7299.76610747932	0.999648389349012
7300.06610747932	0.999648885560076
7300.36610747932	0.999524617196962
7300.66610747932	0.999286977618524
7300.96610747932	0.998952215305995
7301.26610747932	0.998536613852655
7301.56610747932	0.998056456851785
7301.86610747932	0.9975280278966649
7302.16610747932	0.996967610580575
7302.466107479319	0.996391488496797
7302.76610747932	0.9958159452386099
7303.06610747932	0.995257264399296
7303.36610747932	0.994730502795184
7303.66610747931	0.994242263183254
7303.96610747931	0.993793854539687
7304.26610747931	0.993386136419261
7304.566107479311	0.993019968376751
7304.866107479311	0.992696209966935
7305.16610747931	0.9924157207445879
7305.46610747931	0.9921793602644861
7305.76610747931	0.991987988081406
7306.066107479311	0.991842463750124
7306.36610747931	0.991743646192057
7306.66610747931	0.991692112430388
7306.96610747931	0.991683859729011
7307.26610747931	0.991709699661543
7307.566107479311	0.991760133193242
7307.86610747931	0.991825661289371
7308.1661074793	0.991896784915189
7308.4661074793	0.9919640050359571
7308.7661074793	0.9920178226169361
7309.0661074793	0.9920487386233861
7309.3661074793	0.992047254020567
7309.6661074793	0.992003957272249
7309.9661074793	0.991912176159509
7310.2661074793	0.991774830628232
7310.5661074793	0.991598851956326
7310.8661074793	0.991391200452384
7311.1661074793	0.991158836424998
7311.4661074793	0.99090872018276
7311.7661074793	0.990647812034261
7312.0661074793	0.990383072288093
7312.36610747929	0.9901214612528489
7312.666107479289	0.98986993923712
7312.966107479289	0.989636185215001
7313.26610747929	0.989430636014058
7313.56610747929	0.989260527831566
7313.86610747929	0.989132198339153
7314.16610747929	0.9890519852084479
7314.46610747929	0.989026226111081
7314.76610747929	0.989061258718681
7315.066107479291	0.989163420702878
7315.366107479291	0.989339049735299
7315.66610747929	0.9895944834875759
7315.96610747929	0.989936022469051
7316.26610747929	0.990361912066361
7316.56610747928	0.990852087578039
7316.86610747928	0.991383706242813
7317.16610747928	0.9919339064703691
7317.46610747928	0.992479826670393
7317.76610747928	0.992998605252573
7318.06610747928	0.993467380626593
7318.36610747928	0.99386329120214
7318.66610747928	0.994163475388902
7318.96610747928	0.994345071596564
7319.26610747928	0.9943862486846849
7319.56610747928	0.9942859742779
7319.86610747928	0.994066430988068
7320.16610747928	0.993752792742402
7320.46610747928	0.993370248740905
7320.76610747928	0.992943988183579
7321.06610747927	0.992499200270427
7321.36610747927	0.992061074201452
7321.66610747927	0.991654799176656
7321.966107479269	0.991305564396043
7322.26610747927	0.991038559059614
7322.56610747927	0.990875804934744
7322.86610747927	0.990817766245247
7323.16610747927	0.990849697933348
7323.466107479269	0.990955332582119
7323.76610747927	0.991118402774629
7324.06610747927	0.991322641093951
7324.36610747927	0.991551780123153
7324.666107479269	0.991789552445308
7324.966107479269	0.9920196906434861
7325.26610747926	0.992225927300758
7325.566107479261	0.99239201064625
7325.86610747926	0.992504896181596
7326.16610747926	0.992564816634827
7326.46610747926	0.992580684261406
7326.76610747926	0.992561845992384
7327.06610747926	0.992517648758809
7327.36610747926	0.992457439491731
7327.66610747926	0.992390565122199
7327.96610747926	0.992326372581262
7328.26610747926	0.992274208799969
7328.56610747926	0.99224342070937
7328.86610747926	0.992243335148672
7329.16610747926	0.992281665504395
7329.46610747925	0.992356098022444
7329.76610747925	0.992459736699333
7330.06610747925	0.992585658647375
7330.36610747925	0.992726940978881
7330.66610747925	0.992876660806162
7330.966107479249	0.993027895241529
7331.26610747925	0.993173721397296
7331.56610747925	0.993307216385772
7331.86610747925	0.99342145731927
7332.16610747925	0.993509247288333
7332.466107479249	0.993565108439334
7332.76610747925	0.993592311431425
7333.06610747925	0.993595752979785
7333.36610747925	0.993580329799588
7333.66610747925	0.993550938606011
7333.96610747924	0.993512476114231
7334.26610747924	0.993469839039423
7334.566107479241	0.9934279240967629
7334.86610747924	0.993391628001429
7335.16610747924	0.993365851387088
7335.46610747924	0.993355961013428
7335.76610747924	0.993363102936577
7336.066107479241	0.993382281937959
7336.36610747924	0.993408166678981
7336.66610747924	0.993435425821051
7336.96610747924	0.993458728025577
7337.26610747924	0.993472741953964
7337.566107479241	0.993472136267622
7337.86610747924	0.993451579627956
7338.16610747923	0.993405740696375
7338.46610747923	0.99332934257171
7338.76610747923	0.993219001122454
7339.06610747923	0.993079117712262
7339.36610747923	0.992917302546786
7339.66610747923	0.992741182413289
7339.96610747923	0.992558384099037
7340.26610747923	0.992376534391291
7340.56610747923	0.992203260077317
7340.86610747923	0.992046187944378
7341.16610747923	0.991912944779738
7341.466107479229	0.9918111573706609
7341.76610747923	0.991747935746873
7342.06610747923	0.991725767282346
7342.366107479221	0.991741308263171
7342.66610747922	0.991790392906892
7342.96610747922	0.991868855431053
7343.26610747922	0.991972530053198
7343.566107479221	0.99209725099087
7343.866107479221	0.992238852461613
7344.16610747922	0.99239316868297
7344.46610747922	0.992556033872486
7344.76610747922	0.992723280092336
7345.066107479221	0.992890438589933
7345.36610747922	0.993053028330775
7345.66610747922	0.993207204502452
7345.96610747922	0.993349158852616
7346.26610747922	0.993475083128917
7346.566107479221	0.993581169079006
7346.86610747921	0.993663608450533
7347.16610747921	0.99371859299115
7347.46610747921	0.993742314448506
7347.76610747921	0.993730964570254
7348.06610747921	0.993680991749438
7348.36610747921	0.993593603818447
7348.66610747921	0.993476248269226
7348.96610747921	0.993337611055508
7349.266107479209	0.993186383280209
7349.56610747921	0.993031256046244
7349.86610747921	0.992880920456528
7350.16610747921	0.992744067613976
7350.46610747921	0.992629388621502
7350.766107479209	0.992545574582022
7351.0661074792	0.992501316598451
7351.3661074792	0.992503659643463
7351.666107479199	0.992549545639804
7351.9661074792	0.992629580726835
7352.2661074792	0.992733813615854
7352.566107479201	0.992852293018154
7352.866107479201	0.992975067645032
7353.1661074792	0.9930921862077839
7353.4661074792	0.993193697417705
7353.7661074792	0.993269649986091
7354.066107479201	0.993310092624237
7354.366107479201	0.99330512325535
7354.6661074792	0.993251484512818
7354.9661074792	0.993158981446733
7355.26610747919	0.9930387324940509
7355.56610747919	0.992901842795219
7355.86610747919	0.992759417490685
7356.16610747919	0.992622561720897
7356.46610747919	0.992502380626301
7356.76610747919	0.992409979347345
7357.06610747919	0.992356463024477
7357.36610747919	0.992352936798144
7357.66610747919	0.992409525758281
7357.96610747919	0.992520759996947
7358.26610747919	0.992671977966919
7358.56610747919	0.9928498888446869
7358.86610747919	0.99304120887193
7359.16610747919	0.993232654290326
7359.466107479179	0.9934109413415541
7359.766107479179	0.99356278626729
7360.06610747918	0.993674905309213
7360.36610747918	0.993734014709002
7360.66610747918	0.993726830708334
7360.966107479179	0.993644156658404
7361.266107479179	0.993496922411726
7361.56610747918	0.993299959903559
7361.86610747918	0.993067627005133
7362.16610747918	0.992814281587677
7362.466107479179	0.992554281522421
7362.766107479179	0.992301984680596
7363.06610747918	0.992071748933432
7363.36610747918	0.991877932152158
7363.66610747918	0.991734892208005
7363.96610747917	0.991656922677387
7364.26610747917	0.9916505133496361
7364.566107479171	0.991707739395998
7364.86610747917	0.991819789856672
7365.16610747917	0.991977894209113
7365.46610747917	0.992173281930777
7365.76610747917	0.992397182499119
7366.06610747917	0.992640825391594
7366.36610747917	0.992895440085659
7366.66610747917	0.993152256058767
7366.96610747917	0.9934025027883751
7367.26610747917	0.99363796427259
7367.56610747917	0.993858775341403
7367.86610747917	0.994069154274956
7368.16610747916	0.994272284038071
7368.46610747916	0.994471343321666
7368.766107479159	0.994669510816662
7369.06610747916	0.994869965213978
7369.36610747916	0.9950758852045331
7369.66610747916	0.9952904494792481
7369.966107479159	0.995516836729043
7370.266107479159	0.995758225644836
7370.56610747916	0.996015632627511
7370.86610747916	0.996281255390813
7371.16610747916	0.9965491658154429
7371.466107479159	0.996814253507836
7371.766107479159	0.997071408074429
7372.06610747916	0.9973155191216529
7372.366107479151	0.997541476255946
7372.66610747915	0.997744169083741
7372.96610747915	0.997918487211473
7373.26610747915	0.998059320245577
7373.566107479151	0.998161612260513
7373.86610747915	0.998226165896289
7374.16610747915	0.998261526493449
7374.46610747915	0.998273829020037
7374.76610747915	0.998269045515382
7375.066107479151	0.998253148018811
7375.36610747915	0.9982321085696541
7375.66610747915	0.998211899207239
7375.96610747915	0.9981984919708941
7376.26610747915	0.9981978588999501
7376.566107479151	0.998215972033734
7376.86610747914	0.998258403423719
7377.16610747914	0.9983249786028821
7377.46610747914	0.99841299933074
7377.766107479139	0.998520542905784
7378.06610747914	0.99864568930747
7378.36610747914	0.998786518515251
7378.66610747914	0.998941110508583
7378.96610747914	0.99910754526692
7379.266107479139	0.999283902769717
7379.56610747914	0.99946826299643
7379.86610747914	0.999658705926512
7380.16610747914	0.999852913584554
7380.466107479139	1.00004703471647
7380.766107479139	1.0002376449476
7381.066107479131	1.00042147243591
7381.366107479131	1.00059524533935
7381.66610747913	1.00075569181589
7381.96610747913	1.00089954002348
7382.26610747913	1.0010235181201
7382.566107479131	1.00112435426369
7382.866107479131	1.00119877661222
7383.16610747913	1.00124356078977
7383.46610747913	1.00126013367261
7383.76610747913	1.00125611419699
7384.066107479131	1.00123752402607
7384.36610747913	1.00121027750882
7384.66610747913	1.00118028899422
7384.96610747913	1.00115347283125
7385.26610747912	1.00113574336889
7385.56610747912	1.00113301495611
7385.86610747912	1.00115120194189
7386.16610747912	1.00119621867521
7386.46610747912	1.00127329981379
7386.76610747912	1.0013786128406
7387.06610747912	1.00150631349597
7387.36610747912	1.00165255411893
7387.66610747912	1.00181349256839
7387.96610747912	1.00198528670327
7388.266107479119	1.0021640943825
7388.56610747912	1.00234607346498
7388.86610747912	1.00252738180964
7389.16610747912	1.0027041772754
7389.46610747912	1.00287261772117
7389.766107479109	1.00303048915314
7390.06610747911	1.00317992521111
7390.366107479111	1.00331724115515
7390.66610747911	1.00343757915585
7390.96610747911	1.00353608138382
7391.26610747911	1.00360789000967
7391.566107479111	1.00364814720401
7391.866107479111	1.00365199513744
7392.16610747911	1.00361457598057
7392.46610747911	1.003531031904
7392.76610747911	1.00339652518437
7393.066107479111	1.00320840712872
7393.366107479111	1.00297469391245
7393.66610747911	1.00271080132119
7393.9661074791	1.00243242894556
7394.2661074791	1.00215527637614
7394.5661074791	1.00189504320354
7394.8661074791	1.00166742901836
7395.1661074791	1.00148813341119
7395.4661074791	1.00137285597263
7395.7661074791	1.00133729629329
7396.0661074791	1.00139629421951
7396.3661074791	1.00155133849838
7396.6661074791	1.00178695448657
7396.9661074791	1.00208434670286
7397.2661074791	1.0024247130621
7397.5661074791	1.00278925147916
7397.8661074791	1.00315915986892
7398.16610747909	1.00351563614623
7398.466107479089	1.00383987822595
7398.766107479089	1.00411308402295
7399.06610747909	1.0043164514521
7399.36610747909	1.00443445641152
7399.66610747909	1.00446923450395
7399.966107479089	1.00443326258166
7400.266107479089	1.00433985903217
7400.56610747909	1.004202342243
7400.86610747909	1.00403403060169
7401.16610747909	1.00384824249576
7401.46610747909	1.00365829631273
7401.76610747909	1.00347751044013
7402.066107479091	1.00331920326549
7402.36610747908	1.00319665764438
7402.66610747908	1.00311993710634
7402.96610747908	1.00308915354553
7403.26610747908	1.00309946381258
7403.566107479081	1.00314585514144
7403.86610747908	1.00322331476607
7404.16610747908	1.00332682992044
7404.46610747908	1.00345138783851
7404.76610747908	1.00359197575423
7405.06610747908	1.00374358090157
7405.36610747908	1.0039011905145
7405.66610747908	1.00405964120225
7405.96610747908	1.00421249352741
7406.26610747908	1.00435642630314
7406.56610747908	1.00448980004106
7406.86610747907	1.00461097825767
7407.16610747907	1.00471832446946
7407.46610747907	1.00481020219294
7407.766107479069	1.0048849749446
7408.06610747907	1.00494100624094
7408.36610747907	1.00497665959846
7408.66610747907	1.00499029853365
7408.966107479069	1.00498112176579
7409.266107479069	1.00495223773888
7409.56610747907	1.00490820676632
7409.86610747907	1.00485364507765
7410.16610747907	1.0047931689024
7410.466107479069	1.00473139447014
7410.766107479069	1.00467293801039
7411.066107479061	1.00462241575271
7411.366107479061	1.00458444392663
7411.66610747906	1.0045636387617
7411.96610747906	1.00456461648747
7412.26610747906	1.00459199333348
7412.566107479061	1.00465038552927
7412.86610747906	1.00474440930438
7413.16610747906	1.00487868088836
7413.46610747906	1.00505781651075
7413.76610747906	1.0052864324011
7414.066107479061	1.00556914478895
7414.36610747906	1.00591056990385
7414.66610747906	1.00631532397532
7414.96610747906	1.00678802323293
