#%Name: Indochinite
#%Empirical formula: 
#%Mineral group: Tektite glass
#%Xtal system:    
#%Edge: K
#%Sample prep: powder on kapton tape
#%Beamline: ALS 10.3.2, HxV slits = 50x20 um
#%Det:  I0=N2, Fluorescence mode (Ge solid state 7elts)
#%Ref/notes:  none
#%Temp: Room temp (28C)
#%Time&date: 8:38 AM 04/16/2005
#%Provider: Matthew A. Marcus.
#%============================================================
6.9107500E+3 1.2355434E-3
6.9157500E+3 1.2865174E-3
6.9207500E+3 1.2134434E-3
6.9257500E+3 1.2410979E-3
6.9307500E+3 1.2608446E-3
6.9357500E+3 1.3228667E-3
6.9407500E+3 1.2397868E-3
6.9457500E+3 1.4959005E-3
6.9507500E+3 1.2371729E-3
6.9557500E+3 1.3673182E-3
6.9607500E+3 1.3500106E-3
6.9657500E+3 1.3273984E-3
6.9707500E+3 1.4684476E-3
6.9757500E+3 1.4987936E-3
6.9807500E+3 1.6128436E-3
6.9857500E+3 1.6553274E-3
6.9907500E+3 1.7217147E-3
6.9957500E+3 1.8511635E-3
7.0007500E+3 2.0052456E-3
7.0057500E+3 2.0442247E-3
7.0107500E+3 2.0009145E-3
7.0157500E+3 2.3238017E-3
7.0207500E+3 2.4480782E-3
7.0257500E+3 2.3751900E-3
7.0307500E+3 2.7271106E-3
7.0357500E+3 2.8802913E-3
7.0407500E+3 3.2090039E-3
7.0457500E+3 3.2474336E-3
7.0507500E+3 3.5171285E-3
7.0557500E+3 3.7503017E-3
7.0607500E+3 4.1324786E-3
7.0657500E+3 4.5961114E-3
7.0707500E+3 5.0503630E-3
7.0757500E+3 5.6424237E-3
7.0807500E+3 6.2476485E-3
7.0812500E+3 6.3889155E-3
7.0817500E+3 6.5415343E-3
7.0822500E+3 6.5015617E-3
7.0827500E+3 6.5769076E-3
7.0832500E+3 6.6756781E-3
7.0837500E+3 6.7681642E-3
7.0842500E+3 6.8856611E-3
7.0847500E+3 6.8642796E-3
7.0852500E+3 7.1487542E-3
7.0857500E+3 7.1199555E-3
7.0862500E+3 7.3619031E-3
7.0867500E+3 7.3479318E-3
7.0872500E+3 7.5039885E-3
7.0877500E+3 7.6857078E-3
7.0882500E+3 7.7656220E-3
7.0887500E+3 7.8176095E-3
7.0892500E+3 7.9726276E-3
7.0897500E+3 8.2152625E-3
7.0902500E+3 8.3544454E-3
7.0907500E+3 8.5533523E-3
7.0912500E+3 8.5452925E-3
7.0917500E+3 8.8712235E-3
7.0922500E+3 8.9976912E-3
7.0927500E+3 9.0093949E-3
7.0932500E+3 9.2411751E-3
7.0937500E+3 9.6183155E-3
7.0942500E+3 9.6846983E-3
7.0947500E+3 1.0030629E-2
7.0952500E+3 1.0134514E-2
7.0957500E+3 1.0470712E-2
7.0962500E+3 1.0496523E-2
7.0967500E+3 1.0823598E-2
7.0972500E+3 1.1041744E-2
7.0977500E+3 1.1237884E-2
7.0982500E+3 1.1852636E-2
7.0987500E+3 1.1816563E-2
7.0992500E+3 1.2088674E-2
7.0997500E+3 1.2508952E-2
7.1002500E+3 1.2945918E-2
7.1007500E+3 1.3249340E-2
7.1012500E+3 1.3699047E-2
7.1017500E+3 1.4064688E-2
7.1022500E+3 1.4558903E-2
7.1027500E+3 1.5072241E-2
7.1032500E+3 1.5650191E-2
7.1037500E+3 1.6055392E-2
7.1042500E+3 1.6949317E-2
7.1047500E+3 1.7520937E-2
7.1052500E+3 1.8243682E-2
7.1057500E+3 1.9299679E-2
7.1062500E+3 2.0194250E-2
7.1067500E+3 2.1238111E-2
7.1072500E+3 2.2495202E-2
7.1077500E+3 2.4119419E-2
7.1082500E+3 2.6283016E-2
7.1087500E+3 2.8828110E-2
7.1092500E+3 3.1985025E-2
7.1097500E+3 3.7903008E-2
7.1102500E+3 4.8395529E-2
7.1107500E+3 6.5852644E-2
7.1112500E+3 8.3182118E-2
7.1117500E+3 8.5411974E-2
7.1122500E+3 7.7558310E-2
7.1127500E+3 7.4148032E-2
7.1132500E+3 7.3037919E-2
7.1137500E+3 7.0810175E-2
7.1142500E+3 7.3395364E-2
7.1147500E+3 8.0727012E-2
7.1152500E+3 9.5549602E-2
7.1157500E+3 1.1916380E-1
7.1162500E+3 1.5777861E-1
7.1167500E+3 2.1007411E-1
7.1172500E+3 2.7504989E-1
7.1177500E+3 3.6631492E-1
7.1182500E+3 4.9278798E-1
7.1187500E+3 6.0761816E-1
7.1192500E+3 7.0967731E-1
7.1197500E+3 7.8483937E-1
7.1202500E+3 8.3117203E-1
7.1207500E+3 8.7055401E-1
7.1212500E+3 8.9911004E-1
7.1217500E+3 9.3105123E-1
7.1222500E+3 9.6899987E-1
7.1227500E+3 1.0205758E+0
7.1232500E+3 1.0819112E+0
7.1237500E+3 1.1409871E+0
7.1242500E+3 1.1884250E+0
7.1247500E+3 1.2234652E+0
7.1252500E+3 1.2444320E+0
7.1257500E+3 1.2541328E+0
7.1262500E+3 1.2553393E+0
7.1267500E+3 1.2516882E+0
7.1272500E+3 1.2441126E+0
7.1277500E+3 1.2357484E+0
7.1282500E+3 1.2272049E+0
7.1287500E+3 1.2197516E+0
7.1292500E+3 1.2084725E+0
7.1297500E+3 1.1988356E+0
7.1302500E+3 1.1868771E+0
7.1307500E+3 1.1766781E+0
7.1312500E+3 1.1626973E+0
7.1317500E+3 1.1488107E+0
7.1322500E+3 1.1366034E+0
7.1327500E+3 1.1227212E+0
7.1332500E+3 1.1115723E+0
7.1337500E+3 1.1001342E+0
7.1342500E+3 1.0895963E+0
7.1347500E+3 1.0812419E+0
7.1352500E+3 1.0712004E+0
7.1357500E+3 1.0643511E+0
7.1362500E+3 1.0573282E+0
7.1367500E+3 1.0501355E+0
7.1372500E+3 1.0446518E+0
7.1377500E+3 1.0403026E+0
7.1382500E+3 1.0339854E+0
7.1387500E+3 1.0292036E+0
7.1392500E+3 1.0248562E+0
7.1397500E+3 1.0195185E+0
7.1402500E+3 1.0108915E+0
7.1407500E+3 1.0069277E+0
7.1412500E+3 9.9951989E-1
7.1417500E+3 9.9396819E-1
7.1422500E+3 9.8420075E-1
7.1427500E+3 9.7853920E-1
7.1432500E+3 9.7148382E-1
7.1437500E+3 9.6284481E-1
7.1442500E+3 9.5805710E-1
7.1447500E+3 9.4807197E-1
7.1452500E+3 9.4206986E-1
7.1457500E+3 9.3468001E-1
7.1462500E+3 9.2614059E-1
7.1467500E+3 9.2186503E-1
7.1472500E+3 9.1680817E-1
7.1477500E+3 9.1140466E-1
7.1482500E+3 9.0741055E-1
7.1487500E+3 9.0242121E-1
7.1492500E+3 9.0053008E-1
7.1497500E+3 8.9812493E-1
7.1502500E+3 8.9720685E-1
7.1507500E+3 8.9678009E-1
7.1512500E+3 8.9498988E-1
7.1517500E+3 8.9556051E-1
7.1522500E+3 8.9647353E-1
7.1527500E+3 8.9790919E-1
7.1532500E+3 8.9921704E-1
7.1537500E+3 9.0029573E-1
7.1542500E+3 9.0088687E-1
7.1547500E+3 9.0382904E-1
7.1552500E+3 9.0785382E-1
7.1557500E+3 9.0976481E-1
7.1562500E+3 9.1253748E-1
7.1567500E+3 9.1458143E-1
7.1572500E+3 9.1836648E-1
7.1577500E+3 9.2175394E-1
7.1582500E+3 9.2523952E-1
7.1587500E+3 9.2775889E-1
7.1592500E+3 9.3065468E-1
7.1597500E+3 9.3469171E-1
7.1602500E+3 9.3812898E-1
7.1607500E+3 9.4062609E-1
7.1627500E+3 9.5209210E-1
7.1647500E+3 9.6465335E-1
7.1667500E+3 9.7414236E-1
7.1687500E+3 9.8243806E-1
7.1707500E+3 9.9689797E-1
7.1727500E+3 1.0043192E+0
7.1747500E+3 1.0078248E+0
7.1767500E+3 1.0078613E+0
7.1787500E+3 1.0096447E+0
7.1807500E+3 1.0125055E+0
7.1827500E+3 1.0143015E+0
7.1847500E+3 1.0156590E+0
7.1867500E+3 1.0168425E+0
7.1887500E+3 1.0152383E+0
7.1907500E+3 1.0126071E+0
7.1927500E+3 1.0088745E+0
7.1947500E+3 1.0060688E+0
7.1967500E+3 1.0032542E+0
7.1987500E+3 1.0022133E+0
7.2007500E+3 9.9821952E-1
7.2027500E+3 9.9610420E-1
7.2047500E+3 9.9311164E-1
7.2067500E+3 9.9244044E-1
7.2087500E+3 9.9034350E-1
7.2107500E+3 9.8909795E-1
7.2127500E+3 9.8731779E-1
7.2147500E+3 9.8591225E-1
7.2167500E+3 9.8662951E-1
7.2187500E+3 9.8514907E-1
7.2207500E+3 9.8557929E-1
7.2227500E+3 9.8416268E-1
7.2247500E+3 9.8355760E-1
7.2267500E+3 9.8423341E-1
7.2287500E+3 9.8526226E-1
7.2307500E+3 9.8482628E-1
7.2327500E+3 9.8710770E-1
7.2347500E+3 9.8728301E-1
7.2367500E+3 9.8942668E-1
7.2387500E+3 9.9092527E-1
7.2407500E+3 9.9208428E-1
7.2427500E+3 9.9432501E-1
7.2447500E+3 9.9611457E-1
7.2467500E+3 9.9785856E-1
7.2487500E+3 9.9988328E-1
7.2507500E+3 1.0012486E+0
7.2527500E+3 1.0033685E+0
7.2547500E+3 1.0042650E+0
7.2567500E+3 1.0048469E+0
7.2587500E+3 1.0082253E+0
7.2607500E+3 1.0086552E+0
7.2627500E+3 1.0092650E+0
7.2647500E+3 1.0088052E+0
7.2667500E+3 1.0091486E+0
7.2687500E+3 1.0096632E+0
7.2707500E+3 1.0092291E+0
7.2727500E+3 1.0089233E+0
7.2747500E+3 1.0081395E+0
7.2767500E+3 1.0070427E+0
7.2787500E+3 1.0064838E+0
7.2807500E+3 1.0060873E+0
7.2827500E+3 1.0041699E+0
7.2847500E+3 1.0047357E+0
7.2867500E+3 1.0037769E+0
7.2887500E+3 1.0017576E+0
7.2907500E+3 1.0019656E+0
7.2927500E+3 1.0008319E+0
7.2947500E+3 9.9964873E-1
7.2967500E+3 9.9872092E-1
7.2987500E+3 9.9903105E-1
7.3007500E+3 9.9832121E-1
7.3027500E+3 9.9827006E-1
7.3047500E+3 9.9822828E-1
7.3067500E+3 9.9785984E-1
7.3087500E+3 9.9672599E-1
7.3107500E+3 9.9735581E-1
7.3127500E+3 9.9604351E-1
7.3147500E+3 9.9705470E-1
7.3167500E+3 9.9621656E-1
7.3187500E+3 9.9701504E-1
7.3207500E+3 9.9724093E-1
7.3227500E+3 9.9770916E-1
7.3247500E+3 9.9769865E-1
7.3267500E+3 9.9759502E-1
7.3287500E+3 9.9876689E-1
7.3307500E+3 9.9801252E-1
7.3327500E+3 9.9783934E-1
7.3347500E+3 9.9771420E-1
7.3367500E+3 9.9847960E-1
7.3387500E+3 9.9889212E-1
7.3407500E+3 9.9840944E-1
7.3427500E+3 9.9746410E-1
7.3447500E+3 9.9800015E-1
7.3467500E+3 9.9880432E-1
7.3487500E+3 9.9811501E-1
7.3507500E+3 9.9863063E-1
7.3527500E+3 9.9843801E-1
7.3547500E+3 9.9836506E-1
7.3567500E+3 9.9904540E-1
7.3587500E+3 9.9877651E-1
7.3607500E+3 9.9833387E-1
7.3627500E+3 9.9775012E-1
7.3647500E+3 9.9772135E-1
7.3667500E+3 9.9833885E-1
7.3687500E+3 9.9706910E-1
7.3707500E+3 9.9787359E-1
7.3727500E+3 9.9735227E-1
7.3747500E+3 9.9814211E-1
7.3767500E+3 9.9925674E-1
7.3787500E+3 9.9724905E-1
7.3807500E+3 9.9758480E-1
7.3827500E+3 9.9784751E-1
7.3847500E+3 9.9876722E-1
7.3867500E+3 9.9815555E-1
7.3887500E+3 9.9811527E-1
7.3907500E+3 9.9945276E-1
7.3927500E+3 9.9789170E-1
7.3947500E+3 9.9794702E-1
7.3967500E+3 9.9803703E-1
7.3987500E+3 9.9903489E-1
7.4007500E+3 9.9877825E-1
7.4027500E+3 9.9785567E-1
7.4047500E+3 9.9933065E-1
7.4067500E+3 9.9848824E-1
7.4087500E+3 9.9807426E-1
7.4107500E+3 9.9806695E-1
7.4127500E+3 9.9894979E-1
7.4147500E+3 9.9796579E-1
7.4167500E+3 9.9778492E-1
7.4187500E+3 9.9744970E-1
7.4207500E+3 9.9834343E-1
7.4227500E+3 9.9719670E-1
7.4247500E+3 9.9709675E-1
7.4267500E+3 9.9700457E-1
7.4287500E+3 9.9702419E-1
7.4307500E+3 9.9665424E-1
7.4327500E+3 9.9573743E-1
7.4347500E+3 9.9675277E-1
7.4367500E+3 9.9674482E-1
7.4387500E+3 9.9661873E-1
7.4407500E+3 9.9615439E-1
7.4427500E+3 9.9666193E-1
7.4447500E+3 9.9482233E-1
7.4467500E+3 9.9668533E-1
7.4487500E+3 9.9612052E-1
7.4507500E+3 9.9656903E-1
7.4527500E+3 9.9541557E-1
7.4547500E+3 9.9679253E-1
7.4567500E+3 9.9760443E-1
7.4587500E+3 9.9698423E-1
7.4607500E+3 9.9781622E-1
7.4627500E+3 9.9779865E-1
7.4647500E+3 9.9672629E-1
7.4667500E+3 9.9842814E-1
7.4687500E+3 9.9774946E-1
7.4707500E+3 9.9754653E-1
7.4727500E+3 9.9731017E-1
7.4747500E+3 9.9884437E-1
7.4767500E+3 9.9796083E-1
7.4787500E+3 9.9771688E-1
7.4807500E+3 9.9695665E-1
7.4827500E+3 9.9776034E-1
7.4847500E+3 9.9810031E-1
7.4867500E+3 9.9842410E-1
7.4887500E+3 9.9818839E-1
7.4907500E+3 9.9927670E-1
7.4927500E+3 1.0002494E+0
7.4947500E+3 9.9942478E-1
7.4967500E+3 9.9941670E-1
7.4987500E+3 9.9878273E-1
7.5007500E+3 9.9980677E-1
7.5027500E+3 9.9961238E-1
7.5047500E+3 1.0002638E+0
7.5067500E+3 1.0004609E+0
7.5087500E+3 1.0000394E+0
7.5107500E+3 1.0005157E+0
7.5127500E+3 1.0006547E+0
7.5147500E+3 1.0003715E+0
7.5167500E+3 1.0001988E+0
7.5187500E+3 9.9984008E-1
7.5207500E+3 9.9949304E-1
7.5227500E+3 1.0001182E+0
7.5247500E+3 1.0001335E+0
7.5267500E+3 9.9878953E-1
7.5287500E+3 9.9970454E-1
7.5307500E+3 1.0004668E+0
7.5327500E+3 1.0015032E+0
7.5347500E+3 1.0000478E+0
7.5367500E+3 1.0006069E+0
7.5387500E+3 9.9988613E-1
7.5407500E+3 9.9994951E-1
7.5427500E+3 1.0008299E+0
7.5447500E+3 1.0009301E+0
7.5467500E+3 1.0010654E+0
7.5487500E+3 1.0011301E+0
7.5507500E+3 1.0020417E+0
7.5527500E+3 1.0014366E+0
7.5547500E+3 1.0020309E+0
7.5567500E+3 1.0027997E+0
7.5587500E+3 1.0024401E+0
7.5607500E+3 1.0014976E+0
7.5627500E+3 1.0016107E+0
7.5647500E+3 1.0021225E+0
7.5667500E+3 1.0015114E+0
7.5687500E+3 1.0014706E+0
7.5707500E+3 1.0028666E+0
7.5727500E+3 1.0025458E+0
7.5747500E+3 1.0026983E+0
7.5767500E+3 1.0023465E+0
7.5787500E+3 1.0023554E+0
7.5807500E+3 1.0032379E+0
7.5827500E+3 1.0018717E+0
7.5847500E+3 1.0035785E+0
7.5867500E+3 1.0039690E+0
7.5887500E+3 1.0032245E+0
7.5907500E+3 1.0025032E+0
7.5927500E+3 1.0025166E+0
7.5947500E+3 1.0033549E+0
7.5967500E+3 1.0042244E+0
7.5987500E+3 1.0037053E+0
7.6007500E+3 1.0041088E+0
7.6027500E+3 1.0048403E+0
7.6047500E+3 1.0051303E+0
7.6067500E+3 1.0038487E+0
7.6087500E+3 1.0045596E+0
