#%Name: Kaolinite KGa-1b
#%Formula: 
#%Mineral class: 
#%Xtal system: 
#%Edge: K
#%Sample prep: mounted on kapton tape
#%Beamline: ALS 10.3.2, HxV slits = 300x20 um
#%Det:  I0=N2, Fluorescence mode (Ge solid state 7elts)
#%Ref/notes:  from the Clay Minerals Society. XRD confirmed. Fe-poor, average of many scans.
#%Temp: Room temp (28C)
#%Time&date: 11:11 AM 6/6/2011. Matthew A. Marcus
#%============================================================
7.0116448E+3 2.2736496E-3
7.0126454E+3 2.5944696E-3
7.0136459E+3 2.5155542E-3
7.0146465E+3 2.6503186E-3
7.0156470E+3 2.4954113E-3
7.0166475E+3 2.4769071E-3
7.0176481E+3 2.6645876E-3
7.0186486E+3 2.2161558E-3
7.0196491E+3 2.8852750E-3
7.0206497E+3 2.8508430E-3
7.0216502E+3 2.5354502E-3
7.0226507E+3 2.6604980E-3
7.0236513E+3 2.2958272E-3
7.0246518E+3 2.5884756E-3
7.0256523E+3 2.7547254E-3
7.0266529E+3 2.6001692E-3
7.0276534E+3 2.4403772E-3
7.0286539E+3 2.8457439E-3
7.0296545E+3 2.4729877E-3
7.0306550E+3 2.6499827E-3
7.0316555E+3 3.0461343E-3
7.0326561E+3 2.8103940E-3
7.0336566E+3 2.8024617E-3
7.0346571E+3 2.7188116E-3
7.0356577E+3 2.3350428E-3
7.0366582E+3 2.4754314E-3
7.0376587E+3 2.3022019E-3
7.0386593E+3 2.3879866E-3
7.0396598E+3 2.3671151E-3
7.0406603E+3 2.4408088E-3
7.0416609E+3 2.5066408E-3
7.0426614E+3 2.8740732E-3
7.0436619E+3 2.7431120E-3
7.0446625E+3 2.9290343E-3
7.0456630E+3 2.6721114E-3
7.0466635E+3 2.5566347E-3
7.0476641E+3 3.0736968E-3
7.0486646E+3 2.9313546E-3
7.0496651E+3 3.3657297E-3
7.0506657E+3 3.0278314E-3
7.0516662E+3 3.0212776E-3
7.0526667E+3 3.0052591E-3
7.0536673E+3 3.0491485E-3
7.0546678E+3 3.1521668E-3
7.0556683E+3 3.6332015E-3
7.0566689E+3 3.6903218E-3
7.0576694E+3 3.3622151E-3
7.0586699E+3 3.8164406E-3
7.0596705E+3 3.7386003E-3
7.0606710E+3 3.7761104E-3
7.0616716E+3 3.8013779E-3
7.0626721E+3 3.3912152E-3
7.0636726E+3 3.7778736E-3
7.0646732E+3 3.8707626E-3
7.0656737E+3 3.9699476E-3
7.0666742E+3 4.1982125E-3
7.0676748E+3 4.0960531E-3
7.0686753E+3 4.2901834E-3
7.0696758E+3 4.7320244E-3
7.0706764E+3 5.0088008E-3
7.0716769E+3 5.1312619E-3
7.0726774E+3 5.1881993E-3
7.0736780E+3 4.9083320E-3
7.0746785E+3 5.2122997E-3
7.0756790E+3 5.4065498E-3
7.0766796E+3 5.0469225E-3
7.0776801E+3 5.6355316E-3
7.0786806E+3 5.8687098E-3
7.0796812E+3 5.8111778E-3
7.0806817E+3 6.0119489E-3
7.0816822E+3 6.2824860E-3
7.0826828E+3 6.4847730E-3
7.0836833E+3 6.6869832E-3
7.0846839E+3 6.5550717E-3
7.0856844E+3 6.6635351E-3
7.0866849E+3 6.5063274E-3
7.0876855E+3 6.9198713E-3
7.0886860E+3 7.5623147E-3
7.0896865E+3 8.1448502E-3
7.0906871E+3 8.4300631E-3
7.0916876E+3 8.8060354E-3
7.0926881E+3 9.1659390E-3
7.0936887E+3 9.4398243E-3
7.0946892E+3 9.7343473E-3
7.0956897E+3 9.5140850E-3
7.0964400E+3 9.9814857E-3
7.0969401E+3 1.0633661E-2
7.0974402E+3 1.0713384E-2
7.0979402E+3 1.0703673E-2
7.0984403E+3 1.0965348E-2
7.0989404E+3 1.1832740E-2
7.0994404E+3 1.2051017E-2
7.0999405E+3 1.2219832E-2
7.1004406E+3 1.2696970E-2
7.1009406E+3 1.2540602E-2
7.1014407E+3 1.2880868E-2
7.1019407E+3 1.3477646E-2
7.1024408E+3 1.3560800E-2
7.1029409E+3 1.3698834E-2
7.1034409E+3 1.4590838E-2
7.1039410E+3 1.4818862E-2
7.1044411E+3 1.5696235E-2
7.1049411E+3 1.6474274E-2
7.1054412E+3 1.6616324E-2
7.1059413E+3 1.6639161E-2
7.1064413E+3 1.7414135E-2
7.1069414E+3 1.8614739E-2
7.1074415E+3 1.9396638E-2
7.1079415E+3 2.0277738E-2
7.1084416E+3 2.1003143E-2
7.1089417E+3 2.2113817E-2
7.1094417E+3 2.3530462E-2
7.1099418E+3 2.6198578E-2
7.1104418E+3 2.9639643E-2
7.1109419E+3 3.3811950E-2
7.1114420E+3 3.9747337E-2
7.1119420E+3 4.6843384E-2
7.1124421E+3 5.3718808E-2
7.1129422E+3 6.0080597E-2
7.1134422E+3 6.3813168E-2
7.1139423E+3 6.5114986E-2
7.1144424E+3 6.3180375E-2
7.1149424E+3 6.0248221E-2
7.1154425E+3 5.8638512E-2
7.1159426E+3 5.9944592E-2
7.1164426E+3 6.5545348E-2
7.1169427E+3 7.4492854E-2
7.1174428E+3 8.7846763E-2
7.1179428E+3 1.0836128E-1
7.1184429E+3 1.3448089E-1
7.1189429E+3 1.6764395E-1
7.1194430E+3 2.0756785E-1
7.1199431E+3 2.5021317E-1
7.1204431E+3 2.9456523E-1
7.1209432E+3 3.3629728E-1
7.1214433E+3 3.7994137E-1
7.1219433E+3 4.3664079E-1
7.1224434E+3 5.0145792E-1
7.1229435E+3 5.7647882E-1
7.1234435E+3 6.5299250E-1
7.1239436E+3 7.2807146E-1
7.1244437E+3 7.9721261E-1
7.1249437E+3 8.4985515E-1
7.1254438E+3 9.0331200E-1
7.1259439E+3 9.6269493E-1
7.1264439E+3 1.0287130E+0
7.1269440E+3 1.0962370E+0
7.1274441E+3 1.1553202E+0
7.1279441E+3 1.2070796E+0
7.1284442E+3 1.2603462E+0
7.1289442E+3 1.3058360E+0
7.1294443E+3 1.3453371E+0
7.1299444E+3 1.3872519E+0
7.1304444E+3 1.4202355E+0
7.1309445E+3 1.4522132E+0
7.1314446E+3 1.4674484E+0
7.1319446E+3 1.4708683E+0
7.1324447E+3 1.4543032E+0
7.1329448E+3 1.4314394E+0
7.1334448E+3 1.4066418E+0
7.1339449E+3 1.3797969E+0
7.1344450E+3 1.3482223E+0
7.1349450E+3 1.3240334E+0
7.1354451E+3 1.2922732E+0
7.1359452E+3 1.2623366E+0
7.1364452E+3 1.2341814E+0
7.1369453E+3 1.2128296E+0
7.1374454E+3 1.1877307E+0
7.1379454E+3 1.1653208E+0
7.1384455E+3 1.1460913E+0
7.1389455E+3 1.1304270E+0
7.1394456E+3 1.1128726E+0
7.1399457E+3 1.0976317E+0
7.1404457E+3 1.0835291E+0
7.1409458E+3 1.0658336E+0
7.1416959E+3 1.0498182E+0
7.1426960E+3 1.0307664E+0
7.1436962E+3 1.0188241E+0
7.1446963E+3 1.0116896E+0
7.1456964E+3 9.9837485E-1
7.1466966E+3 9.8112002E-1
7.1476967E+3 9.6061054E-1
7.1486968E+3 9.3559804E-1
7.1496969E+3 9.1239090E-1
7.1506971E+3 8.9473240E-1
7.1516972E+3 8.7730322E-1
7.1526973E+3 8.6671686E-1
7.1536975E+3 8.5735453E-1
7.1546976E+3 8.5377125E-1
7.1556977E+3 8.5408956E-1
7.1566979E+3 8.5554069E-1
7.1576980E+3 8.5733434E-1
7.1586981E+3 8.6091563E-1
7.1596982E+3 8.6517795E-1
7.1606984E+3 8.7397496E-1
7.1616985E+3 8.8009403E-1
7.1626986E+3 8.9139889E-1
7.1636988E+3 8.9905149E-1
7.1646989E+3 9.0894104E-1
7.1656990E+3 9.2043634E-1
7.1666992E+3 9.2784375E-1
7.1676993E+3 9.3753279E-1
7.1686994E+3 9.4732376E-1
7.1696996E+3 9.5318411E-1
7.1706997E+3 9.5929528E-1
7.1716998E+3 9.6587016E-1
7.1726999E+3 9.7116649E-1
7.1737001E+3 9.7962973E-1
7.1747002E+3 9.8817472E-1
7.1757003E+3 9.9537240E-1
7.1767005E+3 1.0033178E+0
7.1777006E+3 1.0059031E+0
7.1787007E+3 1.0110165E+0
7.1797009E+3 1.0199406E+0
7.1807010E+3 1.0226374E+0
7.1817011E+3 1.0304491E+0
7.1827013E+3 1.0341348E+0
7.1837014E+3 1.0367625E+0
7.1847015E+3 1.0428446E+0
7.1857016E+3 1.0447983E+0
7.1867018E+3 1.0498546E+0
7.1877019E+3 1.0515720E+0
7.1887020E+3 1.0525891E+0
7.1897022E+3 1.0515165E+0
7.1907023E+3 1.0492155E+0
7.1917024E+3 1.0507107E+0
7.1927026E+3 1.0503421E+0
7.1937027E+3 1.0489867E+0
7.1947028E+3 1.0488331E+0
7.1957030E+3 1.0447537E+0
7.1967031E+3 1.0433834E+0
7.1977032E+3 1.0411910E+0
7.1987033E+3 1.0353310E+0
7.1997035E+3 1.0304491E+0
7.2007036E+3 1.0242707E+0
7.2017037E+3 1.0210090E+0
7.2027039E+3 1.0124284E+0
7.2037040E+3 1.0055203E+0
7.2047041E+3 9.9874236E-1
7.2057043E+3 9.9313004E-1
7.2067044E+3 9.8770331E-1
7.2077045E+3 9.8358412E-1
7.2087047E+3 9.7807987E-1
7.2097048E+3 9.7448132E-1
7.2107049E+3 9.7239090E-1
7.2117051E+3 9.6629956E-1
7.2127052E+3 9.6652587E-1
7.2137053E+3 9.6220353E-1
7.2147054E+3 9.6071174E-1
7.2157056E+3 9.6220001E-1
7.2167057E+3 9.6298591E-1
7.2177058E+3 9.6041471E-1
7.2187060E+3 9.6204142E-1
7.2197061E+3 9.6331363E-1
7.2207062E+3 9.6231875E-1
7.2217064E+3 9.6601548E-1
7.2227065E+3 9.6616824E-1
7.2237066E+3 9.6597670E-1
7.2247068E+3 9.6584846E-1
7.2257069E+3 9.6596559E-1
7.2267070E+3 9.6702865E-1
7.2277072E+3 9.6782018E-1
7.2287073E+3 9.6956543E-1
7.2297074E+3 9.7030718E-1
7.2307076E+3 9.7322505E-1
7.2317077E+3 9.7194710E-1
7.2327078E+3 9.7410426E-1
7.2337079E+3 9.7552182E-1
7.2347081E+3 9.8019887E-1
7.2357082E+3 9.8216077E-1
7.2367083E+3 9.8271649E-1
7.2377085E+3 9.8501200E-1
7.2387086E+3 9.8884005E-1
7.2397087E+3 9.9021988E-1
7.2407089E+3 9.9381816E-1
7.2417090E+3 9.9620609E-1
7.2427091E+3 9.9603226E-1
7.2437093E+3 9.9744788E-1
7.2447094E+3 9.9724476E-1
7.2457095E+3 1.0017259E+0
7.2467097E+3 1.0047832E+0
7.2477098E+3 1.0030217E+0
7.2487099E+3 1.0050549E+0
7.2497101E+3 1.0063021E+0
7.2507102E+3 1.0042293E+0
7.2517103E+3 1.0054751E+0
7.2527105E+3 1.0060822E+0
7.2537106E+3 1.0076483E+0
7.2547107E+3 1.0085324E+0
7.2557108E+3 1.0106737E+0
7.2567110E+3 1.0080347E+0
7.2574611E+3 1.0109399E+0
7.2579611E+3 1.0089556E+0
7.2584612E+3 1.0103958E+0
7.2589613E+3 1.0083940E+0
7.2594613E+3 1.0101098E+0
7.2599614E+3 1.0117335E+0
7.2604615E+3 1.0137058E+0
7.2609615E+3 1.0109658E+0
7.2614616E+3 1.0135431E+0
7.2619617E+3 1.0114145E+0
7.2624617E+3 1.0079194E+0
7.2629618E+3 1.0074025E+0
7.2634619E+3 1.0122422E+0
7.2639619E+3 1.0148693E+0
7.2644620E+3 1.0092687E+0
7.2649621E+3 1.0111922E+0
7.2654621E+3 1.0138064E+0
7.2659622E+3 1.0127843E+0
7.2664623E+3 1.0145699E+0
7.2669623E+3 1.0120975E+0
7.2674624E+3 1.0133407E+0
7.2679625E+3 1.0156645E+0
7.2698127E+3 1.0089277E+0
7.2730131E+3 1.0110779E+0
7.2762136E+3 1.0097419E+0
7.2794140E+3 1.0087096E+0
7.2826144E+3 1.0098760E+0
7.2858148E+3 1.0096129E+0
7.2890153E+3 1.0071636E+0
7.2922157E+3 1.0055104E+0
7.2954161E+3 1.0022624E+0
7.2986165E+3 1.0009469E+0
7.3018170E+3 9.9859307E-1
7.3050174E+3 9.9871279E-1
7.3082178E+3 1.0001760E+0
7.3114182E+3 9.9791334E-1
7.3146187E+3 9.9697489E-1
7.3178191E+3 9.9537113E-1
7.3210195E+3 9.9312456E-1
7.3242199E+3 9.9438277E-1
7.3274204E+3 9.9569635E-1
7.3306208E+3 9.9666796E-1
7.3338212E+3 9.9561508E-1
7.3370217E+3 9.9752921E-1
7.3402221E+3 9.9766431E-1
7.3434225E+3 9.9779114E-1
7.3466229E+3 9.9778833E-1
7.3498234E+3 9.9848596E-1
7.3530238E+3 9.9980257E-1
7.3562242E+3 1.0013860E+0
7.3594246E+3 1.0005534E+0
7.3626251E+3 1.0016332E+0
7.3658255E+3 1.0007439E+0
7.3690259E+3 1.0020133E+0
7.3722264E+3 1.0032131E+0
7.3754268E+3 1.0017674E+0
7.3786272E+3 1.0027134E+0
7.3818277E+3 1.0017837E+0
7.3850281E+3 1.0040637E+0
7.3882285E+3 1.0027180E+0
7.3914289E+3 1.0033328E+0
7.3946294E+3 1.0028309E+0
7.3978298E+3 9.9994201E-1
7.4010302E+3 1.0012893E+0
7.4042307E+3 1.0008167E+0
7.4074311E+3 9.9920896E-1
