#%Name: Siderite
#%Formula: Fe(II)CO3
#%Mineral class: carbonate 
#%Xtal system: trigonal    
#%Edge: K
#%Sample prep: powder on kapton tape (green)
#%Beamline: ALS 10.3.2, HxV slits = 100x30 um
#%Det:  I0=N2, Fluorescence mode (Ge solid state 7elts)
#%Ref/notes:  from UCB. XRD confirmed
#%Temp: Room temp (28C)
#%Time&date: 5:52 AM 5/23/2011. Sirine C. Fakra
#%============================================================
7.0104195E+3 2.6533650E-3
7.0154532E+3 2.8090149E-3
7.0204869E+3 2.9346709E-3
7.0255206E+3 3.1206782E-3
7.0305543E+3 3.3246911E-3
7.0355880E+3 3.5006531E-3
7.0406217E+3 3.7352107E-3
7.0456554E+3 4.0197368E-3
7.0506891E+3 4.3877718E-3
7.0557228E+3 4.8053380E-3
7.0607565E+3 5.1003813E-3
7.0657902E+3 5.7446359E-3
7.0708239E+3 6.5161962E-3
7.0758576E+3 7.6317978E-3
7.0808913E+3 8.8793141E-3
7.0859250E+3 1.0642851E-2
7.0909587E+3 1.3429755E-2
7.0959924E+3 1.7828225E-2
7.1010261E+3 2.6742893E-2
7.1060598E+3 4.2073843E-2
7.1088267E+3 5.3442184E-2
7.1093266E+3 5.7851074E-2
7.1098265E+3 6.2860972E-2
7.1103265E+3 6.8955430E-2
7.1108264E+3 7.5582888E-2
7.1113264E+3 7.9710390E-2
7.1118263E+3 8.1418912E-2
7.1123262E+3 8.1326272E-2
7.1128262E+3 8.3134993E-2
7.1133261E+3 8.4689465E-2
7.1138260E+3 8.5799394E-2
7.1143260E+3 8.9585352E-2
7.1148259E+3 9.5801625E-2
7.1153259E+3 1.0567981E-1
7.1158258E+3 1.2228129E-1
7.1163257E+3 1.4951569E-1
7.1168257E+3 1.8704199E-1
7.1173256E+3 2.3576762E-1
7.1178255E+3 2.9445952E-1
7.1183255E+3 3.5005725E-1
7.1188254E+3 4.0839676E-1
7.1193254E+3 4.7987711E-1
7.1198253E+3 5.7569330E-1
7.1203252E+3 7.0427720E-1
7.1208252E+3 8.6489456E-1
7.1213251E+3 1.0427373E+0
7.1218251E+3 1.2333192E+0
7.1223250E+3 1.4128200E+0
7.1228249E+3 1.5219796E+0
7.1233249E+3 1.5837919E+0
7.1238248E+3 1.6019832E+0
7.1243247E+3 1.5786215E+0
7.1248247E+3 1.5258968E+0
7.1253246E+3 1.4580005E+0
7.1258246E+3 1.3927221E+0
7.1263245E+3 1.3199607E+0
7.1268244E+3 1.2493459E+0
7.1273244E+3 1.1713558E+0
7.1278243E+3 1.1116451E+0
7.1283242E+3 1.0590367E+0
7.1288242E+3 1.0185994E+0
7.1293241E+3 9.9020652E-1
7.1298241E+3 9.6869259E-1
7.1303240E+3 9.5565681E-1
7.1308239E+3 9.6454158E-1
7.1313239E+3 9.8510177E-1
7.1318238E+3 1.0223744E+0
7.1323237E+3 1.0703281E+0
7.1328237E+3 1.1268969E+0
7.1333236E+3 1.1816708E+0
7.1338236E+3 1.2184324E+0
7.1343235E+3 1.2481475E+0
7.1348234E+3 1.2687244E+0
7.1353234E+3 1.2837093E+0
7.1358233E+3 1.2839313E+0
7.1363232E+3 1.2683774E+0
7.1368232E+3 1.2489512E+0
7.1373231E+3 1.2186489E+0
7.1378231E+3 1.1855785E+0
7.1383230E+3 1.1381274E+0
7.1388229E+3 1.0855078E+0
7.1393229E+3 1.0289085E+0
7.1398228E+3 9.8225425E-1
7.1403227E+3 9.4015400E-1
7.1408227E+3 9.0257888E-1
7.1413226E+3 8.6882242E-1
7.1425814E+3 7.9328781E-1
7.1445990E+3 7.1586630E-1
7.1466166E+3 6.8611612E-1
7.1486342E+3 6.9362952E-1
7.1506518E+3 7.2127622E-1
7.1526694E+3 7.5783050E-1
7.1546870E+3 8.0662624E-1
7.1567046E+3 8.7905818E-1
7.1587222E+3 9.4477740E-1
7.1607398E+3 9.8231230E-1
7.1627574E+3 1.0083151E+0
7.1647751E+3 1.0397018E+0
7.1667927E+3 1.0686565E+0
7.1688103E+3 1.0913767E+0
7.1708279E+3 1.1023688E+0
7.1728455E+3 1.0831131E+0
7.1748631E+3 1.0460077E+0
7.1768807E+3 1.0157367E+0
7.1788983E+3 9.9767360E-1
7.1809159E+3 9.9121959E-1
7.1829335E+3 9.9122068E-1
7.1849511E+3 9.9548978E-1
7.1869687E+3 9.9534089E-1
7.1889863E+3 9.9095564E-1
7.1910039E+3 9.8062671E-1
7.1930215E+3 9.6542163E-1
7.1950391E+3 9.4553157E-1
7.1970567E+3 9.3031321E-1
7.1990743E+3 9.2378897E-1
7.2010919E+3 9.2644948E-1
7.2031095E+3 9.3604334E-1
7.2051271E+3 9.4822038E-1
7.2071447E+3 9.5053000E-1
7.2091623E+3 9.4593060E-1
7.2111799E+3 9.4210033E-1
7.2131975E+3 9.4225135E-1
7.2152151E+3 9.4783781E-1
7.2172328E+3 9.5517628E-1
7.2192504E+3 9.6228148E-1
7.2212680E+3 9.6482283E-1
7.2232856E+3 9.6661659E-1
7.2253032E+3 9.7105346E-1
7.2273208E+3 9.7895357E-1
7.2293384E+3 9.8878557E-1
7.2313560E+3 9.9536232E-1
7.2333736E+3 9.9860028E-1
7.2353912E+3 9.9825652E-1
7.2374088E+3 9.9684556E-1
7.2394264E+3 9.9754449E-1
7.2414440E+3 9.9678396E-1
7.2434616E+3 9.9866442E-1
7.2454792E+3 1.0033071E+0
7.2474968E+3 1.0080064E+0
7.2495144E+3 1.0145947E+0
7.2515320E+3 1.0233803E+0
7.2535496E+3 1.0288525E+0
7.2548084E+3 1.0302593E+0
7.2553083E+3 1.0306740E+0
7.2558082E+3 1.0297835E+0
7.2563082E+3 1.0317944E+0
7.2568081E+3 1.0304730E+0
7.2573080E+3 1.0288391E+0
7.2578080E+3 1.0279327E+0
7.2583079E+3 1.0251972E+0
7.2588079E+3 1.0233476E+0
7.2593078E+3 1.0200441E+0
7.2598077E+3 1.0183108E+0
7.2603077E+3 1.0182799E+0
7.2608076E+3 1.0131673E+0
7.2613075E+3 1.0135688E+0
7.2618075E+3 1.0124093E+0
7.2623074E+3 1.0083254E+0
7.2628073E+3 9.9646262E-1
7.2633073E+3 1.0011446E+0
7.2638072E+3 1.0011298E+0
7.2643072E+3 1.0003890E+0
7.2648071E+3 9.9571921E-1
7.2653070E+3 9.9144616E-1
7.2658070E+3 9.9262449E-1
7.2663069E+3 9.9101526E-1
7.2668068E+3 9.8870027E-1
7.2673068E+3 9.8450348E-1
7.2678067E+3 9.8143146E-1
7.2683067E+3 9.8311346E-1
7.2688066E+3 9.8045007E-1
7.2693065E+3 9.7979045E-1
7.2707669E+3 9.7422843E-1
7.2731876E+3 9.6850231E-1
7.2756084E+3 9.6440783E-1
7.2780291E+3 9.6879566E-1
7.2804498E+3 9.7980631E-1
7.2828706E+3 9.8895184E-1
7.2852913E+3 9.9426722E-1
7.2877121E+3 9.9590790E-1
7.2901328E+3 9.9363931E-1
7.2925536E+3 9.9167709E-1
7.2949743E+3 9.9299254E-1
7.2973951E+3 9.9351648E-1
7.2998158E+3 9.9194050E-1
7.3022365E+3 9.9036635E-1
7.3046573E+3 9.8767708E-1
7.3070780E+3 9.8617154E-1
7.3094988E+3 9.8357785E-1
7.3119195E+3 9.8145769E-1
7.3143403E+3 9.8131934E-1
7.3167610E+3 9.8251871E-1
7.3191818E+3 9.8668254E-1
7.3216025E+3 9.9424558E-1
7.3240232E+3 9.9797755E-1
7.3264440E+3 9.9999706E-1
7.3288647E+3 1.0008236E+0
7.3312855E+3 1.0001388E+0
7.3337062E+3 1.0012038E+0
7.3361270E+3 1.0042038E+0
7.3385477E+3 1.0073181E+0
7.3409684E+3 1.0110962E+0
7.3433892E+3 1.0145985E+0
7.3458099E+3 1.0155374E+0
7.3482307E+3 1.0160064E+0
7.3506514E+3 1.0156863E+0
7.3530721E+3 1.0144015E+0
7.3554929E+3 1.0116104E+0
7.3579136E+3 1.0079920E+0
7.3603344E+3 1.0041516E+0
7.3629548E+3 9.9799699E-1
7.3657750E+3 9.9242784E-1
7.3685951E+3 9.9004105E-1
7.3714153E+3 9.9155535E-1
7.3742354E+3 9.9195796E-1
7.3770556E+3 9.9347867E-1
7.3798757E+3 9.9379392E-1
7.3826959E+3 9.9513015E-1
7.3855160E+3 9.9687006E-1
7.3883362E+3 9.9458183E-1
7.3911563E+3 9.9388202E-1
7.3939765E+3 9.9134342E-1
7.3967966E+3 9.9248734E-1
7.3996168E+3 9.9363417E-1
7.4024369E+3 9.9506870E-1
7.4052571E+3 9.9732155E-1
7.4080772E+3 9.9950731E-1
7.4108974E+3 1.0016925E+0
