#%Name: Vermiculite
#%formula: (Mg,Fe2+,Fe3+)3[(Al,Si)4O10](OH)2·4H2O
#%Mineral class: silicate
#%Xtal system: monoclinic
#%Edge: K
#%Sample prep: powder on kapton tape
#%Beamline: ALS 10.3.2, HxV slits = 200x20 um
#%Det:  I0=N2, Fluorescence mode (Canberra Ge solid state 7elts)
#%Ref/notes:  from MRC, CA-USA. scans(.dat) on multiple spots averaged
#%Temp: Room temp (28 degC)
#%Time&date: 4:21 AM 4/21/2010. Sirine C. Fakra
#%============================================================
7010.992089	-1.98219e-06
7011.164267	-6.70212e-06
7011.336445000001	-1.09673e-05
7011.508623	-1.47922e-05
7011.680801	-1.81912e-05
7011.852979	-2.1179e-05
7012.025157	-2.37699e-05
7012.197335	-2.59785e-05
7012.369513000001	-2.78192e-05
7012.541691	-2.93065e-05
7012.713869	-3.0455e-05
7012.886047	-3.1279e-05
7013.058225	-3.17932e-05
7013.230403	-3.20119e-05
7013.402581	-3.19496e-05
7013.574759	-3.16209e-05
7013.746937	-3.10402e-05
7013.919115000001	-3.0222e-05
7014.091292999999	-2.91808e-05
7014.263470999999	-2.79311e-05
7014.435649	-2.64874e-05
7014.607827	-2.48641e-05
7014.780005000001	-2.30757e-05
7014.952183	-2.11368e-05
7015.124361	-1.90617e-05
7015.296539	-1.68651e-05
7015.468717	-1.45613e-05
7015.640895	-1.21649e-05
7015.813073	-9.69033e-06
7015.985251	-7.15209e-06
7016.157429	-4.56467e-06
7016.329607000001	-1.94256e-06
7016.501785	6.997729999999999e-07
7016.673962999999	3.34783e-06
7016.846141	5.98713e-06
7017.018319	8.60319e-06
7017.190497	1.11815e-05
7017.362675	1.37076e-05
7017.534853	1.6167e-05
7017.707031	1.85453e-05
7017.879209000001	2.08278e-05
7018.051387	2.30002e-05
7018.223565	2.5048e-05
7018.395743	2.69566e-05
7018.567921	2.87117e-05
7018.740099000001	3.02986e-05
7018.912277	3.17029e-05
7019.084455	3.29102e-05
7019.256633	3.3906e-05
7019.428811	3.46756e-05
7019.600989	3.52048e-05
7019.773167	3.5479e-05
7019.945345	3.54836e-05
7020.117523	3.52043e-05
7020.289701000001	3.46266e-05
7020.461879	3.37358e-05
7020.634056999999	3.25177e-05
7020.806235	3.09579e-05
7020.978413	2.90441e-05
7021.150591	2.67804e-05
7021.322769	2.41957e-05
7021.494947	2.13205e-05
7021.667125	1.81857e-05
7021.839303	1.48217e-05
7022.011481	1.12593e-05
7022.183659	7.52916e-06
7022.355837	3.66188e-06
7022.528015	-3.11864e-07
7022.700193000001	-4.36141e-06
7022.872371	-8.45612e-06
7023.044549	-1.25653e-05
7023.216727	-1.66584e-05
7023.388905	-2.07046e-05
7023.561083	-2.46733e-05
7023.733261	-2.8534e-05
7023.905439	-3.22558e-05
7024.077617	-3.58083e-05
7024.249795000001	-3.91606e-05
7024.421973	-4.22822e-05
7024.594150999999	-4.51424e-05
7024.766329	-4.77105e-05
7024.938507	-4.99559e-05
7025.110685	-5.1848e-05
7025.282863	-5.3356e-05
7025.455041	-5.44494e-05
7025.627219	-5.50974e-05
7025.799397	-5.52703e-05
7025.971575	-5.4943e-05
7026.143753	-5.4103e-05
7026.315931	-5.27776e-05
7026.488109	-5.10005e-05
7026.660287000001	-4.88052e-05
7026.832465	-4.62252e-05
7027.004642999999	-4.32941e-05
7027.176821	-4.00455e-05
7027.348999	-3.65128e-05
7027.521177	-3.27297e-05
7027.693355	-2.87296e-05
7027.865533	-2.45462e-05
7028.037711	-2.02129e-05
7028.209889000001	-1.57634e-05
7028.382067	-1.12312e-05
7028.554244999999	-6.64975e-06
7028.726423	-2.05269e-06
7028.898601	2.52645e-06
7029.070779000001	7.05413e-06
7029.242957	1.14968e-05
7029.415135	1.58209e-05
7029.587313	1.99929e-05
7029.759491	2.39792e-05
7029.931669	2.77463e-05
7030.103847	3.12607e-05
7030.276025	3.44888e-05
7030.448203	3.7397e-05
7030.620381000001	3.99518e-05
7030.792559	4.21209e-05
7030.964736999999	4.38804e-05
7031.136915	4.52258e-05
7031.309093	4.61768e-05
7031.481271	4.67567e-05
7031.653449	4.69887e-05
7031.825627	4.68961e-05
7031.997805	4.65023e-05
7032.169983	4.58304e-05
7032.342161	4.49039e-05
7032.514338999999	4.37459e-05
7032.686517	4.23797e-05
7032.858695	4.08287e-05
7033.030873000001	3.91161e-05
7033.203051	3.72652e-05
7033.375229	3.52993e-05
7033.547407	3.32417e-05
7033.719585	3.11156e-05
7033.891763	2.89444e-05
7034.063941	2.67513e-05
7034.236119	2.45596e-05
7034.408297	2.23926e-05
7034.580475000001	2.02736e-05
7034.752653	1.82259e-05
7034.924830999999	1.62727e-05
7035.097009	1.44374e-05
7035.269187	1.27431e-05
7035.441365	1.12133e-05
7035.613543	9.87113e-06
7035.785721	8.73987e-06
7035.957899	7.83553e-06
7036.130077	7.14332e-06
7036.302255	6.64069e-06
7036.474433	6.30749e-06
7036.646611	6.12358e-06
7036.818789	6.06886e-06
7036.990967000001	6.12321e-06
7037.163145	6.26651e-06
7037.335322999999	6.47865e-06
7037.507501	6.73951e-06
7037.679679	7.02897e-06
7037.851857	7.32692e-06
7038.024035	7.61325e-06
7038.196213	7.86783e-06
7038.368391	8.07055e-06
7038.540569000001	8.201300000000001e-06
7038.712747	8.239950000000001e-06
7038.884924999999	8.1664e-06
7039.057103	7.960520000000001e-06
7039.229281	7.6022e-06
7039.401459	7.07133e-06
7039.573637	6.34778e-06
7039.745815	5.41145e-06
7039.917993	4.24221e-06
7040.090171	2.81995e-06
7040.262349	1.12455e-06
7040.434527	-8.64095e-07
7040.606705	-3.16611e-06
7040.778883	-5.80158e-06
7040.951061000001	-8.78852e-06
7041.123239	-1.21013e-05
7041.295416999999	-1.56763e-05
7041.467595	-1.94767e-05
7041.639773	-2.34659e-05
7041.811951	-2.76078e-05
7041.984129	-3.18659e-05
7042.156307	-3.62039e-05
7042.328485	-4.05855e-05
7042.500663	-4.49743e-05
7042.672841	-4.9334e-05
7042.845018999999	-5.36283e-05
7043.017197	-5.78208e-05
7043.189375	-6.187510000000001e-05
7043.361553000001	-6.57549e-05
7043.533731	-6.94239e-05
7043.705909	-7.28458e-05
7043.878087	-7.59842e-05
7044.050265	-7.88027e-05
7044.222443	-8.1265e-05
7044.394621	-8.33348e-05
7044.566799	-8.49757e-05
7044.738977	-8.61514e-05
7044.911155000001	-8.68255e-05
7045.083333	-8.69618e-05
7045.255510999999	-8.65238e-05
7045.427689	-8.54753e-05
7045.599867	-8.37798e-05
7045.772045	-8.1401e-05
7045.944223	-7.83005e-05
7046.116401	-7.445890000000001e-05
7046.288579	-6.99125e-05
7046.460757	-6.471519999999999e-05
7046.632935	-5.89209e-05
7046.805112999999	-5.25835e-05
7046.977291	-4.5757e-05
7047.149469	-3.84951e-05
7047.321647000001	-3.08517e-05
7047.493825	-2.28808e-05
7047.666002999999	-1.46363e-05
7047.838181	-6.17204e-06
7048.010359	2.45811e-06
7048.182537	1.12002e-05
7048.354715	2.00005e-05
7048.526893	2.88049e-05
7048.699071	3.75596e-05
7048.871249000001	4.62107e-05
7049.043427	5.47044e-05
7049.215604999999	6.29867e-05
7049.387783	7.100370000000001e-05
7049.559961	7.870160000000001e-05
7049.732139	8.602639999999999e-05
7049.904317	9.29243e-05
7050.076495	9.93414e-05
7050.248672999999	0.000105224
7050.420851	0.000110518
7050.593029	0.000115169
7050.765207	0.000119124
7050.937385	0.000122325
7051.109563	0.000124716
7051.281741000001	0.0001263
7051.453919	0.000127111
7051.626096999999	0.00012718
7051.798275	0.00012654
7051.970453	0.000125223
7052.142631	0.000123263
7052.314809	0.000120691
7052.486987	0.00011754
7052.659165	0.000113843
7052.831343	0.000109632
7053.003521	0.000104939
7053.175698999999	9.97975e-05
7053.347877	9.42393e-05
7053.520055	8.82972e-05
7053.692233	8.20035e-05
7053.864411	7.53909e-05
7054.036589	6.84919e-05
7054.208767	6.13388e-05
7054.380945	5.39643e-05
7054.553123	4.64007e-05
7054.725301	3.86807e-05
7054.897479	3.08367e-05
7055.069657	2.29012e-05
7055.241835000001	1.49068e-05
7055.414013	6.88582e-06
7055.586190999999	-1.12913e-06
7055.758369	-9.10538e-06
7055.930547	-1.69996e-05
7056.102725	-2.47392e-05
7056.274903	-3.22848e-05
7056.447081	-3.96188e-05
7056.619259	-4.67235e-05
7056.791437	-5.35814e-05
7056.963615	-6.01749e-05
7057.135792999999	-6.64864e-05
7057.307971	-7.24984e-05
7057.480149	-7.81933e-05
7057.652327	-8.35535e-05
7057.824505	-8.85614e-05
7057.996682999999	-9.319949999999999e-05
7058.168861	-9.74502e-05
7058.341039	-0.000101296
7058.513217	-0.000104719
7058.685395	-0.000107702
7058.857573	-0.000110228
7059.029751	-0.000112278
7059.201929000001	-0.000113835
7059.374107	-0.000114882
7059.546284999999	-0.000115401
7059.718463	-0.000115374
7059.890641	-0.000114784
7060.062819	-0.000113614
7060.234997	-0.000111845
7060.407175	-0.00010946
7060.579352999999	-0.000106442
7060.751531	-0.000102773
7060.923709	-9.84402e-05
7061.095886999999	-9.34752e-05
7061.268065	-8.793019999999999e-05
7061.440243	-8.185809999999999e-05
7061.612421000001	-7.531209999999999e-05
7061.784599000001	-6.83455e-05
7061.956776999999	-6.10115e-05
7062.128955	-5.33632e-05
7062.301133	-4.5454e-05
7062.473311	-3.7337e-05
7062.645489	-2.90655e-05
7062.817667	-2.06926e-05
7062.989845	-1.22715e-05
7063.162023	-3.8556e-06
7063.334201	4.50203e-06
7063.506378999999	1.27481e-05
7063.678557	2.08295e-05
7063.850735	2.86929e-05
7064.022913	3.62852e-05
7064.195091000001	4.3553e-05
7064.367269	5.04433e-05
7064.539446999999	5.69027e-05
7064.711625	6.28781e-05
7064.883803	6.83163e-05
7065.055981	7.316400000000001e-05
7065.228159	7.7368e-05
7065.400337	8.087509999999999e-05
7065.572515000001	8.36321e-05
7065.744693	8.55858e-05
7065.916870999999	8.66912e-05
7066.089049	8.69518e-05
7066.261227	8.641329999999999e-05
7066.433405	8.51307e-05
7066.605583	8.31594e-05
7066.777761	8.05546e-05
7066.949939	7.73718e-05
7067.122117	7.36661e-05
7067.294295	6.949280000000001e-05
7067.466472999999	6.49073e-05
7067.638651	5.99649e-05
7067.810829	5.47208e-05
7067.983007	4.92304e-05
7068.155185000001	4.3549e-05
7068.327362999999	3.77318e-05
7068.499541	3.18342e-05
7068.671719	2.59115e-05
7068.843897	2.00189e-05
7069.016075	1.42118e-05
7069.188253	8.545390000000001e-06
7069.360431	3.07509e-06
7069.532609000001	-2.14385e-06
7069.704787	-7.05613e-06
7069.876964999999	-1.16064e-05
7070.049143	-1.57395e-05
7070.221321	-1.94e-05
7070.393499	-2.25326e-05
7070.565677000001	-2.50821e-05
7070.737855	-2.69931e-05
7070.910032999999	-2.82159e-05
7071.082211	-2.87486e-05
7071.254389	-2.86326e-05
7071.426567	-2.79159e-05
7071.598745	-2.66465e-05
7071.770923	-2.48726e-05
7071.943101	-2.26423e-05
7072.115279000001	-2.00035e-05
7072.287456999999	-1.70044e-05
7072.459635	-1.36931e-05
7072.631813	-1.01175e-05
7072.803991	-6.3258e-06
7072.976169	-2.36605e-06
7073.148347	1.71369e-06
7073.320525	5.86535e-06
7073.492703	1.00409e-05
7073.664881	1.41922e-05
7073.837058999999	1.82712e-05
7074.009237	2.22298e-05
7074.181415	2.60201e-05
7074.353593	2.95938e-05
7074.525771000001	3.2903e-05
7074.697949	3.58995e-05
7074.870126999999	3.85354e-05
7075.042305	4.07625e-05
7075.214483	4.25327e-05
7075.386661	4.37981e-05
7075.558839	4.45104e-05
7075.731017	4.46217e-05
7075.903195000001	4.40852e-05
7076.075373	4.28696e-05
7076.247550999999	4.10035e-05
7076.419729	3.85317e-05
7076.591907	3.54991e-05
7076.764085	3.19503e-05
7076.936263000001	2.79302e-05
7077.108441	2.34835e-05
7077.280619	1.86551e-05
7077.452797	1.34898e-05
7077.624975	8.03222e-06
7077.797153	2.3273e-06
7077.969331	-3.58022e-06
7078.141509	-9.645549999999999e-06
7078.313687	-1.58239e-05
7078.485865000001	-2.20705e-05
7078.658042999999	-2.83405e-05
7078.830220999999	-3.45892e-05
7079.002399	-4.07717e-05
7079.174577	-4.68433e-05
7079.346755	-5.27593e-05
7079.518933	-5.84747e-05
7079.691111	-6.39448e-05
7079.863289000001	-6.912490000000001e-05
7080.035467	-7.397e-05
7080.207645	-7.843560000000001e-05
7080.379823	-8.24767e-05
7080.552001	-8.60486e-05
7080.724179	-8.91064e-05
7080.896357000001	-9.160430000000001e-05
7081.068535	-9.348079999999999e-05
7081.240712999999	-9.46886e-05
7081.412891	-9.523500000000001e-05
7081.585069	-9.51309e-05
7081.757247	-9.4387e-05
7081.929425	-9.30142e-05
7082.101603	-9.10232e-05
7082.273781	-8.842479999999999e-05
7082.445959000001	-8.522979999999999e-05
7082.618136999999	-8.1449e-05
7082.790314999999	-7.70931e-05
7082.962493	-7.21731e-05
7083.134671	-6.66995e-05
7083.306849000001	-6.06833e-05
7083.479027	-5.41353e-05
7083.651205	-4.70661e-05
7083.823383	-3.94867e-05
7083.995561	-3.14077e-05
7084.167739	-2.28401e-05
7084.339917	-1.37944e-05
7084.512095	-4.28169e-06
7084.684273	5.68742e-06
7084.856451000001	1.61021e-05
7085.028629	2.69516e-05
7085.200806999999	3.8225e-05
7085.372985	4.99117e-05
7085.545163	6.20007e-05
7085.717341	7.448139999999999e-05
7085.889519	8.733290000000001e-05
7086.061697	0.000100444
7086.233875	0.00011369
7086.406053	0.00012692
7086.578231	0.000139977
7086.750409	0.000152702
7086.922587	0.000164937
7087.094765	0.000176525
7087.266943000001	0.000187307
7087.439121	0.000197126
7087.611299	0.000205823
7087.783477	0.00021324
7087.955655	0.00021922
7088.127833	0.000223604
7088.300011	0.000226235
7088.472189	0.000226955
7088.644367	0.000225605
7088.816545000001	0.000222027
7088.988723	0.000216064
7089.160900999999	0.000207558
7089.333079	0.00019635
7089.505257	0.000182284
7089.677435	0.000165199
7089.849613	0.00014494
7090.021791	0.000121347
7090.193969000001	9.42631e-05
7090.366147	6.35298e-05
7090.538325	2.89894e-05
7090.710503	-9.516209999999999e-06
7090.882681	-5.21132e-05
7091.054859	-9.863829999999999e-05
7091.227037000001	-0.000148454
7091.399215	-0.000200836
7091.571393	-0.000255064
7091.743571	-0.000310416
7091.915749	-0.000366172
7092.087927	-0.000421609
7092.260105	-0.000476006
7092.432283	-0.000528642
7092.604461	-0.000578796
7092.776639000001	-0.000625746
7092.948817	-0.000668771
7093.120994999999	-0.00070715
7093.293173	-0.000740161
7093.465351	-0.000767083
7093.637529000001	-0.000787194
7093.809707	-0.000799773
7093.981885	-0.0008041
7094.154063	-0.000799452
7094.326241	-0.000785108
7094.498419	-0.000760346
7094.670597	-0.000724447
7094.842775	-0.000676687
7095.014953	-0.000616346
7095.187131000001	-0.000542703
7095.359309	-0.000455036
7095.531486999999	-0.000352623
7095.703665	-0.000234744
7095.875843	-0.000100885
7096.048021	4.40834e-05
7096.220199	0.000171178
7096.392377	0.000240248
7096.564555	0.000215896
7096.736733	0.000110852
7096.908911	-4.0532e-05
7097.081088999999	-0.000172024
7097.253267	-0.000224557
7097.425445	-0.000179225
7097.597623000001	-6.758240000000001e-05
7097.769801	5.84611e-05
7097.941979	0.000139016
7098.114157	0.000144421
7098.286335	8.66499e-05
7098.458513	1.13459e-05
7098.630691	-8.10052e-05
7098.802869	-0.0001532
7098.975047	-0.000113977
7099.147225000001	8.808650000000001e-06
7099.319403	0.000117379
7099.491580999999	0.000126491
7099.663759	6.3623e-05
7099.835937	-1.86091e-05
7100.008115	-6.18535e-05
7100.180293	-5.61798e-05
7100.352471	-2.46034e-05
7100.524649	-7.93787e-06
7100.696827	-3.16441e-06
7100.869005	1.25938e-05
7101.041183	7.32986e-05
7101.213361	0.000170638
7101.385539	0.000286014
7101.557717000001	0.000391674
7101.729895	0.000476394
7101.902073	0.0005210460000000001
7102.074251	0.00054373
7102.246429	0.000589824
7102.418607	0.000690159
7102.590785	0.000847815
7102.762963	0.001045812
7102.935141	0.001262695
7103.107319000001	0.001466928
7103.279497	0.001624816
7103.451674999999	0.001710924
7103.623853	0.001740622
7103.796031	0.00175993
7103.968209	0.001839852
7104.140387	0.00201342
7104.312565	0.002248503
7104.484743000001	0.00248887
7104.656921	0.002678725
7104.829099	0.002789629
7105.001277	0.002854004
7105.173455	0.002917302
7105.345633	0.003008965
7105.517811000001	0.003139721
7105.689989	0.003322671
7105.862166999999	0.003569885
7106.034345	0.003866255
7106.206523	0.004148454
7106.378701	0.004345822
7106.550879	0.0044376
7106.723057	0.004518311
7106.895235	0.004679438
7107.067413000001	0.004977202
7107.239591	0.005370094
7107.411768999999	0.005781705
7107.583947	0.006167176
7107.756125	0.006529566
7107.928303	0.006879898
7108.100481	0.0072193
7108.272659	0.007563809
7108.444837	0.007926443
7108.617015	0.00833183
7108.789193	0.008801396
7108.961371	0.009373869999999999
7109.133549	0.010072928
7109.305727	0.010900883
7109.477905000001	0.01183659
7109.650083	0.012872758
7109.822260999999	0.014069956
7109.994439	0.015493649
7110.166617	0.017098828
7110.338795	0.01875921
7110.510973	0.020366287
7110.683151	0.02189841
7110.855329	0.023352239
7111.027507	0.024815271
7111.199685	0.026427954
7111.371862999999	0.028200875
7111.544041	0.030048099
7111.716219	0.031884775
7111.888397000001	0.033624209
7112.060575	0.035277287
7112.232753	0.036764195
7112.404931	0.037903606
7112.577109	0.038595101
7112.749287	0.039027032
7112.921465	0.039472657
7113.093643	0.040189329
7113.265821	0.041234956
7113.437999000001	0.042466159
7113.610177	0.043720039
7113.782354999999	0.044809042
7113.954533	0.045508952
7114.126711	0.045871899
7114.298889	0.046050457
7114.471067	0.04621515
7114.643245	0.046506519
7114.815423	0.047037598
7114.987601	0.047914821
7115.159779	0.049240763
7115.331957	0.051108559
7115.504135	0.05361957
7115.676313	0.056866271
7115.848491000001	0.060934203
7116.020669	0.06583085700000001
7116.192846999999	0.07138810600000001
7116.365025	0.07739272
7116.537203	0.08382284
7116.709381	0.090868722
7116.881559	0.098736904
7117.053737	0.10757183
7117.225915	0.117323873
7117.398093000001	0.127870619
7117.570271	0.139256195
7117.742448999999	0.151638216
7117.914627	0.165266421
7118.086805	0.180425215
7118.258983	0.197296153
7118.431161	0.215954597
7118.603339	0.236930543
7118.775517	0.260440752
7118.947695	0.28679367
7119.119873	0.31628777
7119.292051	0.348640001
7119.464229	0.383653862
7119.636407	0.420669706
7119.808585000001	0.457963707
7119.980763	0.493664489
7120.152940999999	0.526230697
7120.325119	0.554383896
7120.497297	0.577643209
7120.669475	0.597524999
7120.841653	0.614903031
7121.013831	0.630042493
7121.186009	0.644057821
7121.358187	0.658213212
7121.530365	0.673685824
7121.702542999999	0.691372986
7121.874721	0.711777438
7122.046899	0.735358046
7122.219077	0.7621538369999999
7122.391255	0.791485629
7122.563433	0.822606705
7122.735611	0.854350029
7122.907789	0.885257455
7123.079967	0.91499017
7123.252145	0.943994927
7123.424323	0.972434261
7123.596501	0.99983953
7123.768679000001	1.024955326
7123.940857	1.046923274
7124.113034999999	1.066261879
7124.285213	1.084102193
7124.457391	1.100863925
7124.629569	1.116678887
7124.801747	1.130734165
7124.973925	1.141907577
7125.146103	1.150573492
7125.318281	1.157827296
7125.490459	1.16472226
7125.662636999999	1.171611402
7125.834815	1.17807274
7126.006993	1.183673176
7126.179171000001	1.18887417
7126.351349	1.194456519
7126.523526999999	1.201541915
7126.695705	1.211262976
7126.867883	1.223775683
7127.040061	1.238647101
7127.212239	1.255312478
7127.384417	1.273278737
7127.556595	1.292513996
7127.728773000001	1.313244583
7127.900951	1.335682601
7128.073128999999	1.359485344
7128.245307	1.383213722
7128.417485	1.405330989
7128.589663	1.424972496
7128.761841	1.44143501
7128.934019	1.454153424
7129.106196999999	1.463112487
7129.278375	1.468364354
7129.450553	1.469929121
7129.622731	1.468169003
7129.794909	1.463632641
7129.967087	1.456788366
7130.139265000001	1.448264955
7130.311443000001	1.438879709
7130.483620999999	1.429399258
7130.655799	1.420040931
7130.827977	1.41068466
7131.000155	1.40103729
7131.172333	1.390952643
7131.344511	1.380826594
7131.516689	1.371123691
7131.688867	1.361843891
7131.861045	1.352806755
7132.033222999999	1.343555235
7132.205401	1.333393924
7132.377579	1.32176944
7132.549757	1.308341892
7132.721935	1.293500926
7132.894113	1.278291502
7133.066290999999	1.263555214
7133.238469	1.249441418
7133.410647	1.235935712
7133.582825	1.222611397
7133.755003	1.209276977
7133.927181	1.196428199
7134.099359000001	1.184039415
7134.271537	1.172232565
7134.443714999999	1.161297783
7134.615893	1.15074282
7134.788071	1.139915975
7134.960249	1.128503928
7135.132427	1.11685699
7135.304605	1.105990448
7135.476783	1.09672017
7135.648961	1.088488485
7135.821139	1.08050208
7135.993316999999	1.072321984
7136.165495	1.064075303
7136.337673	1.056137056
7136.509851	1.048922724
7136.682029000001	1.04272745
7136.854206999999	1.037671655
7137.026385	1.033542697
7137.198563	1.029803592
7137.370741	1.025941086
7137.542919	1.02184319
7137.715097	1.017898871
7137.887275	1.014733619
7138.059453000001	1.012779229
7138.231631	1.011819581
7138.403808999999	1.011501721
7138.575987	1.011645828
7138.748165	1.012160322
7138.920343	1.012877385
7139.092521	1.013636142
7139.264699	1.01457736
7139.436876999999	1.015984411
7139.609055	1.018058544
7139.781233	1.020527828
7139.953411	1.022903009
7140.125589	1.025005632
7140.297767	1.026847862
7140.469945000001	1.028515913
7140.642123000001	1.030063367
7140.814300999999	1.03143188
7140.986479	1.032574781
7141.158657	1.033459917
7141.330835	1.034086414
7141.503013	1.034448562
7141.675191	1.0345404
7141.847369	1.03435615
7142.019547	1.03388742
7142.191725	1.033132255
7142.363902999999	1.032121072
7142.536081	1.03089027
7142.708259	1.029476816
7142.880437	1.027916228
7143.052615000001	1.026238537
7143.224793	1.024454786
7143.396970999999	1.022560411
7143.569149	1.020544848
7143.741327	1.018397447
7143.913505	1.016104417
7144.085683	1.01365575
7144.257861	1.011045098
7144.430039000001	1.008267515
7144.602217	1.005318102
7144.774394999999	1.002192522
7144.946573	0.9988875230000001
7145.118751	0.995391318
7145.290929	0.99167525
7145.463107	0.987706038
7145.635285	0.983450403
7145.807463	0.978874899
7145.979641	0.973963227
7146.151819	0.9687684130000001
7146.323997	0.963369001
7146.496175	0.957843563
7146.668353	0.95227067
7146.840531	0.946729017
7147.012709000001	0.941287318
7147.184886999999	0.935964275
7147.357064999999	0.930726833
7147.529243	0.9255369919999999
7147.701421	0.920356753
7147.873599	0.915148213
7148.045777	0.909888978
7148.217955	0.904611236
7148.390133000001	0.899380451
7148.562311	0.89426293
7148.734488999999	0.889324978
7148.906667	0.884632505
7149.078845	0.880237115
7149.251023	0.87615108
7149.423201000001	0.8723698519999999
7149.595379	0.868887369
7149.767556999999	0.86569764
7149.939735	0.862794887
7150.111913	0.8601582250000001
7150.284091	0.8577481729999999
7150.456269	0.8555288009999999
7150.628447	0.853464612
7150.800625	0.851519906
7150.972803000001	0.849661892
7151.144980999999	0.847901048
7151.317159	0.846283482
7151.489337	0.844858539
7151.661515	0.843675561
7151.833693	0.842784435
7152.005871	0.84222215
7152.178049	0.841948888
7152.350227	0.841903055
7152.522405	0.842023423
7152.694583	0.842248761
7152.866761	0.842516791
7153.038939	0.8427820660000001
7153.211117	0.843059939
7153.383295000001	0.843381983
7153.555473	0.843780163
7153.727650999999	0.844286502
7153.899829	0.844936382
7154.072007	0.845753991
7154.244185	0.846705423
7154.416363	0.847744072
7154.588541	0.8488232959999999
7154.760719000001	0.849896177
7154.932897	0.850911087
7155.105074999999	0.851837929
7155.277253	0.852715447
7155.449431	0.853601185
7155.621609	0.854552833
7155.793787000001	0.855628593
7155.965965	0.856891183
7156.138143	0.858385082
7156.310321	0.860078101
7156.482499	0.861898613
7156.654677	0.863773734
7156.826855	0.865630062
7156.999033	0.867393634
7157.171211	0.869031093
7157.343389000001	0.870553778
7157.515566999999	0.871977438
7157.687744999999	0.873317827
7157.859923	0.874592465
7158.032101	0.875836443
7158.204279	0.8771056780000001
7158.376457	0.878444895
7158.548635	0.87989716
7158.720813000001	0.88150542
7158.892991	0.883306824
7159.065169	0.885308057
7159.237347	0.8874655769999999
7159.409525	0.889727022
7159.581703	0.8920400040000001
7159.753881000001	0.894352857
7159.926059	0.896626455
7160.098237	0.898859722
7160.270415	0.901094829
7160.442593	0.903376007
7160.614771	0.905747486
7160.786949	0.9082529070000001
7160.959127	0.910921503
7161.131305	0.913753067
7161.303483000001	0.916715048
7161.475660999999	0.919768911
7161.647838999999	0.922876115
7161.820017	0.926000516
7161.992195	0.929120527
7162.164373000001	0.932232806
7162.336551	0.935331852
7162.508729	0.938408291
7162.680907	0.941452725
7162.853085	0.944455413
7163.025263	0.947403676
7163.197441	0.950285928
7163.369619	0.953095587
7163.541797	0.955827797
7163.713975000001	0.9584776780000001
7163.886153	0.961040047
7164.058330999999	0.963521646
7164.230509	0.965924648
7164.402687	0.968239329
7164.574865	0.970455538
7164.747043	0.972563158
7164.919221	0.97455579
7165.091399	0.976432765
7165.263577	0.978194768
7165.435755	0.979846349
7165.607933	0.981392181
7165.780111	0.982836291
7165.952289	0.984179493
7166.124467000001	0.985419673
7166.296645	0.986558552
7166.468823	0.987600677
7166.641001	0.9885505959999999
7166.813179	0.989413103
7166.985357	0.990197168
7167.157535	0.990922261
7167.329713	0.991588766
7167.501891	0.992192964
7167.674069000001	0.992731131
7167.846246999999	0.993199009
7168.018424999999	0.993593389
7168.190603	0.993920165
7168.362781	0.994200237
7168.534959	0.994460469
7168.707137	0.994727734
7168.879315	0.995030017
7169.051493000001	0.995400476
7169.223671	0.995859324
7169.395849	0.996401841
7169.568027	0.9970180279999999
7169.740205	0.997697884
7169.912383	0.998429706
7170.084561000001	0.9991914039999999
7170.256739	0.999969773
7170.428917	1.000760226
7170.601095	1.001560463
7170.773273	1.00236801
7170.945451	1.003173745
7171.117629	1.00395666
7171.289807	1.004714701
7171.461985	1.005455593
7171.634163000001	1.00618714
7171.806341	1.006916152
7171.978518999999	1.007647456
7172.150697	1.008410854
7172.322875	1.009214512
7172.495053	1.010059303
7172.667231	1.010946091
7172.839409	1.011875736
7173.011587	1.01283978
7173.183765	1.013836913
7173.355943	1.014892696
7173.528121	1.016033725
7173.700299	1.017286593
7173.872477	1.018677153
7174.044655000001	1.020219775
7174.216833	1.021882912
7174.389010999999	1.023612798
7174.561189	1.025354794
7174.733367	1.027054165
7174.905545	1.028653955
7175.077723	1.030110391
7175.249901	1.031423462
7175.422079	1.032619369
7175.594257000001	1.033725491
7175.766435	1.034769204
7175.938612999999	1.035778047
7176.110791	1.036778192
7176.282969	1.037775063
7176.455147000001	1.038774898
7176.627325	1.039784962
7176.799503	1.040812253
7176.971681	1.041857979
7177.143859	1.042915329
7177.316037	1.043977454
7177.488215	1.045038664
7177.660393	1.04609327
7177.832571	1.047135872
7178.004749000001	1.048165986
7178.176927	1.0491741
7178.349104999999	1.05014689
7178.521283	1.051070747
7178.693461	1.051932068
7178.865639	1.05271825
7179.037817	1.053419746
7179.209995	1.054046652
7179.382173	1.054618255
7179.554351	1.055153989
7179.726529	1.055673274
7179.898707	1.05619427
7180.070885	1.056727368
7180.243063	1.057255317
7180.415241000001	1.05774739
7180.587419	1.05817277
7180.759597	1.058500638
7180.931775	1.058703459
7181.103953	1.058783279
7181.276131	1.058786692
7181.448309	1.058759329
7181.620487	1.058745379
7181.792665	1.058788845
7181.964843000001	1.058921254
7182.137021	1.059142031
7182.309198999999	1.059410462
7182.481377	1.059658116
7182.653555	1.059815364
7182.825733	1.059811965
7182.997911	1.059590686
7183.170089	1.059183849
7183.342267	1.058649015
7183.514445	1.058038361
7183.686623	1.057404081
7183.858801	1.056799102
7184.030979	1.056268695
7184.203157	1.055815492
7184.375335000001	1.055431259
7184.547513	1.055107267
7184.719690999999	1.054834785
7184.891869	1.054598764
7185.064047	1.054345864
7185.236225	1.054049642
7185.408403	1.05370815
7185.580581	1.05331972
7185.752759	1.052882855
7185.924937000001	1.0524002
7186.097115	1.051889017
7186.269292999999	1.051352505
7186.441471	1.050787532
7186.613649	1.050190955
7186.785827	1.049559655
7186.958005	1.048888838
7187.130183	1.04817847
7187.302361	1.047462391
7187.474539	1.046779966
7187.646717	1.046170555
7187.818895	1.045670794
7187.991073	1.045305371
7188.163251	1.045053154
7188.335429000001	1.044846783
7188.507607	1.044611281
7188.679784999999	1.0442716
7188.851963	1.043754759
7189.024141	1.043019212
7189.196319	1.042090142
7189.368497	1.041041627
7189.540675	1.039952566
7189.712853	1.038901845
7189.885031	1.037965949
7190.057209	1.037196127
7190.229386999999	1.03656094
7190.401565	1.03599306
7190.573743	1.035424464
7190.745921000001	1.034787166
7190.918099	1.034014783
7191.090277	1.033068327
7191.262455	1.031987237
7191.434633	1.030826335
7191.606811	1.029640537
7191.778989	1.028484488
7191.951167	1.027413557
7192.123345	1.026454883
7192.295523000001	1.025589023
7192.467701	1.024790939
7192.639878999999	1.024035598
7192.812057	1.02329806
7192.984235	1.022552623
7193.156413	1.021786595
7193.328591	1.021010791
7193.500769	1.020238556
7193.672947	1.019483228
7193.845125	1.01875548
7194.017303	1.018051583
7194.189481	1.017346391
7194.361659	1.016617898
7194.533837	1.015844629
7194.706015000001	1.015005132
7194.878193	1.014080024
7195.050370999999	1.01305334
7195.222549	1.011938242
7195.394727	1.010767775
7195.566905	1.00957542
7195.739083	1.008394691
7195.911261	1.007257933
7196.083439	1.006172488
7196.255617000001	1.005130581
7196.427795	1.004122187
7196.599972999999	1.003137227
7196.772151	1.002165407
7196.944329	1.001185774
7197.116507	1.000165956
7197.288685	0.999114617
7197.460863	0.998043969
7197.633040999999	0.996966451
7197.805219	0.995895176
7197.977397	0.994852053
7198.149575	0.993843507
7198.321753	0.992868286
7198.493931	0.991925978
7198.666109000001	0.991016166
7198.838287	0.990136781
7199.010464999999	0.989273288
7199.182643	0.98841572
7199.354821	0.987555612
7199.526999	0.986684348
7199.699177	0.985793314
7199.871355	0.98487702
7200.043533	0.983949655
7200.215711	0.983025767
7200.387889	0.982114039
7200.560066999999	0.981222874
7200.732245	0.980360675
7200.904423	0.97953525
7201.076601	0.978743295
7201.248779	0.977978858
7201.420957	0.977246325
7201.593135	0.976551024
7201.765313	0.975898283
7201.937491	0.975290007
7202.109669	0.974725553
7202.281847	0.974184576
7202.454025	0.9736349520000001
7202.626203000001	0.973044508
7202.798381	0.972381209
7202.970558999999	0.971625007
7203.142737	0.970793806
7203.314915	0.969942239
7203.487093	0.969128275
7203.659271	0.968409658
7203.831449	0.9678434930000001
7204.003627	0.967461533
7204.175805	0.967224741
7204.347983	0.967082226
7204.520160999999	0.966983917
7204.692339	0.966879742
7204.864517	0.966723201
7205.036695000001	0.966494891
7205.208873	0.966212016
7205.381050999999	0.9659019210000001
7205.553229	0.965591988
7205.725407	0.96530961
7205.897585	0.9650813660000001
7206.069763	0.964923152
7206.241941	0.964836879
7206.414119	0.964822109
7206.586297000001	0.9648784
7206.758475	0.965005278
7206.930652999999	0.965200905
7207.102831	0.965456781
7207.275009	0.965745172
7207.447187	0.9660389740000001
7207.619365	0.966311112
7207.791543	0.966534971
7207.963720999999	0.966689128
7208.135899	0.966783877
7208.308077	0.966846957
7208.480254999999	0.966902609
7208.652433	0.966975074
7208.824611	0.967088239
7208.996789000001	0.967265096
7209.168967000001	0.967505394
7209.341144999999	0.967790083
7209.513323	0.968099609
7209.685501	0.9684144220000001
7209.857679	0.968715182
7210.029857	0.968985933
7210.202035	0.969229822
7210.374213	0.969459798
7210.546391	0.969687762
7210.718569	0.969925616
7210.890746999999	0.970185335
7211.062925	0.970475362
7211.235103	0.970794386
7211.407281	0.971139595
7211.579459	0.971508221
7211.751637	0.971897495
7211.923814999999	0.97230465
7212.095993	0.972726915
7212.268171	0.973161523
7212.440349	0.973605706
7212.612527	0.974056695
7212.784705	0.974511703
7212.956883000001	0.974967722
7213.129061	0.975424155
7213.301238999999	0.975882618
7213.473417	0.97634471
7213.645595	0.976812028
7213.817773	0.977286171
7213.989951	0.977768737
7214.162129	0.978261322
7214.334307	0.978765527
7214.506485	0.979282947
7214.678663	0.979815184
7214.850840999999	0.980364543
7215.023019	0.98093411
7215.195197	0.981521473
7215.367375	0.982122083
7215.539553000001	0.9827314069999999
7215.711730999999	0.983344912
7215.883909	0.983958064
7216.056087	0.98456633
7216.228265	0.9851651769999999
7216.400443	0.985750072
7216.572621	0.986316481
7216.744799	0.986859723
7216.916977000001	0.9873733649999999
7217.089155	0.987852839
7217.261332999999	0.988298508
7217.433511	0.988710709
7217.605689	0.989089713
7217.777867	0.98943579
7217.950045000001	0.989749209
7218.122223	0.990030241
7218.294400999999	0.990279155
7218.466579	0.990496221
7218.638757	0.99068171
7218.810935	0.99083601
7218.983113	0.990961305
7219.155291	0.991059508
7219.327469000001	0.99113317
7219.499647000001	0.991185244
7219.671824999999	0.991218683
7219.844003	0.991236443
7220.016181	0.991241476
7220.188359	0.991236738
7220.360537	0.991225182
7220.532715	0.991209762
7220.704893	0.991193425
7220.877071	0.99117767
7221.049249	0.991161473
7221.221426999999	0.991142408
7221.393605	0.991117854
7221.565783	0.991085244
7221.737961	0.991042012
7221.910139000001	0.990985592
7222.082317	0.990913416
7222.254494999999	0.9908229200000001
7222.426673	0.990711535
7222.598851	0.990576696
7222.771029	0.990415869
7222.943207	0.990227602
7223.115385	0.990012435
7223.287563000001	0.989773006
7223.459741	0.989512094
7223.631918999999	0.989232478
7223.804097	0.988936939
7223.976275	0.988628255
7224.148453	0.988309204
7224.320631000001	0.9879825679999999
7224.492809	0.987651123
7224.664987	0.987317651
7224.837165	0.986984814
7225.009343	0.986653926
7225.181521	0.986324866
7225.353699	0.985997034
7225.525877	0.985669995
7225.698055	0.9853433110000001
7225.870233000001	0.985016546
7226.042410999999	0.984689263
7226.214588999999	0.984361025
7226.386767	0.984031397
7226.558945	0.9836999400000001
7226.731123	0.983366243
7226.903301	0.983031164
7227.075479	0.982699418
7227.247657000001	0.98237464
7227.419835	0.982058654
7227.592012999999	0.981753278
7227.764191	0.981460326
7227.936369	0.981181618
7228.108547	0.980918968
7228.280725000001	0.980674195
7228.452903	0.980449115
7228.625080999999	0.9802455450000001
7228.797259	0.980065296
7228.969437	0.979908784
7229.141615	0.97977275
7229.313793	0.9796539480000001
7229.485971	0.979549361
7229.658149	0.979455972
7229.830327000001	0.979370765
7230.002504999999	0.979290722
7230.174683	0.979212827
7230.346861	0.979134061
7230.519039	0.979051409
7230.691217000001	0.978961852
7230.863395	0.978862242
7231.035573	0.978749322
7231.207751	0.978624179
7231.379929	0.978490721
7231.552107	0.978352951
7231.724285	0.978214875
7231.896463	0.978080497
7232.068641	0.97795382
7232.240819000001	0.97783885
7232.412997	0.97773959
7232.585174999999	0.977660045
7232.757353	0.97760422
7232.929531	0.977576319
7233.101709	0.977580185
7233.273887	0.9776154460000001
7233.446065	0.977680873
7233.618243	0.977775237
7233.790421	0.977897305
7233.962598999999	0.978045849
7234.134777	0.978219635
7234.306955	0.978417435
7234.479133	0.978638017
7234.651311000001	0.9788801499999999
7234.823489	0.979142655
7234.995667	0.979423729
7235.167845	0.9797199680000001
7235.340023	0.980029309
7235.512201	0.980349882
7235.684379	0.980679821
7235.856557	0.981017256
7236.028735	0.98136032
7236.200913000001	0.981707144
7236.373090999999	0.982055859
7236.545268999999	0.982404599
7236.717447	0.9827514939999999
7236.889625	0.983094974
7237.061803	0.983436454
7237.233981	0.9837787180000001
7237.406159	0.984123898
7237.578337000001	0.984474092
7237.750515	0.9848314
7237.922693	0.985197921
7238.094871	0.9855757550000001
7238.267049	0.985967001
7238.439227	0.986373759
7238.611405000001	0.986798128
7238.783583	0.987242206
7238.955760999999	0.987707559
7239.127939	0.988194892
7239.300117	0.988704174
7239.472295	0.989234164
7239.644473	0.989783611
7239.816651	0.990351264
7239.988829	0.990935872
7240.161007000001	0.991536183
7240.333185	0.992150948
7240.505362999999	0.992778914
7240.677541	0.993418829
7240.849719	0.994069281
7241.021897000001	0.99472869
7241.194075	0.995395125
7241.366253	0.996066425
7241.538431	0.99674047
7241.710609	0.997415143
7241.882787	0.998088324
7242.054965	0.998757897
7242.227143	0.999421743
7242.399321	1.000077744
7242.571499000001	1.000723781
7242.743677	1.001357747
7242.915854999999	1.001978324
7243.088033	1.002586591
7243.260211	1.003184713
7243.432389	1.003775042
7243.604567	1.004359932
7243.776745	1.004941734
7243.948923	1.005522802
7244.121101	1.006105488
7244.293279	1.006692144
7244.465457	1.007285124
7244.637635	1.00788678
7244.809813	1.008499431
7244.981991000001	1.009124367
7245.154169	1.009758941
7245.326347	1.010398182
7245.498525	1.011037026
7245.670703	1.011670409
7245.842881	1.012293269
7246.015059	1.012900541
7246.187237	1.013487162
7246.359415	1.014048069
7246.531593000001	1.014578198
7246.703771	1.015072495
7246.875948999999	1.015526574
7247.048127	1.01593882
7247.220305	1.016311486
7247.392483	1.016648359
7247.564661	1.016953257
7247.736839	1.017229999
7247.909017	1.017482405
7248.081195	1.017714295
7248.253373	1.017929486
7248.425551	1.018131799
7248.597729	1.018325053
7248.769907	1.018513045
7248.942085000001	1.018698475
7249.114263	1.018881823
7249.286441	1.019061397
7249.458619	1.019234895
7249.630797	1.019400009
7249.802975	1.019554435
7249.975153	1.019695867
7250.147331	1.019822
7250.319509	1.019930529
7250.491687000001	1.020019148
7250.663865	1.020085552
7250.836042999999	1.020127792
7251.008221	1.020144423
7251.180399	1.020135189
7251.352577	1.020102189
7251.524755	1.020047566
7251.696933	1.019973463
7251.869111	1.019882024
7252.041289	1.019775391
7252.213467	1.019655707
7252.385645	1.019525116
7252.557823	1.01938576
7252.730001	1.019239782
7252.902179000001	1.019089141
7253.074357	1.018939124
7253.246534999999	1.018797631
7253.418713	1.018670808
7253.590891	1.018564694
7253.763069	1.01848533
7253.935247	1.018438753
7254.107425	1.018431002
7254.279603	1.018468118
7254.451781	1.018556139
7254.623959	1.018701104
7254.796136999999	1.018909062
7254.968315	1.019184406
7255.140493	1.019513754
7255.312671000001	1.019873373
7255.484849	1.020239542
7255.657027	1.02058854
7255.829205	1.020896647
7256.001383	1.021140142
7256.173561	1.021295304
7256.345739	1.021338413
7256.517917	1.021245747
7256.690095	1.020993521
7256.862273000001	1.020551001
7257.034451	1.019929785
7257.206628999999	1.019252835
7257.378807	1.018737242
7257.550985	1.018632156
7257.723163	1.01899924
7257.895341	1.019816763
7258.067519	1.020852199
7258.239697	1.021717316
7258.411875	1.02205994
7258.584053	1.021551335
7258.756230999999	1.020500898
7258.928409	1.019524994
7259.100587	1.019081036
7259.272765000001	1.019153706
7259.444943	1.019428344
7259.617121	1.019728898
7259.789299	1.020018508
7259.961477	1.020346109
7260.133655	1.020723381
7260.305833	1.020919842
7260.478011	1.020724506
7260.650189	1.020367536
7260.822367000001	1.020072133
7260.994545	1.019992065
7261.166722999999	1.020230421
7261.338901	1.020444492
7261.511079	1.020299989
7261.683257	1.02004384
7261.855435	1.019791564
7262.027613	1.019452784
7262.199791	1.019066993
7262.371969	1.019265432
7262.544147	1.020118305
7262.716325	1.021098394
7262.888503	1.022025384
7263.060681	1.022663432
7263.232859000001	1.02290903
7263.405037	1.022946416
7263.577214999999	1.022671126
7263.749393	1.021902896
7263.921571	1.020543337
7264.093749	1.018796481
7264.265927	1.017225126
7264.438105	1.016381509
7264.610283	1.016372027
7264.782461000001	1.016892966
7264.954639	1.01746779
7265.126816999999	1.017744836
7265.298995	1.017539903
7265.471173	1.016896124
7265.643351	1.016267524
7265.815529	1.016087171
7265.987707	1.016403414
7266.159885	1.016796727
7266.332063	1.016628048
7266.504241	1.015454291
7266.676419	1.013927194
7266.848597	1.012953476
7267.020775	1.013176848
7267.192953000001	1.014256632
7267.365131	1.015283248
7267.537308999999	1.015473098
7267.709487	1.014850137
7267.881665	1.013865271
7268.053843	1.012871368
7268.226021	1.011971883
7268.398199	1.011170887
7268.570377	1.010463869
7268.742555	1.009846298
7268.914733	1.009313648
7269.086910999999	1.008861391
7269.259089	1.008484999
7269.431267	1.008179944
7269.603445000001	1.007941699
7269.775623	1.007765735
7269.947801	1.007647524
7270.119979	1.00758254
7270.292157	1.007566253
7270.464335	1.007594137
7270.636513	1.007661663
7270.808691	1.007764304
7270.980869	1.007897531
7271.153047000001	1.008056817
7271.325225	1.008237635
7271.497402999999	1.008435455
7271.669581	1.008645751
7271.841759	1.008863994
7272.013937	1.009085658
7272.186115	1.009306213
7272.358293	1.009521132
7272.530471	1.009725888
7272.702649	1.009915952
7272.874827	1.010086797
7273.047004999999	1.010233868
7273.219183	1.010354167
7273.391361	1.010447977
7273.563539000001	1.010516274
7273.735717	1.010560036
7273.907894999999	1.010580243
7274.080073	1.010577875
7274.252251	1.010553911
7274.424429	1.010509331
7274.596607	1.010445114
7274.768785	1.01036224
7274.940963	1.010261688
7275.113141000001	1.010144437
7275.285319	1.010011467
7275.457496999999	1.009863758
7275.629675	1.009702288
7275.801853	1.009528039
7275.974031	1.009341988
7276.146209	1.009145115
7276.318387	1.0089384
7276.490564999999	1.008722823
7276.662743	1.008499362
7276.834921	1.008268998
7277.007099	1.008032709
7277.179277	1.007791475
7277.351455	1.007546277
7277.523633000001	1.007298092
7277.695811000001	1.007047901
7277.867988999999	1.006796684
7278.040167	1.006545466
7278.212345	1.006295247
7278.384523	1.00604642
7278.556701	1.005799063
7278.728879	1.00555325
7278.901057	1.005309051
7279.073235	1.005066538
7279.245413	1.004825784
7279.417590999999	1.00458686
7279.589769	1.004349839
7279.761947	1.004114791
7279.934125	1.00388179
7280.106303	1.003650907
7280.278481	1.003422214
7280.450659	1.003195783
7280.622837	1.002971686
7280.795015	1.002749994
7280.967193	1.002530781
7281.139371	1.002314116
7281.311549	1.002100074
7281.483727000001	1.001888725
7281.655905	1.001680141
7281.828082999999	1.001474395
7282.000261	1.001271558
7282.172439	1.001071702
7282.344617	1.0008749
7282.516795	1.000681222
7282.688973	1.000490742
7282.861151	1.00030353
7283.033329	1.00011965
7283.205507	0.999939066
7283.377684999999	0.999761779
7283.549863	0.99958779
7283.722041	0.9994170959999999
7283.894219	0.999249692
7284.066397000001	0.999085574
7284.238574999999	0.998924738
7284.410753	0.9987671809999999
7284.582931	0.9986128990000001
7284.755109	0.998461886
7284.927287	0.99831414
7285.099465	0.998169656
7285.271643	0.99802843
7285.443821000001	0.997890459
7285.615999	0.997755737
7285.788176999999	0.997624262
7285.960355	0.997496029
7286.132533	0.997371035
7286.304711	0.997249274
7286.476889	0.997130744
7286.649067	0.99701544
7286.821244999999	0.996903357
7286.993423	0.996794494
7287.165601	0.996688844
7287.337779	0.996586404
7287.509957	0.99648717
7287.682135	0.996391139
7287.854313000001	0.9962983050000001
7288.026491000001	0.996208666
7288.198668999999	0.996122235
7288.370847	0.99603897
7288.543025	0.99595877
7288.715203	0.995881586
7288.887381	0.995807369
7289.059559	0.995736072
7289.231737	0.995667649
7289.403915	0.995602051
7289.576093	0.995539233
7289.748270999999	0.995479146
7289.920449	0.9954217440000001
7290.092627	0.995366979
7290.264805	0.9953148040000001
7290.436983000001	0.995265172
7290.609161	0.995218036
7290.781338999999	0.995173348
7290.953517	0.995131062
7291.125695	0.995091129
7291.297873	0.995053504
7291.470051	0.995018139
7291.642229	0.994984986
7291.814407000001	0.994953998
7291.986585	0.994925129
7292.158762999999	0.994898331
7292.330941	0.994873556
7292.503119	0.994850759
7292.675297	0.99482989
7292.847475	0.9948109040000001
7293.019653	0.9947937529999999
7293.191831	0.994778381
7293.364009	0.994764685
7293.536187	0.994752646
7293.708365	0.99474217
7293.880543	0.994733152
7294.052721	0.994725487
7294.224899	0.994719069
7294.397077000001	0.994713792
7294.569254999999	0.994709552
7294.741433	0.994706242
7294.913611	0.9947037560000001
7295.085789	0.99470199
7295.257967	0.994700837
7295.430145	0.994700192
7295.602323	0.99469995
7295.774501000001	0.994700005
7295.946679	0.994700251
7296.118856999999	0.994700582
7296.291035	0.9947008939999999
7296.463213	0.99470108
7296.635391	0.994701035
7296.807569000001	0.994700653
7296.979747	0.994699829
7297.151924999999	0.994698457
7297.324103	0.994696431
7297.496281	0.994693647
7297.668459	0.994689998
7297.840637	0.994685379
7298.012815	0.994679684
7298.184993	0.994672812
7298.357171000001	0.99466468
7298.529348999999	0.994655164
7298.701527	0.994644251
7298.873705	0.994631959
7299.045883	0.994618305
7299.218061	0.994603308
7299.390239	0.994586985
7299.562417	0.994569353
7299.734595	0.994550431
7299.906773	0.994530236
7300.078951	0.994508785
7300.251129	0.994486096
7300.423307	0.994462188
7300.595485	0.9944370769999999
7300.767663000001	0.994410782
7300.939841	0.994383319
7301.112018999999	0.9943547069999999
7301.284197	0.994324964
7301.456375	0.994294107
7301.628553	0.994262153
7301.800731	0.99422912
7301.972909	0.994195027
7302.145087000001	0.99415989
7302.317265	0.994123728
7302.489442999999	0.994086558
7302.661621	0.994048397
7302.833799	0.994009264
7303.005977	0.993969176
7303.178155000001	0.993928151
7303.350333	0.993886202
7303.522511	0.993843394
7303.694689	0.993799901
7303.866867	0.993755935
7304.039045	0.9937117090000001
7304.211223	0.993667435
7304.383401	0.993623328
7304.555579	0.9935796
7304.727757000001	0.993536464
7304.899934999999	0.993494133
7305.072112999999	0.99345282
7305.244291	0.993412738
7305.416469	0.993374099
7305.588647	0.993337118
7305.760825	0.993302007
7305.933003	0.993268979
7306.105181000001	0.993238246
7306.277359	0.993210022
7306.449537	0.993184521
7306.621715	0.993161954
7306.793893	0.993142535
7306.966071	0.993126477
7307.138249000001	0.9931139919999999
7307.310427	0.993105295
7307.482604999999	0.993100597
7307.654783	0.993100112
7307.826961	0.993104053
7307.999139	0.993112632
7308.171317	0.9931260629999999
7308.343495	0.993144559
7308.515673	0.993168311
7308.687851000001	0.993197333
7308.860028999999	0.993231453
7309.032206999999	0.993270448
7309.204385	0.993314093
7309.376563	0.993362164
7309.548741000001	0.993414436
7309.720919	0.993470684
7309.893097	0.993530685
7310.065275	0.993594214
7310.237453	0.993661046
7310.409631	0.993730957
7310.581809	0.993803723
7310.753987	0.993879118
7310.926165	0.993956919
7311.098343000001	0.994036901
7311.270521	0.994118839
7311.442698999999	0.99420251
7311.614877	0.994287687
7311.787055	0.994374148
7311.959233	0.994461668
7312.131411	0.994550021
7312.303589	0.994638985
7312.475767	0.994728333
7312.647945	0.994817842
7312.820123	0.994907287
7312.992301	0.994996444
7313.164479	0.995085088
7313.336657	0.995172996
7313.508835000001	0.995259994
7313.681013	0.9953461300000001
7313.853191	0.995431513
7314.025369	0.995516222
7314.197547	0.995600335
7314.369725	0.99568393
7314.541903	0.995767086
7314.714081	0.995849881
7314.886259	0.995932394
7315.058437000001	0.996014702
7315.230614999999	0.996096885
7315.402792999999	0.99617902
7315.574971	0.996261185
7315.747149	0.99634346
7315.919327	0.996425923
7316.091505	0.996508651
7316.263683	0.996591723
7316.435861000001	0.996675218
7316.608039	0.996759214
7316.780217	0.99684379
7316.952395	0.996929023
7317.124573	0.997014991
7317.296751	0.997101775
7317.468929000001	0.99718945
7317.641107	0.997278097
7317.813285	0.997367794
7317.985463	0.997458618
7318.157641	0.997550648
7318.329819	0.9976439620000001
7318.501997	0.997738638
7318.674175	0.997834674
7318.846353	0.997931878
7319.018531000001	0.998030105
7319.190709	0.998129231
7319.362886999999	0.998229129
7319.535065	0.998329676
7319.707243	0.998430746
7319.879421000001	0.998532214
7320.051599	0.998633955
7320.223777	0.998735843
7320.395955	0.998837754
7320.568133	0.998939562
7320.740311	0.999041142
7320.912489	0.999142369
7321.084667	0.999243119
7321.256845	0.999343265
7321.429023000001	0.9994426830000001
7321.601201	0.999541248
7321.773378999999	0.999638834
7321.945557	0.999735316
7322.117735	0.99983057
7322.289913	0.99992447
7322.462091	1.00001689
7322.634269	1.000107707
7322.806447	1.000196794
7322.978625	1.000284027
7323.150803	1.00036928
7323.322980999999	1.000452429
7323.495159	1.000533348
7323.667337	1.000611913
7323.839515000001	1.000688072
7324.011693	1.000761829
7324.183871	1.000833219
7324.356049	1.000902289
7324.528227	1.000969083
7324.700405	1.001033645
7324.872583	1.001096021
7325.044761	1.001156255
7325.216939	1.001214393
7325.389117000001	1.001270478
7325.561295	1.001324557
7325.733472999999	1.001376674
7325.905651	1.001426873
7326.077829	1.0014752
7326.250007	1.001521699
7326.422185	1.001566416
7326.594363	1.001609395
7326.766541	1.001650681
7326.938719	1.001690319
7327.110897	1.001728353
7327.283075	1.00176483
7327.455253	1.001799792
7327.627431	1.001833287
7327.799609000001	1.001865357
7327.971787	1.001896049
7328.143965	1.001925407
7328.316143	1.001953475
7328.488321	1.001980299
7328.660499	1.002005927
7328.832677	1.002030372
7329.004855	1.002053548
7329.177033	1.002075357
7329.349211000001	1.002095701
7329.521389	1.002114484
7329.693566999999	1.002131609
7329.865745	1.002146977
7330.037923	1.002160491
7330.210101	1.002172054
7330.382279	1.002181569
7330.554457	1.002188938
7330.726635	1.002194063
7330.898813	1.002196848
7331.070991	1.002197196
7331.243169	1.002195007
7331.415347	1.002190187
7331.587525	1.002182636
7331.759703000001	1.002172257
7331.931881	1.002158954
7332.104058999999	1.002142629
7332.276237	1.002123184
7332.448415	1.002100522
7332.620593	1.002074546
7332.792771	1.002045159
7332.964949	1.002012262
7333.137127	1.001975758
7333.309305000001	1.001935551
7333.481483	1.001891543
7333.653660999999	1.001843636
7333.825839	1.001791731
7333.998017	1.001735809
7334.170195	1.001676027
7334.342373	1.00161257
7334.514551	1.001545625
7334.686729	1.001475378
7334.858907	1.001402017
7335.031085	1.001325726
7335.203263	1.001246694
7335.375441	1.001165105
7335.547619	1.001081148
7335.719797000001	1.000995008
7335.891975	1.000906871
7336.064152999999	1.000816925
7336.236331	1.000725356
7336.408509	1.000632349
7336.580687	1.000538093
7336.752865	1.000442772
7336.925043	1.000346575
7337.097221	1.000249686
7337.269399	1.000152293
7337.441577	1.000054582
7337.613754999999	0.99995674
7337.785933	0.9998589530000001
7337.958111	0.999761407
7338.130289000001	0.99966429
7338.302467	0.999567787
7338.474645	0.999472085
7338.646823	0.99937737
7338.819001	0.999283831
7338.991179	0.999191645
7339.163357	0.999100904
7339.335535	0.999011639
7339.507713	0.998923877
7339.679891000001	0.998837643
7339.852069	0.998752963
7340.024246999999	0.998669863
7340.196425	0.9985883679999999
7340.368603	0.998508505
7340.540781	0.9984303
7340.712959	0.9983537770000001
7340.885137	0.998278964
7341.057315	0.998205887
7341.229493	0.9981345700000001
7341.401671	0.998065039
7341.573849	0.997997322
7341.746027	0.997931443
7341.918205	0.9978674279999999
7342.090383000001	0.997805304
7342.262561	0.997745095
7342.434738999999	0.9976868290000001
7342.606917	0.997630531
7342.779095	0.997576226
7342.951273	0.997523941
7343.123451	0.997473701
7343.295629	0.9974255319999999
7343.467807	0.997379461
7343.639985000001	0.997335513
7343.812163	0.997293714
7343.984340999999	0.997254109
7344.156519	0.997216546
7344.328697	0.997180887
7344.500875	0.997147129
7344.673053	0.9971152760000001
7344.845231	0.997085326
7345.017409	0.997057282
7345.189587	0.997031145
7345.361765	0.997006915
7345.533943	0.996984595
7345.706121	0.996964184
7345.878299	0.996945685
7346.050477000001	0.996929098
7346.222655	0.996914425
7346.394832999999	0.996901666
7346.567011	0.996890822
7346.739189	0.996881895
7346.911367	0.996874887
7347.083545	0.996869797
7347.255723	0.9968666269999999
7347.427901	0.9968653790000001
7347.600079	0.996866053
7347.772257	0.99686865
7347.944434999999	0.996873172
7348.116613	0.996879619
7348.288791	0.9968879940000001
7348.460969	0.996898296
7348.633147	0.996910527
7348.805325	0.996924689
7348.977503	0.996940786
7349.149681	0.996958926
7349.321859	0.996979056
7349.494037	0.997001031
7349.666215	0.997024706
7349.838393	0.997049938
7350.010571000001	0.997076583
7350.182749	0.997104495
7350.354926999999	0.997133532
7350.527105	0.997163549
7350.699283	0.997194403
7350.871461	0.997225948
7351.043639	0.997258041
7351.215817	0.997290537
7351.387995	0.997323294
7351.560173	0.997356165
7351.732351	0.997389009
7351.904528999999	0.997421679
7352.076707	0.997454033
7352.248885	0.997485926
7352.421063000001	0.997517214
7352.593241	0.997547754
7352.765418999999	0.997577399
7352.937597	0.997606008
7353.109775	0.997633436
7353.281953	0.997659538
7353.454131	0.99768417
7353.626309	0.997707189
7353.798487	0.99772845
7353.970665000001	0.997747808
7354.142843	0.997765046
7354.315020999999	0.997779918
7354.487199	0.997792504
7354.659377	0.9978029309999999
7354.831555	0.997811326
7355.003733	0.997817814
7355.175911	0.997822522
7355.348088999999	0.997825577
7355.520267	0.997827105
7355.692445	0.997827232
7355.864623	0.997826085
7356.036801	0.997823791
7356.208979	0.997820476
7356.381157000001	0.997816266
7356.553335000001	0.997811288
7356.725512999999	0.997805668
7356.897691	0.997799533
7357.069869	0.997793009
7357.242047	0.997786223
7357.414225	0.9977793
7357.586403	0.997772369
7357.758581	0.997765554
7357.930759	0.997758983
7358.102937	0.997752781
7358.275114999999	0.997747076
7358.447293	0.997741994
7358.619471	0.9977376610000001
7358.791649	0.997734204
7358.963827	0.9977317530000001
7359.136005	0.997730474
7359.308182999999	0.997730555
7359.480361	0.997732019
7359.652539	0.997734716
7359.824717	0.997738491
7359.996895	0.99774319
7360.169073	0.997748656
7360.341251000001	0.997754734
7360.513429	0.99776127
7360.685606999999	0.997768108
7360.857785	0.997775092
7361.029963	0.997782068
7361.202141	0.997788881
7361.374319	0.997795374
7361.546497	0.997801393
7361.718675	0.997806783
7361.890853	0.997811388
7362.063031	0.997815053
7362.235208999999	0.997817624
7362.407387	0.997818943
7362.579565	0.997818858
7362.751743	0.997817211
7362.923921000001	0.9978138479999999
7363.096098999999	0.997808614
7363.268277	0.997801354
7363.440455	0.9977919119999999
7363.612633	0.997780132
7363.784811	0.997765861
7363.956989	0.997748942
7364.129167	0.997729218
7364.301345000001	0.997706499
7364.473523	0.99768073
7364.645700999999	0.99765209
7364.817879	0.9976207499999999
7364.990057	0.997586877
7365.162235	0.99755064
7365.334413	0.997512207
7365.506591	0.997471746
7365.678768999999	0.997429426
7365.850947	0.997385415
7366.023125	0.997339882
7366.195303	0.997292995
7366.367481	0.997244921
7366.539659	0.997195831
7366.711837000001	0.99714589
7366.884015000001	0.997095269
7367.056192999999	0.997044136
7367.228371	0.996992658
7367.400549	0.996941004
7367.572727	0.996889343
7367.744905	0.996837843
7367.917083	0.996786671
7368.089261	0.996735998
7368.261439	0.99668599
7368.433617	0.996636816
7368.605794999999	0.996588644
7368.777973	0.996541643
7368.950151	0.996495982
7369.122329	0.996451828
7369.294507000001	0.9964093510000001
7369.466685	0.99636865
7369.638862999999	0.9963297290000001
7369.811041	0.996292589
7369.983219	0.996257232
7370.155397	0.996223658
7370.327575	0.99619187
7370.499753	0.996161868
7370.671931000001	0.996133654
7370.844109	0.996107229
7371.016286999999	0.996082594
7371.188465	0.996059751
7371.360643	0.996038701
7371.532821	0.9960194449999999
7371.704999	0.996001984
7371.877177	0.99598632
7372.049355	0.995972455
7372.221533	0.9959603889999999
7372.393711	0.995950123
7372.565889	0.99594166
7372.738067	0.995934999
7372.910245	0.995930144
7373.082423	0.995927094
7373.254601000001	0.995925851
7373.426778999999	0.995926417
7373.598956999999	0.995928793
7373.771135	0.99593298
7373.943313	0.9959389789999999
7374.115491	0.995946792
7374.287669	0.995956421
7374.459847	0.995967916
7374.632025000001	0.995981368
7374.804203	0.995996719
7374.976380999999	0.996013887
7375.148559	0.9960327879999999
7375.320737	0.996053339
7375.492915	0.996075457
7375.665093000001	0.996099059
7375.837271	0.9961240609999999
7376.009448999999	0.99615038
7376.181627	0.996177933
7376.353805	0.996206637
7376.525983	0.996236409
7376.698161	0.996267165
7376.870339	0.996298822
7377.042517	0.996331297
7377.214695000001	0.996364507
7377.386872999999	0.996398368
7377.559051	0.996432797
7377.731229	0.9964677119999999
7377.903407	0.996503028
7378.075585000001	0.996538663
7378.247763	0.996574534
7378.419941	0.996610557
7378.592119	0.996646649
7378.764297	0.996682726
7378.936475	0.996718706
7379.108653	0.996754506
7379.280831	0.996790041
7379.453009	0.996825224
7379.625187000001	0.996859987
7379.797365	0.996894289
7379.969542999999	0.996928048
7380.141721	0.9969611819999999
7380.313899	0.996993608
7380.486077	0.997025244
7380.658255	0.997056008
7380.830433	0.997085817
7381.002611000001	0.9971145890000001
7381.174789	0.99714224
7381.346966999999	0.99716869
7381.519145	0.997193855
7381.691323	0.997217652
7381.863501	0.99724
7382.035679000001	0.997260816
7382.207857	0.997280017
7382.380035	0.997297522
7382.552213	0.997313246
7382.724391	0.997327109
7382.896569	0.997339028
7383.068747	0.99734892
7383.240925	0.997356702
7383.413103	0.997362293
7383.585281000001	0.99736561
7383.757458999999	0.99736657
7383.929636999999	0.997365091
7384.101815	0.99736109
7384.273993	0.997354486
7384.446171	0.997345197
7384.618349	0.997333102
7384.790527	0.997318204
7384.962705000001	0.9973006129999999
7385.134883	0.997280437
7385.307061	0.997257784
7385.479239	0.997232764
7385.651417	0.9972054849999999
7385.823595	0.997176055
7385.995773000001	0.9971445839999999
7386.167951	0.99711118
7386.340128999999	0.997075952
7386.512307	0.997039008
7386.684485	0.997000457
7386.856663	0.996960408
7387.028841	0.99691897
7387.201019	0.996876251
7387.373197	0.996832359
7387.545375000001	0.996787404
7387.717552999999	0.996741494
7387.889730999999	0.996694738
7388.061909	0.996647245
7388.234087	0.996599123
7388.406265000001	0.996550481
7388.578443	0.996501427
7388.750621	0.996452071
7388.922799	0.996402521
7389.094977	0.996352885
7389.267155	0.996303273
7389.439333	0.996253792
7389.611511	0.996204556
7389.783689	0.996155639
7389.955867000001	0.996106929
7390.128045	0.99605828
7390.300222999999	0.996009546
7390.472401	0.995960584
7390.644579	0.995911248
7390.816757	0.995861394
7390.988935	0.995810876
7391.161113	0.99575955
7391.333291	0.99570727
7391.505469	0.995653893
7391.677647	0.995599273
7391.849825	0.995543266
7392.022003	0.995485725
7392.194181	0.995426508
7392.366359000001	0.995365468
7392.538537	0.995302461
7392.710715	0.995237342
7392.882893	0.995169966
7393.055071	0.995100189
7393.227249	0.995027865
7393.399427	0.99495285
7393.571605	0.994874998
7393.743783	0.994794165
7393.915961000001	0.994710206
7394.088139	0.994622977
7394.260316999999	0.994532332
7394.432495	0.994438126
7394.604673	0.994340226
7394.776851	0.994238577
7394.949029	0.994133227
7395.121207	0.99402443
7395.293385000001	0.993912482
7395.465563	0.993797681
7395.637741	0.993680323
7395.809919	0.993560706
7395.982097	0.993439125
7396.154275	0.99331588
7396.326453000001	0.993191265
7396.498631	0.9930655779999999
7396.670808999999	0.992939117
7396.842987	0.992812177
7397.015165	0.992685056
7397.187343	0.9925580510000001
7397.359521	0.992431459
7397.531699	0.992305576
7397.703877	0.9921807
7397.876055000001	0.992057128
7398.048233	0.991935156
7398.220410999999	0.991815081
7398.392589	0.9916971999999999
7398.564767	0.991581811
7398.736945	0.99146921
7398.909123	0.991359694
7399.081301	0.99125356
7399.253479	0.991151105
7399.425657	0.991052626
7399.597835	0.990958419
7399.770013	0.990868751
7399.942191	0.99078359
7400.114369	0.990702711
7400.286547000001	0.990625911
7400.458725	0.990552982
7400.630902999999	0.990483721
7400.803081	0.99041792
7400.975259	0.990355375
7401.147437	0.99029588
7401.319615	0.9902392290000001
7401.491793	0.990185217
7401.663971	0.990133638
7401.836149	0.990084287
7402.008327	0.990036958
7402.180504999999	0.989991445
7402.352683	0.989947544
7402.524861	0.989905048
7402.697039000001	0.989863752
7402.869217	0.98982345
7403.041395	0.989783937
7403.213573	0.989745006
7403.385751	0.989706454
7403.557929	0.989668074
7403.730107	0.98962966
7403.902285	0.989591007
7404.074463	0.989551909
7404.246641000001	0.9895121609999999
7404.418819	0.989471558
7404.590996999999	0.9894298929999999
7404.763175	0.98938698
7404.935353	0.989342799
7405.107531	0.9892974490000001
7405.279709	0.98925098
7405.451887	0.98920344
7405.624065	0.989154877
7405.796243	0.9891053400000001
7405.968421	0.9890548770000001
7406.140599	0.989003536
7406.312777	0.988951366
7406.484955	0.988898415
7406.657133000001	0.988844731
7406.829311	0.988790363
7407.001489	0.988735359
7407.173667	0.988679767
7407.345845	0.988623637
7407.518023	0.988567015
7407.690201	0.9885099510000001
7407.862379	0.988452493
7408.034557	0.988394689
7408.206735000001	0.988336588
7408.378913	0.9882782369999999
7408.551090999999	0.988219686
7408.723269	0.988160983
7408.895447	0.988102175
7409.067625	0.988043312
7409.239803	0.987984442
7409.411981	0.987925612
7409.584159	0.987866872
7409.756337	0.98780827
7409.928515	0.987749854
7410.100693	0.987691672
7410.272871	0.987633774
7410.445049	0.987576206
7410.617227000001	0.987519018
7410.789405	0.987462258
7410.961582999999	0.987405974
7411.133761	0.987350215
7411.305939	0.987295028
7411.478117	0.987240463
7411.650295	0.987186568
7411.822473	0.987133391
7411.994651	0.98708098
7412.166829	0.987029383
7412.339007	0.98697865
7412.511184999999	0.986928828
7412.683363	0.9868799660000001
7412.855541	0.986832112
7413.027719	0.986785315
7413.199897	0.986739623
7413.372075	0.986695083
7413.544253	0.9866517460000001
7413.716431	0.986609658
7413.888609	0.986568868
7414.060787	0.986529425
7414.232965	0.986491377
7414.405143	0.986454773
7414.577321000001	0.98641966
7414.749499	0.986386087
