#%Name: Magnetite
#%formula: Fe3O4
#%Mineral class: oxides
#%Xtal system: isometric
#%Edge: K
#%Sample prep: powder
#%Beamline: ALS 10.3.2, HxV slits = 200x20 um
#%Det:  I0=N2, Fluorescence mode (Ge solid state 7elts)
#%Ref/notes:  
#%Temp: Room temp (28 degC)
#%Time&date: July 2004. Matthew A. Marcus
#%============================================================
7.0018197E+3 1.1998470E-3
7.0070134E+3 1.4620943E-3
7.0120068E+3 1.3677513E-3
7.0169243E+3 1.4917218E-3
7.0220579E+3 1.5004335E-3
7.0269482E+3 1.5898391E-3
7.0320133E+3 1.7828363E-3
7.0370021E+3 1.9854520E-3
7.0419142E+3 2.0359627E-3
7.0470439E+3 2.1851883E-3
7.0519706E+3 2.3786567E-3
7.0569890E+3 2.7472400E-3
7.0620570E+3 2.7607728E-3
7.0670480E+3 3.3282607E-3
7.0720464E+3 3.6516002E-3
7.0769673E+3 3.9094240E-3
7.0820228E+3 4.7569364E-3
7.0825330E+3 4.8199735E-3
7.0829582E+3 4.9105226E-3
7.0834261E+3 4.9031944E-3
7.0839790E+3 5.0136629E-3
7.0845321E+3 5.2244668E-3
7.0849150E+3 4.9832165E-3
7.0854682E+3 5.1464700E-3
7.0859790E+3 5.3954180E-3
7.0864472E+3 5.2279191E-3
7.0870007E+3 5.1436257E-3
7.0874691E+3 5.6456296E-3
7.0879375E+3 5.8219695E-3
7.0884912E+3 5.7766687E-3
7.0890024E+3 5.9413228E-3
7.0894711E+3 5.9535906E-3
7.0899398E+3 5.9685289E-3
7.0904938E+3 5.9957868E-3
7.0910053E+3 6.2386924E-3
7.0915169E+3 6.3434931E-3
7.0919432E+3 6.6319483E-3
7.0924550E+3 6.6457388E-3
7.0930094E+3 6.9771989E-3
7.0935213E+3 7.0491677E-3
7.0939905E+3 7.3102571E-3
7.0945026E+3 7.1348405E-3
7.0949720E+3 7.3844454E-3
7.0954841E+3 7.9114687E-3
7.0959964E+3 7.7432428E-3
7.0964660E+3 8.0438540E-3
7.0970211E+3 8.1545266E-3
7.0975336E+3 8.2094276E-3
7.0980888E+3 8.7791198E-3
7.0984733E+3 8.7167255E-3
7.0989433E+3 8.9456723E-3
7.0994988E+3 9.1820783E-3
7.0999689E+3 9.4051076E-3
7.1004818E+3 9.6820017E-3
7.1009520E+3 1.0169934E-2
7.1014651E+3 1.0459839E-2
7.1019783E+3 1.0874713E-2
7.1024487E+3 1.1408148E-2
7.1030048E+3 1.1806579E-2
7.1035181E+3 1.1876823E-2
7.1039460E+3 1.2367607E-2
7.1044595E+3 1.2444249E-2
7.1050159E+3 1.3172804E-2
7.1054440E+3 1.4066358E-2
7.1060005E+3 1.4846331E-2
7.1065144E+3 1.5468760E-2
7.1069426E+3 1.6103335E-2
7.1074566E+3 1.7385095E-2
7.1079706E+3 1.8394005E-2
7.1084419E+3 2.0149220E-2
7.1089990E+3 2.1858452E-2
7.1095132E+3 2.4831916E-2
7.1099419E+3 2.9533930E-2
7.1104991E+3 3.5419523E-2
7.1109708E+3 4.4157408E-2
7.1114425E+3 5.6083674E-2
7.1120000E+3 7.5506629E-2
7.1125147E+3 9.1438066E-2
7.1129437E+3 9.1504537E-2
7.1134586E+3 8.4681902E-2
7.1139736E+3 7.8992807E-2
7.1144886E+3 7.7361580E-2
7.1150037E+3 7.8009747E-2
7.1155189E+3 8.3205970E-2
7.1159912E+3 9.0612661E-2
7.1164636E+3 1.0440589E-1
7.1169360E+3 1.1752088E-1
7.1174515E+3 1.4159474E-1
7.1180100E+3 1.7328115E-1
7.1184397E+3 2.1102895E-1
7.1189984E+3 2.6047096E-1
7.1195142E+3 3.1654870E-1
7.1199871E+3 3.6973009E-1
7.1205030E+3 4.1868722E-1
7.1210190E+3 4.7286432E-1
7.1214921E+3 5.2386096E-1
7.1220082E+3 5.8638954E-1
7.1224384E+3 6.4679631E-1
7.1229978E+3 7.1304800E-1
7.1234711E+3 7.9043737E-1
7.1239876E+3 8.4668972E-1
7.1245041E+3 9.0339080E-1
7.1250207E+3 9.5862341E-1
7.1254513E+3 9.9722467E-1
7.1259681E+3 1.0441774E+0
7.1264419E+3 1.0979770E+0
7.1270018E+3 1.1574659E+0
7.1274758E+3 1.2437178E+0
7.1279497E+3 1.3146859E+0
7.1284669E+3 1.3781877E+0
7.1289841E+3 1.4111696E+0
7.1294583E+3 1.4331383E+0
7.1300187E+3 1.4270008E+0
7.1304500E+3 1.4116727E+0
7.1310106E+3 1.3792415E+0
7.1314419E+3 1.3490993E+0
7.1320459E+3 1.3140437E+0
7.1324773E+3 1.2730541E+0
7.1329952E+3 1.2380354E+0
7.1335131E+3 1.2109274E+0
7.1339879E+3 1.1870505E+0
7.1344628E+3 1.1716851E+0
7.1349377E+3 1.1543042E+0
7.1354991E+3 1.1421261E+0
7.1359742E+3 1.1290233E+0
7.1364925E+3 1.1238878E+0
7.1369677E+3 1.1154283E+0
7.1373998E+3 1.1070156E+0
7.1379616E+3 1.0930243E+0
7.1384370E+3 1.0811255E+0
7.1389990E+3 1.0685937E+0
7.1395178E+3 1.0586179E+0
7.1399934E+3 1.0522153E+0
7.1405124E+3 1.0428411E+0
7.1409449E+3 1.0487590E+0
7.1414640E+3 1.0488830E+0
7.1419400E+3 1.0492475E+0
7.1425025E+3 1.0567520E+0
7.1429353E+3 1.0591353E+0
7.1434980E+3 1.0593889E+0
7.1439742E+3 1.0616054E+0
7.1444504E+3 1.0591240E+0
7.1449701E+3 1.0538240E+0
7.1454465E+3 1.0470185E+0
7.1460096E+3 1.0363698E+0
7.1464428E+3 1.0212347E+0
7.1469627E+3 1.0062154E+0
7.1474394E+3 9.8609935E-1
7.1479595E+3 9.6835837E-1
7.1484797E+3 9.5326158E-1
7.1489565E+3 9.3881988E-1
7.1495202E+3 9.2668394E-1
7.1499539E+3 9.1857114E-1
7.1504310E+3 9.0724430E-1
7.1509515E+3 9.0250014E-1
7.1515155E+3 8.9577373E-1
7.1519494E+3 8.8982313E-1
7.1524702E+3 8.8273363E-1
7.1529477E+3 8.7936213E-1
7.1534686E+3 8.7555995E-1
7.1539462E+3 8.7287429E-1
7.1544672E+3 8.6217663E-1
7.1549450E+3 8.5779403E-1
7.1555096E+3 8.5228526E-1
7.1559441E+3 8.4761212E-1
7.1565089E+3 8.4435751E-1
7.1569869E+3 8.4198273E-1
7.1575084E+3 8.3750508E-1
7.1580300E+3 8.3769249E-1
7.1585083E+3 8.3523164E-1
7.1590300E+3 8.3765048E-1
7.1595084E+3 8.3899666E-1
7.1599868E+3 8.3786249E-1
7.1604653E+3 8.4234559E-1
7.1609439E+3 8.4371603E-1
7.1614660E+3 8.4610946E-1
7.1619882E+3 8.4893968E-1
7.1639472E+3 8.6576369E-1
7.1660381E+3 8.8613521E-1
7.1679994E+3 9.1266399E-1
7.1700055E+3 9.4112743E-1
7.1720127E+3 9.6899565E-1
7.1740211E+3 9.8925001E-1
7.1759870E+3 1.0120608E+0
7.1779977E+3 1.0392725E+0
7.1800096E+3 1.0723660E+0
7.1819789E+3 1.0686665E+0
7.1839931E+3 1.0736291E+0
7.1860085E+3 1.0747071E+0
7.1879813E+3 1.0576578E+0
7.1899990E+3 1.0490931E+0
7.1920179E+3 1.0355048E+0
7.1940380E+3 1.0232786E+0
7.1960153E+3 1.0120991E+0
7.1979938E+3 9.9661089E-1
7.1999733E+3 9.8084884E-1
7.2019981E+3 9.6528390E-1
7.2039800E+3 9.5922179E-1
7.2060511E+3 9.5186332E-1
7.2079912E+3 9.4855399E-1
7.2100648E+3 9.5088148E-1
7.2120071E+3 9.5612073E-1
7.2139948E+3 9.6385949E-1
7.2160277E+3 9.7303962E-1
7.2180176E+3 9.8408752E-1
7.2199644E+3 9.9417477E-1
7.2220009E+3 1.0037960E+0
7.2239943E+3 1.0101775E+0
7.2259887E+3 1.0144558E+0
7.2279844E+3 1.0132271E+0
7.2299812E+3 1.0117896E+0
7.2319791E+3 1.0029056E+0
7.2338893E+3 9.9515433E-1
7.2359784E+3 9.8681716E-1
7.2379798E+3 9.7755727E-1
7.2399824E+3 9.6121324E-1
7.2419861E+3 9.5008778E-1
7.2439909E+3 9.4222312E-1
7.2459969E+3 9.3926060E-1
7.2480041E+3 9.4213342E-1
7.2500124E+3 9.4800327E-1
7.2520219E+3 9.5718726E-1
7.2539878E+3 9.7203360E-1
7.2559996E+3 9.8162564E-1
7.2579677E+3 9.9524106E-1
7.2599370E+3 1.0049892E+0
7.2619970E+3 1.0155411E+0
7.2640134E+3 1.0222076E+0
7.2659861E+3 1.0281278E+0
7.2680048E+3 1.0298801E+0
7.2699349E+3 1.0321680E+0
7.2720008E+3 1.0334203E+0
7.2739331E+3 1.0343153E+0
7.2760013E+3 1.0332686E+0
7.2779808E+3 1.0300553E+0
7.2800515E+3 1.0283932E+0
7.2819882E+3 1.0257777E+0
7.2840162E+3 1.0208653E+0
7.2860002E+3 1.0120770E+0
7.2880305E+3 1.0028433E+0
7.2900168E+3 9.9749936E-1
7.2920494E+3 9.9238708E-1
7.2939927E+3 9.9015681E-1
7.2959824E+3 9.8264073E-1
7.2979732E+3 9.8237391E-1
7.3000105E+3 9.7895950E-1
7.3020035E+3 9.7729493E-1
7.3039978E+3 9.7469601E-1
7.3059931E+3 9.7210781E-1
7.3079896E+3 9.7154402E-1
7.3099873E+3 9.7379971E-1
7.3119860E+3 9.7533059E-1
7.3139859E+3 9.8184436E-1
7.3159869E+3 9.8694251E-1
7.3179891E+3 9.9276657E-1
7.3199924E+3 9.9752165E-1
7.3219513E+3 1.0045569E+0
7.3240481E+3 1.0096328E+0
7.3260092E+3 1.0119797E+0
7.3279715E+3 1.0158416E+0
7.3299805E+3 1.0162144E+0
7.3319906E+3 1.0162646E+0
7.3340019E+3 1.0145191E+0
7.3360143E+3 1.0090398E+0
7.3379821E+3 1.0101730E+0
7.3399969E+3 1.0058699E+0
7.3420127E+3 1.0014787E+0
7.3439839E+3 9.9859469E-1
7.3460020E+3 9.9609778E-1
7.3480213E+3 9.9199258E-1
7.3499958E+3 9.9037156E-1
7.3520174E+3 9.9035342E-1
7.3539941E+3 9.8894744E-1
7.3560180E+3 9.8838683E-1
7.3579970E+3 9.9983706E-1
7.3599770E+3 9.9646553E-1
7.3620043E+3 9.9183136E-1
7.3639866E+3 9.9497590E-1
7.3660162E+3 9.9396864E-1
7.3680008E+3 9.9996859E-1
7.3699865E+3 1.0004237E+0
7.3720195E+3 9.9969962E-1
7.3739612E+3 1.0015284E+0
7.3759965E+3 1.0021801E+0
7.3779866E+3 1.0039754E+0
7.3799779E+3 1.0033184E+0
7.3820167E+3 1.0016288E+0
7.3840102E+3 1.0011320E+0
7.3859584E+3 1.0017189E+0
7.3880006E+3 1.0049826E+0
7.3899975E+3 1.0048333E+0
7.3919955E+3 1.0045506E+0
7.3939947E+3 1.0071197E+0
7.3959950E+3 1.0069029E+0
7.3979963E+3 1.0097102E+0
7.3999989E+3 1.0100807E+0
7.4020025E+3 1.0057139E+0
7.4040073E+3 1.0072199E+0
7.4060132E+3 1.0053452E+0
7.4080202E+3 1.0059051E+0
7.4099816E+3 1.0037826E+0
7.4119909E+3 1.0029429E+0
7.4139545E+3 1.0029494E+0
7.4160128E+3 1.0017747E+0
7.4179786E+3 1.0021168E+0
7.4199924E+3 1.0008346E+0
7.4220073E+3 9.9784185E-1
7.4240233E+3 9.9760574E-1
7.4259936E+3 9.9839936E-1
7.4280119E+3 9.9847696E-1
7.4300313E+3 9.9925897E-1
7.4320049E+3 1.0018955E+0
7.4339795E+3 9.9946012E-1
7.4360023E+3 1.0008355E+0
7.4379792E+3 1.0014639E+0
7.4400042E+3 1.0041014E+0
7.4419833E+3 1.0047735E+0
