#%Name: FeO
#%Formula: FeO
#%Mineral class: oxides
#%Xtal system: 
#%Edge: K
#%Sample prep: powder on kapton tape
#%Beamline: ALS 10.3.2
#%Det:  I0=N2, Fluorescence mode (Ge solid state 7elts).
#%Ref/notes:  average of several .dat scans
#%Temp: Room temp (28 degC)
#%Time&date= 3/14/2003. Matthew A. Marcus
#%============================================================
7.0107519E+3 3.3518373E-3
7.0407407E+3 4.5463149E-3
7.0457388E+3 5.0428755E-3
7.0507370E+3 5.3603826E-3
7.0557351E+3 6.0037992E-3
7.0607332E+3 6.2884257E-3
7.0657314E+3 6.6760818E-3
7.0707295E+3 6.9113711E-3
7.0757276E+3 8.0997059E-3
7.0807257E+3 9.6245467E-3
7.0812255E+3 9.4144690E-3
7.0817254E+3 9.8600952E-3
7.0822252E+3 9.6470170E-3
7.0827250E+3 9.9137255E-3
7.0832248E+3 9.7455477E-3
7.0837246E+3 9.5760236E-3
7.0842244E+3 9.7485369E-3
7.0847242E+3 1.0369543E-2
7.0852240E+3 9.9872702E-3
7.0857239E+3 1.0802165E-2
7.0862237E+3 1.0398190E-2
7.0867235E+3 1.0885190E-2
7.0872233E+3 1.1339878E-2
7.0877231E+3 1.1222484E-2
7.0882229E+3 1.1076443E-2
7.0887227E+3 1.2051561E-2
7.0892225E+3 1.1982828E-2
7.0897224E+3 1.1729196E-2
7.0902222E+3 1.2387980E-2
7.0907220E+3 1.2234463E-2
7.0912218E+3 1.2831244E-2
7.0917216E+3 1.3378719E-2
7.0922214E+3 1.2779509E-2
7.0927212E+3 1.3032942E-2
7.0932210E+3 1.3460865E-2
7.0937209E+3 1.4314184E-2
7.0942207E+3 1.4674696E-2
7.0947205E+3 1.4802771E-2
7.0952203E+3 1.4936903E-2
7.0957201E+3 1.5168201E-2
7.0962199E+3 1.5280810E-2
7.0967197E+3 1.5786363E-2
7.0972195E+3 1.6005254E-2
7.0977194E+3 1.6293468E-2
7.0982192E+3 1.6560428E-2
7.0987190E+3 1.7381364E-2
7.0992188E+3 1.7215726E-2
7.0997186E+3 1.7500372E-2
7.1002184E+3 1.8186989E-2
7.1007182E+3 1.9321538E-2
7.1012180E+3 1.9724585E-2
7.1017178E+3 2.0132538E-2
7.1022177E+3 2.0307309E-2
7.1027175E+3 2.1182064E-2
7.1032173E+3 2.1196269E-2
7.1037171E+3 2.2371584E-2
7.1042169E+3 2.3599260E-2
7.1047167E+3 2.4200031E-2
7.1052165E+3 2.5316608E-2
7.1057163E+3 2.6507432E-2
7.1062162E+3 2.6945387E-2
7.1067160E+3 2.8118592E-2
7.1072158E+3 3.0232270E-2
7.1077156E+3 3.1971542E-2
7.1082154E+3 3.4186865E-2
7.1087152E+3 3.6654108E-2
7.1092150E+3 4.0229231E-2
7.1097148E+3 4.5610326E-2
7.1102146E+3 5.3030093E-2
7.1107145E+3 6.4385260E-2
7.1112143E+3 7.5424008E-2
7.1117141E+3 8.3469656E-2
7.1122139E+3 8.9628629E-2
7.1127137E+3 9.7798431E-2
7.1132135E+3 1.0525177E-1
7.1137133E+3 1.1110090E-1
7.1142131E+3 1.2214263E-1
7.1147130E+3 1.3721662E-1
7.1152128E+3 1.5708989E-1
7.1157126E+3 1.8417570E-1
7.1162124E+3 2.1790875E-1
7.1167122E+3 2.5697028E-1
7.1172120E+3 3.0973135E-1
7.1177118E+3 3.6923832E-1
7.1182116E+3 4.3439950E-1
7.1187114E+3 4.9695805E-1
7.1192113E+3 5.5500421E-1
7.1197111E+3 6.1345344E-1
7.1202109E+3 6.7010396E-1
7.1207107E+3 7.2196557E-1
7.1212105E+3 7.7799340E-1
7.1217103E+3 8.4527348E-1
7.1222101E+3 9.1642797E-1
7.1227099E+3 9.9405380E-1
7.1232097E+3 1.0615735E+0
7.1237096E+3 1.1242304E+0
7.1242094E+3 1.1726960E+0
7.1247092E+3 1.2071297E+0
7.1252090E+3 1.2396852E+0
7.1257088E+3 1.2716901E+0
7.1262086E+3 1.3091039E+0
7.1267084E+3 1.3482886E+0
7.1272082E+3 1.3781916E+0
7.1277081E+3 1.3998757E+0
7.1282079E+3 1.4016381E+0
7.1287077E+3 1.3812387E+0
7.1292075E+3 1.3432873E+0
7.1297073E+3 1.2994831E+0
7.1302071E+3 1.2480850E+0
7.1307069E+3 1.1969403E+0
7.1312067E+3 1.1492142E+0
7.1317065E+3 1.1127370E+0
7.1322064E+3 1.0836301E+0
7.1327062E+3 1.0611529E+0
7.1332060E+3 1.0442121E+0
7.1337058E+3 1.0301227E+0
7.1342056E+3 1.0164133E+0
7.1347054E+3 1.0011817E+0
7.1352052E+3 9.8746161E-1
7.1357050E+3 9.7621365E-1
7.1362048E+3 9.6726758E-1
7.1367047E+3 9.5980782E-1
7.1372045E+3 9.5456728E-1
7.1377043E+3 9.5356498E-1
7.1382041E+3 9.5556115E-1
7.1387039E+3 9.6410630E-1
7.1392037E+3 9.7414300E-1
7.1397035E+3 9.8803425E-1
7.1402033E+3 1.0023463E+0
7.1407031E+3 1.0161740E+0
7.1412029E+3 1.0277822E+0
7.1417028E+3 1.0347112E+0
7.1422026E+3 1.0379034E+0
7.1427024E+3 1.0368504E+0
7.1432022E+3 1.0312559E+0
7.1437020E+3 1.0225952E+0
7.1442018E+3 1.0106117E+0
7.1447016E+3 9.9874327E-1
7.1452014E+3 9.8648935E-1
7.1457012E+3 9.7425046E-1
7.1462011E+3 9.6291437E-1
7.1467009E+3 9.5215999E-1
7.1472007E+3 9.4318444E-1
7.1477005E+3 9.3537423E-1
7.1482003E+3 9.2786504E-1
7.1487001E+3 9.2198432E-1
7.1491999E+3 9.1770727E-1
7.1496997E+3 9.1374776E-1
7.1501995E+3 9.1041500E-1
7.1506994E+3 9.0722350E-1
7.1511992E+3 9.0377932E-1
7.1516990E+3 9.0094689E-1
7.1521988E+3 8.9923193E-1
7.1526986E+3 8.9701841E-1
7.1531984E+3 8.9633475E-1
7.1536982E+3 8.9521973E-1
7.1541980E+3 8.9521737E-1
7.1546978E+3 8.9583454E-1
7.1551976E+3 8.9794696E-1
7.1556975E+3 9.0053272E-1
7.1561973E+3 9.0296451E-1
7.1566971E+3 9.0630272E-1
7.1571969E+3 9.0910547E-1
7.1576967E+3 9.1250835E-1
7.1581965E+3 9.1565120E-1
7.1586963E+3 9.2084785E-1
7.1591961E+3 9.2516299E-1
7.1596959E+3 9.2975932E-1
7.1601958E+3 9.3351136E-1
7.1606956E+3 9.3791001E-1
7.1626948E+3 9.5575268E-1
7.1646940E+3 9.9018924E-1
7.1666933E+3 1.0357394E+0
7.1686925E+3 1.0733440E+0
7.1706918E+3 1.0991683E+0
7.1726910E+3 1.1121887E+0
7.1746902E+3 1.1140113E+0
7.1766895E+3 1.1025070E+0
7.1786887E+3 1.0807799E+0
7.1806880E+3 1.0558506E+0
7.1826872E+3 1.0333497E+0
7.1846864E+3 1.0171155E+0
7.1866857E+3 1.0024365E+0
7.1886849E+3 9.8833447E-1
7.1906842E+3 9.7459291E-1
7.1926834E+3 9.6541941E-1
7.1946826E+3 9.6307271E-1
7.1966819E+3 9.6637156E-1
7.1986811E+3 9.7449266E-1
7.2006804E+3 9.8412104E-1
7.2026796E+3 9.9085192E-1
7.2046788E+3 9.9435554E-1
7.2066781E+3 9.9317672E-1
7.2086773E+3 9.9172091E-1
7.2106765E+3 9.9112192E-1
7.2126758E+3 9.9421333E-1
7.2146750E+3 1.0016919E+0
7.2166742E+3 1.0119399E+0
7.2186735E+3 1.0197562E+0
7.2206727E+3 1.0241536E+0
7.2226719E+3 1.0232735E+0
7.2246712E+3 1.0174800E+0
7.2266704E+3 1.0082031E+0
7.2286697E+3 9.9804298E-1
7.2306689E+3 9.8673421E-1
7.2326681E+3 9.7615991E-1
7.2346674E+3 9.6749085E-1
7.2366666E+3 9.6491316E-1
7.2386658E+3 9.6780052E-1
7.2406651E+3 9.7829885E-1
7.2426643E+3 9.8913038E-1
7.2446635E+3 1.0006784E+0
7.2466628E+3 1.0091464E+0
7.2486620E+3 1.0137014E+0
7.2506612E+3 1.0133700E+0
7.2526604E+3 1.0109617E+0
7.2546597E+3 1.0074590E+0
7.2566589E+3 1.0059615E+0
7.2586581E+3 1.0075479E+0
7.2606574E+3 1.0093963E+0
7.2626566E+3 1.0134355E+0
7.2646558E+3 1.0154447E+0
7.2666551E+3 1.0202403E+0
7.2686543E+3 1.0223845E+0
7.2706535E+3 1.0234374E+0
7.2726528E+3 1.0238738E+0
7.2746520E+3 1.0215622E+0
7.2766512E+3 1.0181037E+0
7.2786504E+3 1.0137921E+0
7.2806497E+3 1.0073981E+0
7.2826489E+3 9.9994060E-1
7.2846481E+3 9.9311906E-1
7.2866474E+3 9.8500354E-1
7.2886466E+3 9.7839481E-1
7.2906458E+3 9.7288144E-1
7.2926450E+3 9.6908090E-1
7.2946443E+3 9.6688863E-1
7.2966435E+3 9.6668599E-1
7.2986427E+3 9.6913221E-1
7.3006420E+3 9.7247694E-1
7.3026412E+3 9.7769646E-1
7.3046404E+3 9.8338838E-1
7.3066396E+3 9.8783719E-1
7.3086389E+3 9.9288608E-1
7.3106381E+3 9.9763960E-1
7.3126373E+3 1.0008548E+0
7.3146365E+3 1.0040728E+0
7.3166358E+3 1.0057033E+0
7.3186350E+3 1.0069726E+0
7.3206342E+3 1.0082075E+0
7.3226334E+3 1.0083329E+0
7.3246327E+3 1.0077702E+0
7.3266319E+3 1.0083949E+0
7.3286311E+3 1.0086597E+0
7.3306303E+3 1.0079115E+0
7.3326296E+3 1.0068745E+0
7.3346288E+3 1.0059628E+0
7.3366280E+3 1.0047989E+0
7.3386272E+3 1.0034218E+0
7.3406264E+3 1.0019573E+0
7.3426257E+3 1.0002132E+0
7.3446249E+3 9.9823159E-1
7.3466241E+3 9.9748588E-1
7.3486233E+3 9.9618780E-1
7.3506226E+3 9.9663168E-1
7.3526218E+3 9.9582449E-1
7.3546210E+3 9.9705881E-1
7.3566202E+3 9.9709654E-1
7.3586194E+3 9.9631113E-1
7.3606187E+3 9.9668527E-1
7.3626179E+3 9.9641354E-1
7.3646171E+3 9.9584973E-1
7.3666163E+3 9.9522002E-1
7.3686155E+3 9.9491610E-1
7.3706148E+3 9.9449430E-1
7.3726140E+3 9.9438037E-1
7.3746132E+3 9.9505853E-1
7.3766124E+3 9.9655208E-1
7.3786116E+3 9.9746098E-1
7.3806109E+3 9.9916320E-1
7.3826101E+3 1.0004856E+0
7.3846093E+3 1.0018892E+0
7.3866085E+3 1.0041071E+0
7.3886077E+3 1.0052939E+0
7.3906069E+3 1.0071637E+0
7.3926062E+3 1.0103459E+0
7.3946054E+3 1.0122864E+0
7.3966046E+3 1.0180545E+0
7.3986038E+3 9.9645139E-1
