#%Name: Haxonite
#%Formula: (Fe,Ni)23C6
#%Mineral class: native
#%Xtal system: isometric 
#%Edge: K
#%Sample prep: polished section
#%Beamline: ALS 10.3.2, HxV slits = 50x20 um
#%Det:  I0=N2, Fluorescence mode (Ge solid state 7elts)
#%Ref/notes:  from Excalibur. XRD confirmed
#%Temp: Room temp (28C)
#%Time&date: 8:30 PM 4/6/2007. Sirine C. Fakra, Matthew A. Marcus
#%============================================================
7.0161043E+3 3.0545630E-3
7.0211048E+3 3.2769516E-3
7.0261054E+3 3.5255054E-3
7.0311059E+3 3.6968237E-3
7.0361064E+3 3.9667031E-3
7.0411070E+3 4.2984755E-3
7.0461075E+3 4.6326463E-3
7.0511080E+3 5.0149373E-3
7.0561085E+3 5.4533656E-3
7.0611091E+3 5.8657011E-3
7.0661096E+3 6.3482280E-3
7.0711101E+3 7.0854926E-3
7.0761107E+3 7.9485557E-3
7.0811112E+3 8.7698426E-3
7.0861117E+3 1.0307383E-2
7.0911123E+3 1.2136050E-2
7.0961128E+3 1.4939388E-2
7.0966128E+3 1.5220040E-2
7.0971129E+3 1.5400361E-2
7.0976130E+3 1.5971981E-2
7.0981130E+3 1.6266402E-2
7.0986131E+3 1.6484324E-2
7.0991131E+3 1.7086479E-2
7.0996132E+3 1.7474466E-2
7.1001132E+3 1.8015225E-2
7.1006133E+3 1.8571761E-2
7.1011133E+3 1.9164128E-2
7.1016134E+3 1.9911816E-2
7.1021134E+3 2.0410624E-2
7.1026135E+3 2.1402421E-2
7.1031135E+3 2.2140553E-2
7.1036136E+3 2.3024990E-2
7.1041136E+3 2.3981628E-2
7.1046137E+3 2.5178027E-2
7.1051138E+3 2.6806195E-2
7.1056138E+3 2.8291945E-2
7.1061139E+3 3.0010940E-2
7.1066139E+3 3.2379062E-2
7.1071140E+3 3.4731854E-2
7.1076140E+3 3.7492709E-2
7.1081141E+3 4.1917540E-2
7.1086141E+3 4.8172972E-2
7.1091142E+3 5.6056354E-2
7.1096142E+3 6.9142110E-2
7.1101143E+3 9.1380494E-2
7.1106143E+3 1.2848071E-1
7.1111144E+3 1.8048590E-1
7.1116144E+3 2.2790028E-1
7.1121145E+3 2.6040804E-1
7.1126146E+3 2.8934865E-1
7.1131146E+3 3.1593126E-1
7.1136147E+3 3.3256273E-1
7.1141147E+3 3.4408595E-1
7.1146148E+3 3.5392466E-1
7.1151148E+3 3.6152872E-1
7.1156149E+3 3.7049013E-1
7.1161149E+3 3.7773234E-1
7.1166150E+3 3.8853680E-1
7.1171150E+3 4.0580904E-1
7.1176151E+3 4.2907652E-1
7.1181151E+3 4.5385641E-1
7.1186152E+3 4.8272928E-1
7.1191152E+3 5.1197974E-1
7.1196153E+3 5.4592904E-1
7.1201154E+3 5.8259181E-1
7.1206154E+3 6.1551732E-1
7.1211155E+3 6.5301386E-1
7.1216155E+3 6.8820448E-1
7.1221156E+3 7.1951552E-1
7.1226156E+3 7.5253347E-1
7.1231157E+3 7.8463291E-1
7.1236157E+3 8.1356056E-1
7.1241158E+3 8.4477931E-1
7.1246158E+3 8.7155026E-1
7.1251159E+3 9.0038389E-1
7.1256159E+3 9.3001297E-1
7.1261160E+3 9.5611776E-1
7.1266161E+3 9.7962119E-1
7.1271161E+3 1.0010708E+0
7.1276162E+3 1.0195324E+0
7.1281162E+3 1.0356024E+0
7.1286163E+3 1.0476956E+0
7.1291163E+3 1.0599374E+0
7.1296164E+3 1.0700450E+0
7.1301164E+3 1.0756324E+0
7.1306165E+3 1.0802766E+0
7.1311165E+3 1.0819056E+0
7.1316166E+3 1.0775365E+0
7.1321166E+3 1.0729546E+0
7.1326167E+3 1.0663108E+0
7.1331167E+3 1.0571577E+0
7.1336168E+3 1.0498825E+0
7.1341169E+3 1.0412978E+0
7.1346169E+3 1.0339153E+0
7.1351170E+3 1.0282821E+0
7.1356170E+3 1.0236313E+0
7.1361171E+3 1.0207662E+0
7.1366171E+3 1.0173319E+0
7.1371172E+3 1.0153192E+0
7.1376172E+3 1.0121849E+0
7.1381173E+3 1.0111826E+0
7.1386173E+3 1.0096874E+0
7.1391174E+3 1.0085141E+0
7.1396174E+3 1.0079476E+0
7.1401175E+3 1.0060519E+0
7.1406176E+3 1.0049077E+0
7.1411176E+3 1.0021414E+0
7.1421177E+3 9.9862117E-1
7.1431178E+3 9.9450249E-1
7.1441179E+3 9.9403522E-1
7.1451180E+3 9.9430719E-1
7.1461181E+3 9.9607737E-1
7.1471182E+3 9.9606740E-1
7.1481184E+3 9.9207822E-1
7.1491185E+3 9.8745864E-1
7.1501186E+3 9.8355965E-1
7.1511187E+3 9.8012161E-1
7.1521188E+3 9.7969582E-1
7.1531189E+3 9.7825784E-1
7.1541190E+3 9.7922682E-1
7.1551191E+3 9.7860370E-1
7.1561192E+3 9.7953146E-1
7.1571193E+3 9.7969899E-1
7.1581194E+3 9.8162618E-1
7.1591195E+3 9.8003331E-1
7.1601196E+3 9.8176516E-1
7.1611198E+3 9.8060341E-1
7.1621199E+3 9.7868045E-1
7.1631200E+3 9.7767383E-1
7.1641201E+3 9.7473617E-1
7.1651202E+3 9.7155753E-1
7.1661203E+3 9.6852041E-1
7.1671204E+3 9.6678278E-1
7.1681205E+3 9.6642453E-1
7.1691206E+3 9.6597605E-1
7.1701207E+3 9.6539010E-1
7.1711208E+3 9.6714227E-1
7.1721209E+3 9.6851362E-1
7.1731210E+3 9.6931382E-1
7.1741212E+3 9.7108977E-1
7.1751213E+3 9.7359213E-1
7.1761214E+3 9.7560963E-1
7.1771215E+3 9.7551413E-1
7.1781216E+3 9.7658445E-1
7.1791217E+3 9.7834569E-1
7.1801218E+3 9.8183019E-1
7.1811219E+3 9.8283984E-1
7.1821220E+3 9.8423974E-1
7.1831221E+3 9.8764252E-1
7.1841222E+3 9.8854867E-1
7.1851223E+3 9.9128867E-1
7.1861224E+3 9.9409915E-1
7.1871226E+3 9.9656381E-1
7.1881227E+3 9.9881409E-1
7.1891228E+3 1.0014492E+0
7.1901229E+3 1.0049120E+0
7.1911230E+3 1.0056987E+0
7.1921231E+3 1.0090272E+0
7.1931232E+3 1.0096590E+0
7.1941233E+3 1.0105515E+0
7.1951234E+3 1.0107772E+0
7.1961235E+3 1.0104837E+0
7.1971236E+3 1.0093416E+0
7.1981237E+3 1.0070998E+0
7.1991238E+3 1.0057689E+0
7.2001240E+3 1.0039642E+0
7.2011241E+3 1.0029447E+0
7.2021242E+3 9.9922705E-1
7.2031243E+3 9.9901877E-1
7.2041244E+3 9.9678454E-1
7.2051245E+3 9.9618548E-1
7.2061246E+3 9.9601076E-1
7.2071247E+3 9.9541258E-1
7.2081248E+3 9.9799478E-1
7.2091249E+3 9.9934518E-1
7.2101250E+3 1.0008715E+0
7.2111251E+3 1.0052479E+0
7.2131670E+3 1.0128353E+0
7.2152089E+3 1.0199863E+0
7.2172508E+3 1.0258749E+0
7.2192927E+3 1.0272157E+0
7.2213346E+3 1.0246740E+0
7.2233765E+3 1.0198696E+0
7.2254184E+3 1.0112409E+0
7.2274603E+3 1.0017778E+0
7.2295021E+3 9.9116032E-1
7.2315440E+3 9.8100589E-1
7.2335859E+3 9.7190217E-1
7.2356278E+3 9.6649296E-1
7.2376697E+3 9.6326832E-1
7.2397116E+3 9.6382483E-1
7.2417535E+3 9.6583829E-1
7.2437954E+3 9.6935898E-1
7.2458372E+3 9.7436779E-1
7.2478791E+3 9.7948990E-1
7.2499210E+3 9.8174235E-1
7.2519629E+3 9.8399593E-1
7.2540048E+3 9.8563429E-1
7.2560467E+3 9.8638029E-1
7.2580886E+3 9.9115726E-1
7.2601305E+3 9.9668267E-1
7.2606305E+3 9.9860888E-1
7.2611306E+3 9.9897889E-1
7.2616306E+3 1.0014821E+0
7.2621307E+3 1.0028838E+0
7.2626307E+3 1.0049262E+0
7.2631308E+3 1.0053567E+0
7.2636309E+3 1.0074632E+0
7.2641309E+3 1.0108091E+0
7.2646310E+3 1.0098070E+0
7.2651310E+3 1.0116667E+0
7.2656311E+3 1.0137493E+0
7.2661311E+3 1.0141242E+0
7.2666312E+3 1.0147894E+0
7.2671312E+3 1.0170636E+0
7.2676313E+3 1.0177059E+0
7.2681313E+3 1.0186850E+0
7.2686314E+3 1.0200717E+0
7.2691315E+3 1.0204628E+0
7.2696315E+3 1.0220809E+0
7.2701316E+3 1.0229682E+0
7.2751321E+3 1.0327507E+0
7.2801327E+3 1.0339922E+0
7.2851332E+3 1.0302682E+0
7.2901337E+3 1.0180360E+0
7.2951343E+3 9.9673133E-1
7.3001348E+3 9.8513695E-1
7.3051354E+3 9.8114397E-1
7.3101359E+3 9.8375486E-1
7.3151365E+3 9.8925424E-1
7.3201370E+3 9.9396551E-1
7.3251376E+3 9.9692262E-1
7.3301381E+3 9.9729661E-1
7.3351387E+3 9.9623348E-1
7.3401392E+3 9.9678702E-1
7.3451398E+3 1.0030198E+0
7.3501403E+3 1.0122395E+0
7.3551409E+3 1.0193880E+0
7.3601414E+3 1.0235939E+0
7.3651420E+3 1.0220503E+0
7.3701426E+3 1.0168437E+0
7.3751431E+3 1.0066635E+0
7.3801437E+3 9.9823453E-1
7.3851442E+3 9.9341847E-1
7.3901448E+3 9.9165192E-1
7.3951453E+3 9.9386266E-1
7.4001459E+3 9.9518242E-1
7.4051464E+3 9.9637467E-1
7.4101470E+3 9.9839323E-1
