#%Name: Hercynite
#%Empirical formula: Fe2+Al2O4
#%Mineral group: oxides
#%Xtal system: isometric 
#%Edge: K
#%Sample prep: powder on kapton tape
#%Beamline: ALS 10.3.2, HxV slits = 100x20 um
#%Det:  I0=N2, Fluorescence mode (Ge solid state 7elts)
#%Ref/notes:  from Glenn A. Waychunas, XRD confirmed.
#%Temp: Room temp (28C)
#%Time&date: 4:34 AM 2/19/2006. Matthew A. Marcus.
#%============================================================
7.0686681E+3 4.7907241E-3
7.0736676E+3 5.2427114E-3
7.0786671E+3 6.0406671E-3
7.0836666E+3 6.8121519E-3
7.0886661E+3 7.9822520E-3
7.0936656E+3 9.3310355E-3
7.0986651E+3 1.0798900E-2
7.1036647E+3 1.4190289E-2
7.1086642E+3 2.5433968E-2
7.1093662E+3 3.1081577E-2
7.1100683E+3 4.5303118E-2
7.1107703E+3 7.3263577E-2
7.1114724E+3 8.8811257E-2
7.1121745E+3 7.6916395E-2
7.1128765E+3 7.0864370E-2
7.1135786E+3 5.9293958E-2
7.1142806E+3 5.4096602E-2
7.1149827E+3 5.9929841E-2
7.1156847E+3 7.5598149E-2
7.1163868E+3 1.0811742E-1
7.1170889E+3 1.6541653E-1
7.1177909E+3 2.4690464E-1
7.1184930E+3 3.7317656E-1
7.1191950E+3 5.7052640E-1
7.1198971E+3 7.3888374E-1
7.1205992E+3 8.0983275E-1
7.1213012E+3 8.3582607E-1
7.1220033E+3 8.7167322E-1
7.1227053E+3 9.4895857E-1
7.1234074E+3 1.0412863E+0
7.1241094E+3 1.0744813E+0
7.1248115E+3 1.0477491E+0
7.1255136E+3 1.0295566E+0
7.1262156E+3 1.0729078E+0
7.1269177E+3 1.1825442E+0
7.1276197E+3 1.3706926E+0
7.1283218E+3 1.5932036E+0
7.1290239E+3 1.6859338E+0
7.1297259E+3 1.6569253E+0
7.1304280E+3 1.5654227E+0
7.1311300E+3 1.4604259E+0
7.1318321E+3 1.3531787E+0
7.1325341E+3 1.2338775E+0
7.1332362E+3 1.1616941E+0
7.1339383E+3 1.1282322E+0
7.1346403E+3 1.1056676E+0
7.1353424E+3 1.0761456E+0
7.1360444E+3 1.0545804E+0
7.1367465E+3 1.0403808E+0
7.1374486E+3 1.0319890E+0
7.1381506E+3 1.0220145E+0
7.1388527E+3 1.0185393E+0
7.1395547E+3 1.0304610E+0
7.1402568E+3 1.0568985E+0
7.1409588E+3 1.0962359E+0
7.1416609E+3 1.1338649E+0
7.1436786E+3 1.1555566E+0
7.1456962E+3 1.0105155E+0
7.1477139E+3 8.8166232E-1
7.1497315E+3 8.1389885E-1
7.1517492E+3 7.7415408E-1
7.1537669E+3 8.0394951E-1
7.1557845E+3 8.7383905E-1
7.1578022E+3 9.1395969E-1
7.1598198E+3 9.1681875E-1
7.1618375E+3 9.1011061E-1
7.1638551E+3 9.0112445E-1
7.1658728E+3 9.0257314E-1
7.1678905E+3 9.2324440E-1
7.1699081E+3 9.5358529E-1
7.1719258E+3 9.8424865E-1
7.1739434E+3 1.0049288E+0
7.1759611E+3 1.0249903E+0
7.1779787E+3 1.0527711E+0
7.1799964E+3 1.0827801E+0
7.1820140E+3 1.1017427E+0
7.1840317E+3 1.0994626E+0
7.1860494E+3 1.0795028E+0
7.1880670E+3 1.0545343E+0
7.1900847E+3 1.0338602E+0
7.1921023E+3 1.0239285E+0
7.1941200E+3 1.0177934E+0
7.1961376E+3 1.0161533E+0
7.1981553E+3 1.0220299E+0
7.2001730E+3 1.0287662E+0
7.2021906E+3 1.0276074E+0
7.2042083E+3 1.0226361E+0
7.2062259E+3 1.0107898E+0
7.2082436E+3 9.9459019E-1
7.2102612E+3 9.7960920E-1
7.2122789E+3 9.6634282E-1
7.2142965E+3 9.6035294E-1
7.2163142E+3 9.6923898E-1
7.2183319E+3 9.8539943E-1
7.2203495E+3 1.0013601E+0
7.2223672E+3 1.0114342E+0
7.2243848E+3 1.0116740E+0
7.2264025E+3 1.0050206E+0
7.2284201E+3 9.9578530E-1
7.2304378E+3 9.8158953E-1
7.2324554E+3 9.7023664E-1
7.2344731E+3 9.6055177E-1
7.2364908E+3 9.5416256E-1
7.2385084E+3 9.5263647E-1
7.2405261E+3 9.5316813E-1
7.2425437E+3 9.5738103E-1
7.2445614E+3 9.6287456E-1
7.2465790E+3 9.7293404E-1
7.2485967E+3 9.8448606E-1
7.2506143E+3 9.9890851E-1
7.2526320E+3 1.0128838E+0
7.2546496E+3 1.0255478E+0
7.2551496E+3 1.0276613E+0
7.2556495E+3 1.0310371E+0
7.2561495E+3 1.0343921E+0
7.2566494E+3 1.0365399E+0
7.2571494E+3 1.0374261E+0
7.2576493E+3 1.0407013E+0
7.2581493E+3 1.0416546E+0
7.2586492E+3 1.0427591E+0
7.2591492E+3 1.0443860E+0
7.2596491E+3 1.0448519E+0
7.2601491E+3 1.0453311E+0
7.2606490E+3 1.0452362E+0
7.2611490E+3 1.0454504E+0
7.2616489E+3 1.0454013E+0
7.2621489E+3 1.0462518E+0
7.2626488E+3 1.0465729E+0
7.2631488E+3 1.0475042E+0
7.2636487E+3 1.0453441E+0
7.2641487E+3 1.0439676E+0
7.2646486E+3 1.0464491E+0
7.2651486E+3 1.0466803E+0
7.2656485E+3 1.0467692E+0
7.2661485E+3 1.0479306E+0
7.2666484E+3 1.0484691E+0
7.2671484E+3 1.0463443E+0
7.2676483E+3 1.0462478E+0
7.2681483E+3 1.0451318E+0
7.2686482E+3 1.0459866E+0
7.2691482E+3 1.0454770E+0
7.2696481E+3 1.0454939E+0
7.2720689E+3 1.0410449E+0
7.2744898E+3 1.0357148E+0
7.2769106E+3 1.0313936E+0
7.2793314E+3 1.0245342E+0
7.2817522E+3 1.0159828E+0
7.2841730E+3 1.0062139E+0
7.2865938E+3 9.9945873E-1
7.2890146E+3 9.9652499E-1
7.2914354E+3 9.9478226E-1
7.2938562E+3 9.9540424E-1
7.2962770E+3 9.9589150E-1
7.2986978E+3 9.9756001E-1
7.3011186E+3 9.9738991E-1
7.3035395E+3 9.9700618E-1
7.3059603E+3 9.9836522E-1
7.3083811E+3 1.0012187E+0
7.3108019E+3 1.0044143E+0
7.3132227E+3 1.0081687E+0
7.3156435E+3 1.0105526E+0
7.3180643E+3 1.0101141E+0
7.3204851E+3 1.0081445E+0
7.3229059E+3 1.0067775E+0
7.3253267E+3 1.0052941E+0
7.3277475E+3 1.0034316E+0
7.3301683E+3 1.0001056E+0
7.3325891E+3 9.9577894E-1
7.3350099E+3 9.9073310E-1
7.3374308E+3 9.8735165E-1
7.3398516E+3 9.8571367E-1
7.3422724E+3 9.8629007E-1
7.3446932E+3 9.8896151E-1
7.3471140E+3 9.9111988E-1
7.3495348E+3 9.9403513E-1
7.3519556E+3 9.9606814E-1
7.3543764E+3 9.9567452E-1
7.3567972E+3 9.9498316E-1
7.3592180E+3 9.9549219E-1
7.3616388E+3 9.9685299E-1
7.3644590E+3 1.0003318E+0
7.3672793E+3 1.0074607E+0
7.3700995E+3 1.0134776E+0
7.3729197E+3 1.0164183E+0
7.3757399E+3 1.0166246E+0
7.3785602E+3 1.0147845E+0
7.3813804E+3 1.0126942E+0
7.3842006E+3 1.0103178E+0
7.3870208E+3 1.0091438E+0
7.3898411E+3 1.0083402E+0
7.3926613E+3 1.0056980E+0
7.3954815E+3 1.0038394E+0
7.3983017E+3 1.0020153E+0
7.4011220E+3 9.9977863E-1
7.4039422E+3 9.9730787E-1
7.4067624E+3 9.9716447E-1
7.4095826E+3 9.9671166E-1
7.4124029E+3 9.9615230E-1
