#%Name: Texas Montmorillonite STx-1b
#%formula: 
#%Mineral class: silicates
#%Xtal system: monoclinic
#%Edge: K
#%Sample prep: mounted on kapton tape
#%Beamline: ALS 10.3.2, HxV slits = 300x20 um
#%Det:  I0=N2, Fluorescence mode (Ge solid state 7elts)
#%Ref/notes:  from the Clay Minerals Society. XRD confirmed. Average of several dat scans
#%Temp: Room temp (28 degC)
#%Time&date: 5:52 PM 3/19/2011. Matthew A. Marcus
#%============================================================
7.0156398E+3 1.1828610E-3
7.0206396E+3 1.0358485E-3
7.0256394E+3 1.2429247E-3
7.0306393E+3 1.5885034E-3
7.0356391E+3 1.4944747E-3
7.0406389E+3 1.3568174E-3
7.0456388E+3 1.5709843E-3
7.0506386E+3 1.6726092E-3
7.0556384E+3 1.4877711E-3
7.0606383E+3 1.7652649E-3
7.0656381E+3 2.0727466E-3
7.0706379E+3 2.0263920E-3
7.0756378E+3 2.5062238E-3
7.0806376E+3 2.9064593E-3
7.0856374E+3 3.7524770E-3
7.0906373E+3 4.2757369E-3
7.0956371E+3 5.3872589E-3
7.0959371E+3 5.4116163E-3
7.0962371E+3 5.7380718E-3
7.0965371E+3 5.7915952E-3
7.0968371E+3 5.8403760E-3
7.0971371E+3 5.7241791E-3
7.0974371E+3 6.2008023E-3
7.0977370E+3 5.8496309E-3
7.0980370E+3 6.2813222E-3
7.0983370E+3 6.3683274E-3
7.0986370E+3 6.5390663E-3
7.0989370E+3 6.6571591E-3
7.0992370E+3 6.3745028E-3
7.0995370E+3 6.5673677E-3
7.0998370E+3 7.0194655E-3
7.1001370E+3 6.7880911E-3
7.1004370E+3 7.2932342E-3
7.1007369E+3 7.1654938E-3
7.1010369E+3 7.1246218E-3
7.1013369E+3 7.6553581E-3
7.1016369E+3 7.6836635E-3
7.1019369E+3 7.7216049E-3
7.1022369E+3 7.9351136E-3
7.1025369E+3 8.0916314E-3
7.1028369E+3 8.1707586E-3
7.1031369E+3 8.6428998E-3
7.1034369E+3 8.9322939E-3
7.1037368E+3 8.8900729E-3
7.1040368E+3 9.0246573E-3
7.1043368E+3 9.3208261E-3
7.1046368E+3 9.5967499E-3
7.1049368E+3 9.9641182E-3
7.1052368E+3 1.0086955E-2
7.1055368E+3 1.0348907E-2
7.1058368E+3 1.0531334E-2
7.1061368E+3 1.0808488E-2
7.1064368E+3 1.1370058E-2
7.1067367E+3 1.1383376E-2
7.1070367E+3 1.1774407E-2
7.1073367E+3 1.2060941E-2
7.1076367E+3 1.2579009E-2
7.1079367E+3 1.3021331E-2
7.1082367E+3 1.3434947E-2
7.1085367E+3 1.3674056E-2
7.1088367E+3 1.4388763E-2
7.1091367E+3 1.5371541E-2
7.1094367E+3 1.6074320E-2
7.1097366E+3 1.6294560E-2
7.1100366E+3 1.7176550E-2
7.1103366E+3 1.8357118E-2
7.1106366E+3 1.9813941E-2
7.1109366E+3 2.1712975E-2
7.1112366E+3 2.3924979E-2
7.1115366E+3 2.6737018E-2
7.1118366E+3 3.1115979E-2
7.1121366E+3 3.6658140E-2
7.1124366E+3 4.1686575E-2
7.1127365E+3 4.5350621E-2
7.1130365E+3 4.6287803E-2
7.1133365E+3 4.6718921E-2
7.1136365E+3 4.7432210E-2
7.1139365E+3 4.9041399E-2
7.1142365E+3 4.9802412E-2
7.1145365E+3 4.8351734E-2
7.1148365E+3 4.5765611E-2
7.1151365E+3 4.3682580E-2
7.1154365E+3 4.2775847E-2
7.1157364E+3 4.2694616E-2
7.1160364E+3 4.4024044E-2
7.1163364E+3 4.5530473E-2
7.1166364E+3 4.8516144E-2
7.1169364E+3 5.1130737E-2
7.1172364E+3 5.4435374E-2
7.1175364E+3 5.8437939E-2
7.1178364E+3 6.2725524E-2
7.1181364E+3 6.7671488E-2
7.1184364E+3 7.2869768E-2
7.1187363E+3 7.8951322E-2
7.1190363E+3 8.6990003E-2
7.1193363E+3 9.5271887E-2
7.1196363E+3 1.0558326E-1
7.1199363E+3 1.1825625E-1
7.1202363E+3 1.3206755E-1
7.1205363E+3 1.4805276E-1
7.1208363E+3 1.6528708E-1
7.1211363E+3 1.8433304E-1
7.1214363E+3 2.0561701E-1
7.1217362E+3 2.2864588E-1
7.1220362E+3 2.5564516E-1
7.1223362E+3 2.8696383E-1
7.1226362E+3 3.2342617E-1
7.1229362E+3 3.6463021E-1
7.1232362E+3 4.1066652E-1
7.1235362E+3 4.5814841E-1
7.1238362E+3 5.0468108E-1
7.1241362E+3 5.4752057E-1
7.1244362E+3 5.8502627E-1
7.1247361E+3 6.1998094E-1
7.1250361E+3 6.5763366E-1
7.1253361E+3 6.9549839E-1
7.1256361E+3 7.4079578E-1
7.1259361E+3 7.8961415E-1
7.1262361E+3 8.4821062E-1
7.1265361E+3 9.0916143E-1
7.1268361E+3 9.7486378E-1
7.1271361E+3 1.0422567E+0
7.1274361E+3 1.1048057E+0
7.1277360E+3 1.1634454E+0
7.1280360E+3 1.2102948E+0
7.1283360E+3 1.2483275E+0
7.1286360E+3 1.2754738E+0
7.1289360E+3 1.2992295E+0
7.1292360E+3 1.3214644E+0
7.1295360E+3 1.3390132E+0
7.1298360E+3 1.3577671E+0
7.1301360E+3 1.3764379E+0
7.1304360E+3 1.4027737E+0
7.1307359E+3 1.4338148E+0
7.1310359E+3 1.4624421E+0
7.1313359E+3 1.4924977E+0
7.1316359E+3 1.5200864E+0
7.1319359E+3 1.5346626E+0
7.1322359E+3 1.5425228E+0
7.1325359E+3 1.5445756E+0
7.1328359E+3 1.5365108E+0
7.1331359E+3 1.5226926E+0
7.1334359E+3 1.5105142E+0
7.1337358E+3 1.4859928E+0
7.1340358E+3 1.4630279E+0
7.1343358E+3 1.4428727E+0
7.1346358E+3 1.4246902E+0
7.1349358E+3 1.4056322E+0
7.1352358E+3 1.3837487E+0
7.1355358E+3 1.3631060E+0
7.1358358E+3 1.3459875E+0
7.1361358E+3 1.3294577E+0
7.1364358E+3 1.3128088E+0
7.1367357E+3 1.2968357E+0
7.1370357E+3 1.2831438E+0
7.1373357E+3 1.2744876E+0
7.1376357E+3 1.2587774E+0
7.1379357E+3 1.2426257E+0
7.1382357E+3 1.2287190E+0
7.1385357E+3 1.2164726E+0
7.1388357E+3 1.2041299E+0
7.1391357E+3 1.1907135E+0
7.1394357E+3 1.1808698E+0
7.1397356E+3 1.1731815E+0
7.1400356E+3 1.1653891E+0
7.1403356E+3 1.1583562E+0
7.1406356E+3 1.1497488E+0
7.1416356E+3 1.1181660E+0
7.1426356E+3 1.0901895E+0
7.1436355E+3 1.0771286E+0
7.1446355E+3 1.0735507E+0
7.1456355E+3 1.0715344E+0
7.1466354E+3 1.0598426E+0
7.1476354E+3 1.0333502E+0
7.1486354E+3 1.0011913E+0
7.1496353E+3 9.6528787E-1
7.1506353E+3 9.2976575E-1
7.1516353E+3 8.9718300E-1
7.1526352E+3 8.6810271E-1
7.1536352E+3 8.4565401E-1
7.1546351E+3 8.2749726E-1
7.1556351E+3 8.1335412E-1
7.1566351E+3 8.0489887E-1
7.1576350E+3 7.9776874E-1
7.1586350E+3 7.9214604E-1
7.1596350E+3 7.9001512E-1
7.1606349E+3 7.8816966E-1
7.1616349E+3 7.9320987E-1
7.1626349E+3 7.9832189E-1
7.1636348E+3 8.0811233E-1
7.1646348E+3 8.2097681E-1
7.1656348E+3 8.3588465E-1
7.1666347E+3 8.5300000E-1
7.1676347E+3 8.7235049E-1
7.1686347E+3 8.9382000E-1
7.1696346E+3 9.1109126E-1
7.1706346E+3 9.2791647E-1
7.1716346E+3 9.4531465E-1
7.1726345E+3 9.6272489E-1
7.1736345E+3 9.7887562E-1
7.1746345E+3 9.9410043E-1
7.1756344E+3 1.0084113E+0
7.1766344E+3 1.0175772E+0
7.1776344E+3 1.0268307E+0
7.1786343E+3 1.0343340E+0
7.1796343E+3 1.0387923E+0
7.1806343E+3 1.0430264E+0
7.1816342E+3 1.0483706E+0
7.1826342E+3 1.0524538E+0
7.1836342E+3 1.0542778E+0
7.1846341E+3 1.0565468E+0
7.1856341E+3 1.0598967E+0
7.1866341E+3 1.0592928E+0
7.1876340E+3 1.0613791E+0
7.1886340E+3 1.0619168E+0
7.1896340E+3 1.0635993E+0
7.1906339E+3 1.0657888E+0
7.1916339E+3 1.0679226E+0
7.1926339E+3 1.0661919E+0
7.1936338E+3 1.0661558E+0
7.1946338E+3 1.0671550E+0
7.1956338E+3 1.0657944E+0
7.1966337E+3 1.0617789E+0
7.1976337E+3 1.0564801E+0
7.1986337E+3 1.0517703E+0
7.1996336E+3 1.0474716E+0
7.2006336E+3 1.0374029E+0
7.2016336E+3 1.0321425E+0
7.2026335E+3 1.0246789E+0
7.2036335E+3 1.0165459E+0
7.2046335E+3 1.0086256E+0
7.2056334E+3 9.9979392E-1
7.2066334E+3 9.9316044E-1
7.2076334E+3 9.8608745E-1
7.2086333E+3 9.8162072E-1
7.2096333E+3 9.7528427E-1
7.2106333E+3 9.6882675E-1
7.2126332E+3 9.5790345E-1
7.2146331E+3 9.5168417E-1
7.2166331E+3 9.4510923E-1
7.2186330E+3 9.4360335E-1
7.2206329E+3 9.4632478E-1
7.2226329E+3 9.5082389E-1
7.2246328E+3 9.5570422E-1
7.2266327E+3 9.5969849E-1
7.2286327E+3 9.5955915E-1
7.2306326E+3 9.6030218E-1
7.2326325E+3 9.6052668E-1
7.2346325E+3 9.6136839E-1
7.2366324E+3 9.6308135E-1
7.2386323E+3 9.6389846E-1
7.2406323E+3 9.6791693E-1
7.2426322E+3 9.7140069E-1
7.2446321E+3 9.7445392E-1
7.2466321E+3 9.7927977E-1
7.2486320E+3 9.8396131E-1
7.2506319E+3 9.8850808E-1
7.2526319E+3 9.9516575E-1
7.2546318E+3 1.0003216E+0
7.2566317E+3 1.0037058E+0
7.2569290E+3 1.0051474E+0
7.2572263E+3 1.0048796E+0
7.2575236E+3 1.0056390E+0
7.2578209E+3 1.0073121E+0
7.2581182E+3 1.0051072E+0
7.2584154E+3 1.0070600E+0
7.2587127E+3 1.0075593E+0
7.2590100E+3 1.0076045E+0
7.2593073E+3 1.0082999E+0
7.2596046E+3 1.0085619E+0
7.2599019E+3 1.0127057E+0
7.2601992E+3 1.0109558E+0
7.2604964E+3 1.0116123E+0
7.2607937E+3 1.0105746E+0
7.2610910E+3 1.0107803E+0
7.2613883E+3 1.0107558E+0
7.2616856E+3 1.0131338E+0
7.2619829E+3 1.0132801E+0
7.2622802E+3 1.0149242E+0
7.2625775E+3 1.0146916E+0
7.2628747E+3 1.0140359E+0
7.2631720E+3 1.0141079E+0
7.2634693E+3 1.0141210E+0
7.2637666E+3 1.0145993E+0
7.2640639E+3 1.0165961E+0
7.2643612E+3 1.0151715E+0
7.2646585E+3 1.0144093E+0
7.2649558E+3 1.0155439E+0
7.2652530E+3 1.0157619E+0
7.2655503E+3 1.0169111E+0
7.2658476E+3 1.0170525E+0
7.2661449E+3 1.0177014E+0
7.2664422E+3 1.0177753E+0
7.2667395E+3 1.0165054E+0
7.2670368E+3 1.0152108E+0
7.2673341E+3 1.0146997E+0
7.2676313E+3 1.0144124E+0
7.2706312E+3 1.0159738E+0
7.2736311E+3 1.0156680E+0
7.2766310E+3 1.0165609E+0
7.2796309E+3 1.0150832E+0
7.2826308E+3 1.0141534E+0
7.2856307E+3 1.0164499E+0
7.2886306E+3 1.0116217E+0
7.2916305E+3 1.0067842E+0
7.2946304E+3 1.0020977E+0
7.2976303E+3 9.9711524E-1
7.3006302E+3 9.9110770E-1
7.3036301E+3 9.8556509E-1
7.3066300E+3 9.8336407E-1
7.3096299E+3 9.8141957E-1
7.3126298E+3 9.7870437E-1
7.3156297E+3 9.8030686E-1
7.3186296E+3 9.7926658E-1
7.3216295E+3 9.8076292E-1
7.3246294E+3 9.8065365E-1
7.3276293E+3 9.8386392E-1
7.3306292E+3 9.8662862E-1
7.3336291E+3 9.8695893E-1
7.3366290E+3 9.8930990E-1
7.3396289E+3 9.9101813E-1
7.3426288E+3 9.9221424E-1
7.3456287E+3 9.9394023E-1
7.3486286E+3 9.9394223E-1
7.3516285E+3 9.9632910E-1
7.3546284E+3 9.9648839E-1
7.3576283E+3 9.9735039E-1
7.3606282E+3 9.9759611E-1
7.3636281E+3 9.9797673E-1
7.3666280E+3 9.9904264E-1
7.3696279E+3 9.9848887E-1
7.3726278E+3 1.0001546E+0
7.3756276E+3 1.0018365E+0
7.3786275E+3 1.0051555E+0
7.3816274E+3 1.0080200E+0
7.3846273E+3 1.0078330E+0
7.3876272E+3 1.0099256E+0
7.3906271E+3 1.0091437E+0
7.3936270E+3 1.0100696E+0
7.3966269E+3 1.0084237E+0
7.3996268E+3 1.0074319E+0
7.4026267E+3 1.0080317E+0
7.4056266E+3 1.0058984E+0
7.4086265E+3 1.0059302E+0
