#%Name: Na-Montmorillonite SWy-2
#%formula: 
#%Mineral class: silicates
#%Xtal system: monoclinic
#%Edge: K
#%Sample prep: mounted on kapton tape
#%Beamline: ALS 10.3.2, HxV slits = 100x20 um
#%Det:  I0=N2, Fluorescence mode (Ge solid state 7elts)
#%Ref/notes:  from the Clay Minerals Society. XRD confirmed. Average of several qxas scans
#%Temp: Room temp (28 degC)
#%Time&date: 8:03 PM 9/1/2011. Matthew A. Marcus
#%============================================================
7.0120250E+3 2.5132354E-3
7.0130257E+3 2.5355501E-3
7.0140263E+3 2.5620939E-3
7.0150270E+3 2.5718828E-3
7.0160276E+3 2.5934867E-3
7.0170282E+3 2.6298208E-3
7.0180289E+3 2.6039558E-3
7.0190295E+3 2.6374349E-3
7.0200302E+3 2.6525606E-3
7.0210308E+3 2.6597797E-3
7.0220315E+3 2.7192842E-3
7.0230321E+3 2.7810275E-3
7.0240328E+3 2.7739678E-3
7.0250334E+3 2.7899555E-3
7.0260341E+3 2.7890313E-3
7.0270347E+3 2.8238372E-3
7.0280354E+3 2.8667823E-3
7.0290360E+3 2.8681727E-3
7.0300367E+3 2.8742306E-3
7.0310373E+3 2.8855386E-3
7.0320380E+3 2.9220427E-3
7.0330386E+3 2.9554356E-3
7.0340392E+3 2.9531657E-3
7.0350399E+3 2.9764556E-3
7.0360405E+3 3.0092171E-3
7.0370412E+3 3.0460055E-3
7.0380418E+3 3.0561439E-3
7.0390425E+3 3.1213518E-3
7.0400431E+3 3.1241550E-3
7.0410438E+3 3.1872169E-3
7.0420444E+3 3.2169528E-3
7.0430451E+3 3.2484717E-3
7.0440457E+3 3.2680816E-3
7.0450464E+3 3.3199304E-3
7.0460470E+3 3.3541099E-3
7.0470477E+3 3.4058042E-3
7.0480483E+3 3.4289513E-3
7.0490490E+3 3.4665473E-3
7.0500496E+3 3.5065460E-3
7.0510503E+3 3.5528334E-3
7.0520509E+3 3.6008506E-3
7.0530516E+3 3.6313475E-3
7.0540522E+3 3.6983147E-3
7.0550529E+3 3.6942297E-3
7.0560535E+3 3.7900807E-3
7.0570542E+3 3.9056715E-3
7.0580548E+3 3.9682443E-3
7.0590554E+3 4.0224403E-3
7.0600561E+3 4.1274889E-3
7.0610567E+3 4.1810507E-3
7.0620574E+3 4.2663052E-3
7.0630580E+3 4.3425231E-3
7.0640587E+3 4.4118169E-3
7.0650593E+3 4.5281773E-3
7.0660600E+3 4.6333902E-3
7.0670606E+3 4.7720168E-3
7.0680613E+3 4.8948917E-3
7.0690619E+3 4.9972552E-3
7.0700626E+3 5.1348960E-3
7.0710632E+3 5.2486423E-3
7.0720639E+3 5.4327449E-3
7.0730645E+3 5.5075001E-3
7.0740652E+3 5.6406085E-3
7.0750658E+3 5.7636028E-3
7.0760665E+3 5.9001608E-3
7.0770671E+3 6.0336206E-3
7.0780678E+3 6.1884949E-3
7.0790684E+3 6.2929410E-3
7.0800691E+3 6.3934496E-3
7.0810697E+3 6.5778111E-3
7.0820704E+3 6.7013087E-3
7.0830710E+3 6.8565993E-3
7.0840717E+3 7.0178391E-3
7.0850723E+3 7.1817743E-3
7.0860730E+3 7.3651498E-3
7.0870736E+3 7.5133068E-3
7.0880743E+3 7.7366675E-3
7.0890749E+3 7.9477386E-3
7.0900756E+3 8.1309880E-3
7.0910762E+3 8.3841049E-3
7.0920769E+3 8.6121408E-3
7.0930775E+3 8.8333184E-3
7.0940782E+3 9.1672713E-3
7.0950788E+3 9.5188916E-3
7.0960795E+3 9.8361325E-3
7.0968298E+3 1.0170722E-2
7.0973300E+3 1.0415429E-2
7.0978301E+3 1.0619159E-2
7.0983302E+3 1.0752977E-2
7.0988303E+3 1.0968778E-2
7.0993305E+3 1.1284600E-2
7.0998306E+3 1.1527664E-2
7.1003307E+3 1.1813257E-2
7.1008308E+3 1.2073211E-2
7.1013309E+3 1.2262811E-2
7.1018311E+3 1.2472665E-2
7.1023312E+3 1.2812779E-2
7.1028313E+3 1.3200676E-2
7.1033314E+3 1.3480970E-2
7.1038316E+3 1.3869333E-2
7.1043317E+3 1.4170546E-2
7.1048318E+3 1.4603747E-2
7.1053319E+3 1.5172865E-2
7.1058320E+3 1.5610735E-2
7.1063322E+3 1.5967014E-2
7.1068323E+3 1.6446912E-2
7.1073324E+3 1.6951970E-2
7.1078325E+3 1.7657516E-2
7.1083327E+3 1.8470354E-2
7.1088328E+3 1.9291468E-2
7.1093329E+3 2.0255784E-2
7.1098330E+3 2.1614885E-2
7.1103331E+3 2.3503154E-2
7.1108333E+3 2.6146400E-2
7.1113334E+3 3.0207011E-2
7.1118335E+3 3.7634344E-2
7.1123336E+3 4.6499461E-2
7.1128338E+3 5.0486115E-2
7.1133339E+3 5.0868160E-2
7.1138340E+3 5.2061227E-2
7.1143341E+3 5.0934648E-2
7.1148342E+3 4.5720853E-2
7.1153344E+3 4.2178151E-2
7.1158345E+3 4.1993178E-2
7.1163346E+3 4.3916952E-2
7.1168347E+3 4.7726315E-2
7.1173349E+3 5.3159942E-2
7.1178350E+3 6.0119532E-2
7.1183351E+3 6.8914564E-2
7.1188352E+3 8.0642236E-2
7.1193353E+3 9.6504053E-2
7.1198355E+3 1.1827975E-1
7.1203356E+3 1.4676584E-1
7.1208357E+3 1.7869167E-1
7.1213358E+3 2.1498603E-1
7.1218360E+3 2.5704988E-1
7.1223361E+3 3.0891520E-1
7.1228362E+3 3.8076030E-1
7.1233363E+3 4.6923223E-1
7.1238364E+3 5.5219705E-1
7.1243366E+3 6.2359628E-1
7.1248367E+3 6.8817576E-1
7.1253368E+3 7.5541072E-1
7.1258369E+3 8.3036281E-1
7.1263371E+3 9.1466091E-1
7.1268372E+3 1.0129348E+0
7.1273373E+3 1.1162496E+0
7.1278374E+3 1.2080422E+0
7.1283375E+3 1.2692594E+0
7.1288377E+3 1.3110172E+0
7.1293378E+3 1.3425344E+0
7.1298379E+3 1.3744193E+0
7.1303380E+3 1.4113897E+0
7.1308382E+3 1.4600335E+0
7.1313383E+3 1.5084824E+0
7.1318384E+3 1.5394519E+0
7.1323385E+3 1.5470763E+0
7.1328386E+3 1.5317819E+0
7.1333388E+3 1.5033900E+0
7.1338389E+3 1.4711964E+0
7.1343390E+3 1.4426910E+0
7.1348391E+3 1.4161916E+0
7.1353393E+3 1.3853590E+0
7.1358394E+3 1.3545167E+0
7.1363395E+3 1.3278806E+0
7.1368396E+3 1.2988863E+0
7.1373397E+3 1.2739674E+0
7.1378399E+3 1.2497829E+0
7.1383400E+3 1.2246113E+0
7.1388401E+3 1.2050122E+0
7.1393402E+3 1.1878113E+0
7.1398404E+3 1.1703003E+0
7.1403405E+3 1.1536616E+0
7.1408406E+3 1.1422690E+0
7.1413407E+3 1.1296227E+0
7.1420909E+3 1.1064389E+0
7.1430912E+3 1.0893717E+0
7.1440914E+3 1.0832433E+0
7.1450917E+3 1.0806291E+0
7.1460919E+3 1.0743316E+0
7.1470921E+3 1.0542327E+0
7.1480924E+3 1.0270654E+0
7.1490926E+3 9.9158723E-1
7.1500929E+3 9.5612969E-1
7.1510931E+3 9.2527842E-1
7.1520934E+3 8.9556907E-1
7.1530936E+3 8.7246015E-1
7.1540939E+3 8.5387362E-1
7.1550941E+3 8.3900374E-1
7.1560944E+3 8.2822887E-1
7.1570946E+3 8.2236199E-1
7.1580948E+3 8.1749381E-1
7.1590951E+3 8.1386952E-1
7.1600953E+3 8.1296619E-1
7.1610956E+3 8.1488807E-1
7.1620958E+3 8.1862495E-1
7.1630961E+3 8.2591007E-1
7.1640963E+3 8.3646957E-1
7.1650966E+3 8.4986896E-1
7.1660968E+3 8.6585626E-1
7.1670971E+3 8.8430627E-1
7.1680973E+3 9.0293284E-1
7.1690975E+3 9.2139502E-1
7.1700978E+3 9.3713975E-1
7.1710980E+3 9.5416969E-1
7.1720983E+3 9.6712486E-1
7.1730985E+3 9.8094169E-1
7.1740988E+3 9.9562047E-1
7.1750990E+3 1.0103889E+0
7.1760993E+3 1.0176529E+0
7.1770995E+3 1.0267300E+0
7.1780998E+3 1.0323799E+0
7.1791000E+3 1.0392155E+0
7.1801003E+3 1.0474141E+0
7.1811005E+3 1.0530028E+0
7.1821008E+3 1.0593050E+0
7.1831010E+3 1.0617146E+0
7.1841012E+3 1.0641637E+0
7.1851015E+3 1.0680379E+0
7.1861017E+3 1.0691099E+0
7.1871020E+3 1.0716539E+0
7.1881022E+3 1.0745801E+0
7.1891025E+3 1.0780133E+0
7.1901027E+3 1.0806276E+0
7.1911030E+3 1.0831996E+0
7.1921032E+3 1.0837688E+0
7.1931035E+3 1.0851338E+0
7.1941037E+3 1.0866529E+0
7.1951040E+3 1.0853432E+0
7.1961042E+3 1.0838636E+0
7.1971045E+3 1.0789479E+0
7.1981047E+3 1.0743478E+0
7.1991050E+3 1.0683249E+0
7.2001052E+3 1.0600843E+0
7.2011054E+3 1.0519575E+0
7.2021057E+3 1.0423782E+0
7.2031059E+3 1.0335267E+0
7.2041062E+3 1.0237287E+0
7.2051064E+3 1.0167297E+0
7.2061067E+3 1.0059608E+0
7.2071069E+3 9.9871329E-1
7.2081072E+3 9.9055826E-1
7.2091074E+3 9.8422499E-1
7.2101077E+3 9.7806560E-1
7.2111079E+3 9.7115183E-1
7.2121082E+3 9.6382982E-1
7.2131084E+3 9.5992118E-1
7.2141087E+3 9.5502277E-1
7.2151089E+3 9.5246562E-1
7.2161092E+3 9.5131927E-1
7.2171094E+3 9.4869423E-1
7.2181097E+3 9.4890226E-1
7.2191099E+3 9.4898961E-1
7.2201102E+3 9.5116523E-1
7.2211104E+3 9.5266597E-1
7.2221106E+3 9.5595342E-1
7.2231109E+3 9.5843161E-1
7.2241111E+3 9.6132650E-1
7.2251114E+3 9.6526315E-1
7.2261116E+3 9.6763377E-1
7.2271119E+3 9.6854024E-1
7.2281121E+3 9.6998230E-1
7.2291124E+3 9.7228882E-1
7.2301126E+3 9.7296410E-1
7.2311129E+3 9.7409916E-1
7.2321131E+3 9.7537718E-1
7.2331134E+3 9.7626928E-1
7.2341136E+3 9.7685017E-1
7.2351139E+3 9.7866437E-1
7.2361141E+3 9.7871076E-1
7.2371144E+3 9.8101162E-1
7.2381146E+3 9.8281313E-1
7.2391149E+3 9.8399136E-1
7.2401151E+3 9.8531906E-1
7.2411154E+3 9.8757411E-1
7.2421156E+3 9.9000449E-1
7.2431159E+3 9.9095655E-1
7.2441161E+3 9.9269582E-1
7.2451164E+3 9.9334945E-1
7.2461166E+3 9.9433565E-1
7.2471169E+3 9.9566196E-1
7.2481171E+3 9.9693184E-1
7.2491174E+3 9.9863991E-1
7.2501176E+3 1.0003363E+0
7.2511179E+3 1.0024748E+0
7.2521181E+3 1.0031409E+0
7.2531184E+3 1.0049231E+0
7.2541186E+3 1.0071888E+0
7.2551189E+3 1.0100161E+0
7.2561191E+3 1.0114890E+0
7.2571194E+3 1.0118632E+0
7.2578695E+3 1.0130570E+0
7.2583697E+3 1.0141998E+0
7.2588698E+3 1.0157627E+0
7.2593699E+3 1.0170727E+0
7.2598700E+3 1.0177017E+0
7.2603702E+3 1.0172740E+0
7.2608703E+3 1.0178180E+0
7.2613704E+3 1.0169213E+0
7.2618705E+3 1.0179311E+0
7.2623707E+3 1.0176079E+0
7.2628708E+3 1.0149504E+0
7.2633709E+3 1.0136391E+0
7.2638710E+3 1.0153381E+0
7.2643712E+3 1.0177589E+0
7.2648713E+3 1.0192113E+0
7.2653714E+3 1.0197607E+0
7.2658715E+3 1.0198127E+0
7.2663717E+3 1.0218455E+0
7.2668718E+3 1.0224335E+0
7.2673719E+3 1.0213952E+0
7.2678720E+3 1.0187350E+0
7.2683722E+3 1.0198797E+0
7.2702226E+3 1.0232275E+0
7.2734234E+3 1.0212737E+0
7.2766242E+3 1.0224417E+0
7.2798250E+3 1.0230982E+0
7.2830258E+3 1.0245488E+0
7.2862266E+3 1.0236510E+0
7.2894274E+3 1.0216504E+0
7.2926282E+3 1.0172197E+0
7.2958290E+3 1.0113853E+0
7.2990298E+3 1.0047840E+0
7.3022306E+3 9.9779274E-1
7.3054314E+3 9.9282240E-1
7.3086322E+3 9.8909543E-1
7.3118330E+3 9.8626203E-1
7.3150338E+3 9.8317938E-1
7.3182346E+3 9.8239105E-1
7.3214354E+3 9.8167706E-1
7.3246363E+3 9.8392970E-1
7.3278371E+3 9.8616346E-1
7.3310379E+3 9.8841372E-1
7.3342387E+3 9.9131229E-1
7.3374395E+3 9.9227900E-1
7.3406403E+3 9.9497201E-1
7.3438411E+3 9.9675961E-1
7.3470419E+3 9.9851839E-1
7.3502427E+3 9.9864955E-1
7.3534435E+3 9.9928886E-1
7.3566443E+3 9.9901123E-1
7.3598451E+3 1.0004960E+0
7.3630459E+3 9.9924668E-1
7.3662467E+3 9.9958014E-1
7.3694476E+3 9.9966064E-1
7.3726484E+3 1.0012745E+0
7.3758492E+3 1.0012940E+0
7.3790500E+3 1.0021721E+0
7.3822508E+3 1.0033116E+0
7.3854516E+3 1.0036240E+0
7.3886524E+3 1.0035082E+0
7.3918532E+3 1.0028651E+0
7.3950540E+3 1.0023687E+0
7.3982549E+3 1.0017043E+0
7.4014557E+3 9.9991243E-1
7.4046565E+3 9.9812401E-1
7.4078573E+3 9.9699785E-1
