#%Name: Olivine
#%Formula: (Mg,Fe)2SiO4
#%Mineral class: silicate
#%Xtal system: orthorombic
#%Edge: K
#%Sample prep: powder mixed with DI water, air dried on Cu TEM grid, then plunged in liquid ethane and cryo-transfered. sample mounted at 40 deg.
#%Beamline: ALS 10.3.2, HxV slits = 200x20 um
#%Det:  I0=N2, Fluorescence mode (Amptek C2)
#%Ref/notes: Chemplex standard
#%Temp: -177 Celcius, pressure= 1 10^-6.
#%Time&date=4:38 AM 3/31/2023. Sirine C. Fakra
#%===========================================
7010.573221119999	-4.61153845825962e-05
7010.873221119999	-0.000107058278325984
7011.17322112	-0.000137144524056783
7011.47322112	-0.000141865409154097
7011.77322112	-0.000126712220997031
7012.073221119999	-9.71762469646896e-05
7012.373221119999	-5.90079813480029e-05
7012.673221119991	-2.45581112374023e-05
7012.973221119991	-7.35355272518755e-06
7013.27322111999	-1.19516296872842e-05
7013.57322111999	-3.4279444499683e-05
7013.87322111999	-5.24528710763619e-05
7014.173221119991	-5.26318923507159e-05
7014.47322111999	-2.69878969396959e-05
7014.77322111999	1.03858394873096e-05
7015.07322111999	4.37857505164628e-05
7015.37322111999	6.328927215296029e-05
7015.673221119991	6.84759448118446e-05
7015.97322111999	6.493287698632219e-05
7016.27322111999	5.2139730600008e-05
7016.57322111999	3.0339404030617e-05
7016.873221119979	5.24731424343734e-06
7017.17322111998	-9.121007665033309e-06
7017.47322111998	1.40221680444221e-06
7017.77322111998	3.68736509257459e-05
7018.07322111998	8.2408974692025e-05
7018.373221119979	0.000117520904838836
7018.67322111998	0.000131703795444989
7018.97322111998	0.000128075229258297
7019.27322111998	0.00011459424099703
7019.57322111998	9.55029790183099e-05
7019.873221119979	6.67985023338147e-05
7020.17322111998	3.4354065647282e-05
7020.47322111998	8.31067262086742e-06
7020.77322111998	6.18343696288567e-06
7021.073221119979	2.82788039561062e-05
7021.37322111997	6.03957515489464e-05
7021.673221119971	8.0859950264289e-05
7021.973221119971	7.42281729325659e-05
7022.27322111997	4.78691882165515e-05
7022.57322111997	1.67977909260009e-05
7022.87322111997	5.95288927563406e-06
7023.173221119971	2.09802972053183e-05
7023.473221119971	5.86695686873026e-05
7023.77322111997	9.35034235190515e-05
7024.07322111997	0.000103971453654751
7024.37322111997	7.92240606232282e-05
7024.673221119971	3.01180356210648e-05
7024.97322111997	-1.60882320829512e-05
7025.27322111997	-4.33429924895941e-05
7025.57322111996	-4.57957962898248e-05
7025.87322111996	-4.04002110262573e-05
7026.17322111996	-3.89564696960783e-05
7026.47322111996	-4.87997553049458e-05
7026.77322111996	-6.24580872912341e-05
7027.07322111996	-6.7089962124049e-05
7027.37322111996	-5.12685512476971e-05
7027.67322111996	-1.56786685679811e-05
7027.97322111996	2.38941582126177e-05
7028.27322111996	4.84065705326756e-05
7028.57322111996	4.57562057916029e-05
7028.873221119959	2.44512247843933e-05
7029.17322111996	-1.21039366975564e-06
7029.47322111996	-1.76864520410655e-05
7029.77322111995	-2.21043849992946e-05
7030.073221119949	-1.69558167868944e-05
7030.373221119949	-5.06306423810424e-06
7030.67322111995	1.01133896791156e-05
7030.97322111995	2.30185701071225e-05
7031.27322111995	2.57327223678363e-05
7031.57322111995	1.26690219973063e-05
7031.87322111995	-1.27899048549998e-05
7032.173221119951	-3.83961483219037e-05
7032.473221119951	-5.02600609808949e-05
7032.77322111995	-3.86073877497624e-05
7033.07322111995	-5.3389355443788e-06
7033.37322111995	4.04466248624659e-05
7033.673221119951	8.55937698950019e-05
7033.973221119951	0.000118204173503694
7034.27322111994	0.00013595832241597
7034.57322111994	0.000138359385803133
7034.87322111994	0.000127264298630477
7035.17322111994	0.000104272864034003
7035.47322111994	7.226129350730379e-05
7035.77322111994	4.49774329680952e-05
7036.07322111994	3.12389363658099e-05
7036.37322111994	3.20879949257382e-05
7036.67322111994	3.61795473433089e-05
7036.97322111994	2.70456314375929e-05
7037.27322111994	3.08474439252586e-06
7037.57322111994	-3.09342437089103e-05
7037.87322111994	-5.95309960243412e-05
7038.17322111994	-7.95192673731393e-05
7038.47322111993	-9.256200629865319e-05
7038.77322111993	-0.000105420727844046
7039.073221119929	-0.000118852159382131
7039.373221119929	-0.00012740990255229
7039.67322111993	-0.00012685715391353
7039.97322111993	-0.000116957013270792
7040.27322111993	-0.000101796312512599
7040.573221119929	-8.52997978065793e-05
7040.873221119929	-6.988604389727889e-05
7041.17322111993	-5.85535662042464e-05
7041.47322111993	-5.42182420854679e-05
7041.77322111993	-5.71215103831326e-05
7042.07322111993	-6.68210194346894e-05
7042.37322111993	-8.33036777203283e-05
7042.673221119921	-0.000105714569362796
7042.97322111992	-0.000128532577739001
7043.27322111992	-0.000139725002967171
7043.57322111992	-0.000130482091282349
7043.87322111992	-0.000105243906748469
7044.173221119921	-7.86521987221209e-05
7044.47322111992	-6.60255515067616e-05
7044.77322111992	-6.90018003928974e-05
7045.07322111992	-7.98319222278626e-05
7045.37322111992	-8.88602321673724e-05
7045.67322111992	-9.090217365364439e-05
7045.97322111992	-8.63187312185729e-05
7046.27322111992	-7.60384490661286e-05
7046.57322111992	-6.1502782926856e-05
7046.873221119909	-4.58231893467831e-05
7047.17322111991	-3.33393932595644e-05
7047.47322111991	-2.83794274866805e-05
7047.77322111991	-3.27421021116904e-05
7048.07322111991	-4.53372484607616e-05
7048.373221119909	-6.376195790808611e-05
7048.67322111991	-8.35921050303448e-05
7048.97322111991	-9.8308091643084e-05
7049.27322111991	-0.000101815943483574
7049.573221119909	-9.206956976373861e-05
7049.873221119909	-7.95422144405536e-05
7050.17322111991	-7.88733120115172e-05
7050.47322111991	-0.000102894413588852
7050.77322111991	-0.000144184522751936
7051.073221119909	-0.000181459199000853
7051.3732211199	-0.000190907527115054
7051.673221119901	-0.0001613991871417
7051.973221119901	-0.00010239670496658
7052.2732211199	-3.3436034366985e-05
7052.5732211199	2.67813210444151e-05
7052.8732211199	6.79909121027779e-05
7053.173221119901	9.49152600657215e-05
7053.4732211199	0.000116167643750544
7053.7732211199	0.00013767824403927
7054.0732211199	0.000155059126632625
7054.3732211199	0.000157046679684774
7054.673221119901	0.000136275545576326
7054.9732211199	9.28893030964856e-05
7055.2732211199	3.19144715302212e-05
7055.57322111989	-3.8596096189327e-05
7055.873221119889	-0.000101835265675463
7056.17322111989	-0.000135395848784315
7056.47322111989	-0.000118554305513288
7056.77322111989	-5.66977870531906e-05
7057.07322111989	1.98174712919179e-05
7057.373221119889	7.193575321836419e-05
7057.67322111989	7.775463196211e-05
7057.97322111989	4.55680685935151e-05
7058.27322111989	8.41967985524406e-07
7058.57322111989	-3.34630294910354e-05
7058.873221119889	-4.9804571416012e-05
7059.17322111989	-5.38228967002191e-05
7059.47322111989	-5.39163457145241e-05
7059.77322111988	-5.41778221893527e-05
7060.07322111988	-5.21860871729056e-05
7060.37322111988	-4.21894970124345e-05
7060.673221119881	-2.16497601071651e-05
7060.973221119881	5.91140021200706e-06
7061.27322111988	3.31422372127756e-05
7061.57322111988	5.417965106825e-05
7061.87322111988	6.92873349618224e-05
7062.173221119881	8.06288176187805e-05
7062.473221119881	9.03297111063052e-05
7062.77322111988	9.82507934168458e-05
7063.07322111988	0.000103495621620169
7063.37322111988	0.000105541928704231
7063.673221119881	0.00010513854674672
7063.97322111988	0.000105359930076129
7064.27322111987	0.000110746355136715
7064.57322111987	0.00012418546008306
7064.87322111987	0.000142302601041702
7065.17322111987	0.000158326847038592
7065.47322111987	0.000165035669750418
7065.77322111987	0.000157441591930072
7066.07322111987	0.000132525644572456
7066.37322111987	8.805725972837061e-05
7066.67322111987	2.73787189996945e-05
7066.97322111987	-3.79859173722643e-05
7067.27322111987	-9.40831071280867e-05
7067.57322111987	-0.000127300106678365
7067.873221119869	-0.000127106275222996
7068.17322111987	-8.967085759159941e-05
7068.47322111986	-1.56609789607176e-05
7068.77322111986	7.16061364688396e-05
7069.07322111986	0.000143011249800701
7069.37322111986	0.000175141053389025
7069.673221119861	0.000166689992431544
7069.973221119861	0.000140557416933304
7070.27322111986	0.000112964462415968
7070.57322111986	9.19441848848199e-05
7070.87322111986	6.369150018563169e-05
7071.173221119861	1.96286089619032e-05
7071.473221119861	-4.35155928535587e-05
7071.77322111986	-0.000109825132032687
7072.07322111986	-0.000156024732502335
7072.37322111986	-0.000161692687036356
7072.67322111985	-0.000122118001768977
7072.97322111985	-5.70298784506384e-05
7073.27322111985	4.89463493797869e-06
7073.57322111985	3.93794224302263e-05
7073.87322111985	4.24947572822705e-05
7074.17322111985	2.80909199248157e-05
7074.47322111985	1.38740450633984e-05
7074.77322111985	1.06029132549708e-05
7075.07322111985	1.84041482555691e-05
7075.37322111985	3.1700899712021e-05
7075.67322111985	4.66750146552762e-05
7075.97322111985	6.15828365929385e-05
7076.27322111985	7.389075347651639e-05
7076.57322111985	8.02066013435671e-05
7076.87322111985	7.5942373192811e-05
7077.17322111984	6.29267816440126e-05
7077.47322111984	4.58395042243533e-05
7077.77322111984	3.46726083882789e-05
7078.073221119839	3.76930588404674e-05
7078.373221119839	5.8959047391703e-05
7078.67322111984	9.11018551117027e-05
7078.97322111984	0.000113187934916221
7079.27322111984	0.000106541991916301
7079.573221119839	6.35897784616367e-05
7079.87322111984	1.26974280520524e-05
7080.17322111984	-1.38198212220392e-05
7080.473221119841	1.04444739486131e-05
7080.773221119841	6.699872078326209e-05
7081.07322111984	0.000113162107546138
7081.37322111983	0.000107700487682651
7081.67322111983	4.35973941253234e-05
7081.97322111983	-3.63012823258844e-05
7082.27322111983	-7.90200825611889e-05
7082.57322111983	-4.70649520562818e-05
7082.87322111983	3.85136273549472e-05
7083.17322111983	0.000133463563225217
7083.47322111983	0.000194233245314362
7083.77322111983	0.000220438723313336
7084.07322111983	0.000238488960855982
7084.37322111983	0.000276390473023699
7084.67322111983	0.00033553162341949
7084.97322111983	0.000383479976061563
7085.27322111983	0.000391015549936088
7085.57322111982	0.000342232025722043
7085.873221119819	0.000263595955725511
7086.17322111982	0.000181267356951912
7086.47322111982	0.000116466080554742
7086.77322111982	7.54307033158351e-05
7087.07322111982	6.636485958595921e-05
7087.373221119819	0.000106283310821197
7087.67322111982	0.000196491934845683
7087.97322111982	0.000309342618599261
7088.27322111982	0.000401612292602761
7088.573221119819	0.000440951343997093
7088.873221119819	0.000440847169573518
7089.17322111982	0.000430879485123575
7089.47322111982	0.00044066019339018
7089.77322111982	0.00047890978421314
7090.07322111981	0.000545360054628811
7090.37322111981	0.000642238907738558
7090.67322111981	0.000764451726254734
7090.973221119811	0.000891507989058121
7091.27322111981	0.000991684453997878
7091.57322111981	0.00104067424402712
7091.87322111981	0.00104879569743625
7092.17322111981	0.00105163727965301
7092.47322111981	0.00108887391193905
7092.77322111981	0.00117630198234675
7093.07322111981	0.00129792244669989
7093.37322111981	0.00142193582501098
7093.67322111981	0.00152710906456796
7093.97322111981	0.00162163921204165
7094.2732211198	0.00174395009287422
7094.5732211198	0.00192941943168046
7094.873221119799	0.00218355832672394
7095.1732211198	0.0025533275398055
7095.4732211198	0.00323790527561749
7095.7732211198	0.00319262459074549
7096.0732211198	0.00294497511438444
7096.373221119799	0.00270762658849079
7096.6732211198	0.00322938464520209
7096.9732211198	0.00319937633912998
7097.2732211198	0.00387611583174625
7097.5732211198	0.00306547138028734
7097.873221119799	0.00326042298643812
7098.1732211198	0.00338294687244503
7098.473221119791	0.00423346027330702
7098.77322111979	0.00447443375318681
7099.07322111979	0.0048731369591776
7099.37322111979	0.00506949836928204
7099.67322111979	0.00510808863064027
7099.973221119791	0.00531413160433305
7100.27322111979	0.0058320248375113
7100.57322111979	0.00615400386340578
7100.87322111979	0.00625083060557979
7101.17322111979	0.00676568419140355
7101.473221119791	0.00681919927732165
7101.77322111979	0.00696454231377479
7102.07322111979	0.00737234964968529
7102.37322111979	0.00720874045114226
7102.67322111978	0.00741861968487791
7102.97322111978	0.008082136437223039
7103.27322111978	0.008597668207488279
7103.57322111978	0.008897439753497291
7103.87322111978	0.009353630940049819
7104.17322111978	0.0095766769001183
7104.47322111978	0.0100457064866231
7104.77322111978	0.0106114808951419
7105.07322111978	0.0110492146919217
7105.37322111978	0.011213332747948
7105.67322111978	0.0119686369445494
7105.97322111978	0.0129564895256732
7106.27322111978	0.0132811627321147
7106.57322111978	0.0137671041915998
7106.873221119779	0.0151177878931617
7107.17322111977	0.0152669603115003
7107.473221119771	0.0164638676340054
7107.773221119771	0.016895340217206
7108.07322111977	0.0185223837734986
7108.37322111977	0.018938738578844
7108.67322111977	0.021312869074671
7108.973221119771	0.0219995308762824
7109.27322111977	0.0248134529114812
7109.57322111977	0.0270097823897591
7109.87322111977	0.0314346301714845
7110.17322111977	0.0354000144932951
7110.473221119771	0.0428539338566477
7110.77322111977	0.0478593679530296
7111.07322111977	0.0517662698999749
7111.37322111976	0.0528705079453825
7111.67322111976	0.0546529323980304
7111.97322111976	0.055282586674076
7112.27322111976	0.0562073330437612
7112.57322111976	0.0559978299442092
7112.87322111976	0.0585446455814776
7113.17322111976	0.0578773381842645
7113.47322111976	0.0583714873702016
7113.77322111976	0.0596435385767973
7114.07322111976	0.0616382100374084
7114.37322111976	0.0641743719331357
7114.67322111976	0.068791864308114
7114.97322111976	0.072616218406976
7115.27322111976	0.08034617383581601
7115.57322111975	0.09029780438095621
7115.873221119749	0.102899814189984
7116.17322111975	0.119436230239448
7116.47322111975	0.142444357329417
7116.77322111975	0.167982451224166
7117.073221119749	0.204995349780418
7117.373221119749	0.240666657214619
7117.67322111975	0.291346804016398
7117.97322111975	0.343932467019122
7118.273221119751	0.405208687308817
7118.57322111975	0.468683271364628
7118.87322111975	0.532724639595036
7119.17322111975	0.590987715985787
7119.473221119751	0.64821453820786
7119.773221119751	0.688441514174802
7120.07322111974	0.74270254205627
7120.37322111974	0.779539980656787
7120.67322111974	0.831611723019604
7120.97322111974	0.8783640696519071
7121.27322111974	0.925271295652333
7121.57322111974	0.955211303900613
7121.87322111974	0.985892286111878
7122.17322111974	1.01629069437807
7122.47322111974	1.0593939260427
7122.77322111974	1.11343896723103
7123.07322111974	1.14010988647204
7123.37322111974	1.18659842629223
7123.67322111974	1.2392869089808
7123.97322111974	1.28802314727945
7124.27322111973	1.32068909135202
7124.57322111973	1.37525086379397
7124.873221119729	1.38043612457816
7125.17322111973	1.43582957622883
7125.47322111973	1.40503211879218
7125.77322111973	1.45705672981595
7126.07322111973	1.42321503917143
7126.373221119729	1.44646151645363
7126.67322111973	1.3950644491991
7126.97322111973	1.39958971785227
7127.27322111973	1.36115368857969
7127.573221119729	1.36606127099596
7127.873221119729	1.32867876890779
7128.17322111973	1.33737306767001
7128.473221119721	1.29538375126214
7128.77322111972	1.3061935093515
7129.07322111972	1.2912628845752
7129.37322111972	1.28926864935695
7129.67322111972	1.28221355722184
7129.973221119721	1.27270133190389
7130.27322111972	1.25514264337002
7130.57322111972	1.25458242818649
7130.87322111972	1.21395057075653
7131.17322111972	1.1901231802332
7131.47322111972	1.17508271924674
7131.77322111972	1.14230853275012
7132.07322111972	1.12283586832482
7132.37322111972	1.09265745495571
7132.67322111972	1.08207549545591
7132.97322111971	1.04879526263452
7133.27322111971	1.04277835656901
7133.57322111971	1.0175027933925
7133.873221119709	1.02720779339921
7134.17322111971	1.01271491838784
7134.47322111971	0.9890330024430229
7134.77322111971	0.989894408153919
7135.07322111971	0.97801853763083
7135.373221119709	0.979444534282967
7135.67322111971	0.967697884905212
7135.97322111971	0.969844258919798
7136.27322111971	0.972200484241354
7136.57322111971	0.959976116262593
7136.873221119709	0.96235248297938
7137.1732211197	0.960700231549163
7137.473221119701	0.98775112841265
7137.7732211197	0.985527905476849
7138.0732211197	0.998722429320602
7138.3732211197	0.992903822589323
7138.6732211197	1.02256619768143
7138.973221119701	1.00103236000757
7139.2732211197	1.01890265388682
7139.5732211197	0.999341530865697
7139.8732211197	0.994728217574758
7140.1732211197	1.0071562553162
7140.473221119701	1.00534017224953
7140.7732211197	0.995523019276163
7141.0732211197	0.98684730837988
7141.37322111969	0.981180141784743
7141.67322111969	0.977873644222324
7141.97322111969	0.974251939053012
7142.27322111969	0.9699711863909229
7142.57322111969	0.9651096015594141
7142.87322111969	0.960016896911412
7143.17322111969	0.954725730063112
7143.47322111969	0.94918378750729
7143.77322111969	0.943871902992731
7144.07322111969	0.939154253611335
7144.37322111969	0.934996343236802
7144.67322111969	0.930756293829248
7144.97322111969	0.925330657302822
7145.27322111969	0.918376263853523
7145.57322111968	0.910041408110282
7145.87322111968	0.901747907572795
7146.17322111968	0.894472820834221
7146.473221119681	0.888819185681587
7146.773221119681	0.884313203464781
7147.07322111968	0.88019019538854
7147.37322111968	0.875997940821422
7147.67322111968	0.871627099578787
7147.973221119681	0.867345377001206
7148.273221119681	0.863248973357617
7148.57322111968	0.859301334738019
7148.87322111968	0.855130604688074
7149.17322111968	0.850572076026627
7149.473221119681	0.845670465101893
7149.77322111968	0.8415465757962159
7150.07322111967	0.839518134877049
7150.37322111967	0.8404845186157009
7150.67322111967	0.843956322492458
7150.97322111967	0.847841602202139
7151.27322111967	0.850668326579379
7151.57322111967	0.851770651821076
7151.87322111967	0.8528991951646731
7152.17322111967	0.855456892310684
7152.47322111967	0.860332444901547
7152.77322111967	0.866522999910562
7153.07322111967	0.872662387673343
7153.37322111967	0.878072493008114
7153.67322111967	0.882974102727312
7153.97322111967	0.888344964939155
7154.27322111966	0.894205715420756
7154.57322111966	0.90020471455657
7154.873221119659	0.905313612285367
7155.17322111966	0.909391280753714
7155.47322111966	0.912720597733247
7155.77322111966	0.916000928613125
7156.07322111966	0.919581852175117
7156.37322111966	0.9232747942219141
7156.67322111966	0.926705033667661
7156.973221119661	0.92944711639341
7157.273221119661	0.931460930491497
7157.57322111966	0.9328888977715269
7157.87322111966	0.934329846416116
7158.17322111966	0.936368324136759
7158.47322111965	0.939500030057637
7158.77322111965	0.9437458315455231
7159.07322111965	0.948845213334529
7159.37322111965	0.954534232227054
7159.67322111965	0.960537223487301
7159.97322111965	0.966475005554453
7160.27322111965	0.971782047307524
7160.57322111965	0.975974467346084
7160.87322111965	0.979029694134109
7161.17322111965	0.981451549692139
7161.47322111965	0.98388074337257
7161.77322111965	0.986768978038122
7162.07322111965	0.990269014399813
7162.37322111965	0.994367015976638
7162.67322111965	0.999190917328446
7162.97322111964	1.00495931900367
7163.27322111964	1.0116513956475
7163.57322111964	1.01889573349784
7163.873221119639	1.02528119941758
7164.173221119639	1.02981096313952
7164.47322111964	1.03194686185898
7164.77322111964	1.03341258951005
7165.07322111964	1.03665951755079
7165.373221119639	1.0435588098623
7165.673221119639	1.05386221968744
7165.97322111964	1.06444903086326
7166.27322111964	1.07223929547915
7166.573221119639	1.07507309688249
7166.873221119639	1.07417442831749
7167.17322111963	1.07237766257003
7167.473221119631	1.07265782436772
7167.77322111963	1.07618899607616
7168.07322111963	1.08183665960871
7168.37322111963	1.08734525288742
7168.67322111963	1.09089013692797
7168.973221119631	1.09193939199466
7169.27322111963	1.09134346431914
7169.57322111963	1.09011508456943
7169.87322111963	1.08912470458372
7170.17322111963	1.08857972973512
7170.47322111963	1.08842360156764
7170.77322111963	1.0882544181569
7171.07322111963	1.0875089417997
7171.37322111962	1.08566900001394
7171.673221119619	1.08262999322409
7171.97322111962	1.07905042530777
7172.27322111962	1.07600619467543
7172.57322111962	1.07435396731892
7172.873221119619	1.07384930164485
7173.173221119619	1.0732977136872
7173.47322111962	1.07134784934772
7173.77322111962	1.06771377912065
7174.07322111962	1.0633989547428
7174.373221119619	1.05999369732832
7174.673221119619	1.05846873017573
7174.97322111962	1.05850989587134
7175.27322111962	1.05893966749007
7175.57322111962	1.05868786657213
7175.87322111961	1.05754058173195
7176.17322111961	1.05600305773934
7176.473221119611	1.05470880478642
7176.77322111961	1.05362837847784
7177.07322111961	1.0522760236652
7177.37322111961	1.05011712457674
7177.67322111961	1.04722811098218
7177.973221119611	1.04443817894136
7178.27322111961	1.04238264555883
7178.57322111961	1.04141467992058
7178.87322111961	1.04105342273329
7179.17322111961	1.04102750048322
7179.473221119611	1.04121666029288
7179.77322111961	1.04153927227155
7180.0732211196	1.04169126835871
7180.3732211196	1.04115654738269
7180.673221119599	1.03983499981326
7180.9732211196	1.03823892530105
7181.2732211196	1.03694381329506
7181.5732211196	1.03630231912853
7181.8732211196	1.03587637839135
7182.173221119599	1.03520849637671
7182.4732211196	1.0339180755839
7182.7732211196	1.03181428550346
7183.0732211196	1.02883713444612
7183.3732211196	1.02495514644221
7183.673221119599	1.02065355914603
7183.9732211196	1.01703222571469
7184.273221119591	1.01498654500979
7184.57322111959	1.01487450131683
7184.87322111959	1.0152770026779
7185.17322111959	1.01470336599153
7185.473221119591	1.01199387536501
7185.773221119591	1.00814286403085
7186.07322111959	1.00501571642359
7186.37322111959	1.00409317072686
7186.67322111959	1.00520876380197
7186.973221119591	1.00628839892442
7187.273221119591	1.00598884604965
7187.57322111959	1.00380329839939
7187.87322111959	1.00163135374557
7188.17322111959	1.00072099233519
7188.47322111958	1.00168100203378
7188.77322111958	1.00308607554094
7189.07322111958	1.00324379023764
7189.37322111958	1.00132274285316
7189.67322111958	0.997937381139687
7189.97322111958	0.995209366087949
7190.27322111958	0.994313789986121
7190.57322111958	0.995587104709029
7190.87322111958	0.9970259198715899
7191.173221119579	0.997215504120267
7191.47322111958	0.9953508773304111
7191.77322111958	0.992660701600439
7192.07322111958	0.990793425509874
7192.37322111958	0.9906800997513679
7192.673221119579	0.992090957447338
7192.97322111957	0.993429319679131
7193.27322111957	0.993521038526642
7193.57322111957	0.991733251618604
7193.873221119569	0.989175585937507
7194.17322111957	0.987477358543557
7194.473221119571	0.988166675378101
7194.773221119571	0.991208146702705
7195.07322111957	0.994885074569241
7195.37322111957	0.996811481673918
7195.67322111957	0.995621059801264
7195.973221119571	0.99219496534069
7196.273221119571	0.989147868903854
7196.57322111957	0.988787071263084
7196.87322111957	0.9912375936643379
7197.17322111956	0.994446539826939
7197.47322111956	0.995895376098672
7197.77322111956	0.994668584827654
7198.07322111956	0.99174354379061
7198.37322111956	0.988945125544696
7198.67322111956	0.9875095530720031
7198.97322111956	0.987561687935692
7199.27322111956	0.988667511228801
7199.57322111956	0.990341841075936
7199.87322111956	0.992089040133519
7200.17322111956	0.993129654509409
7200.47322111956	0.992648952133467
7200.77322111956	0.990567705856203
7201.07322111956	0.987796857052324
7201.373221119549	0.985736111598256
7201.673221119549	0.9850411896922
7201.97322111955	0.985148718017506
7202.27322111955	0.985128352941559
7202.57322111955	0.984423190837501
7202.873221119549	0.983892956239086
7203.173221119549	0.984303928509013
7203.47322111955	0.986148728324814
7203.77322111955	0.988674996450617
7204.07322111955	0.990741498503765
7204.373221119549	0.991522574817173
7204.673221119549	0.990666622548063
7204.97322111955	0.988472845730869
7205.27322111955	0.9852679526446
7205.57322111955	0.981535154973988
7205.87322111954	0.978320701473431
7206.17322111954	0.976699051247954
7206.473221119541	0.977564521766478
7206.77322111954	0.980318141867019
7207.07322111954	0.98349977961857
7207.37322111954	0.985677159120116
7207.67322111954	0.98621697481009
7207.973221119541	0.985581550363123
7208.27322111954	0.984226775691458
7208.57322111954	0.982613875440585
7208.87322111954	0.981285257631579
7209.17322111954	0.980900280385621
7209.47322111954	0.982044321592605
7209.77322111954	0.9841641026015771
7210.07322111953	0.986144372667454
7210.37322111953	0.98698517074958
7210.673221119529	0.986777674061896
7210.97322111953	0.986948333292598
7211.27322111953	0.988498564893703
7211.57322111953	0.991800369257736
7211.87322111953	0.995186176149583
7212.173221119529	0.997372421024885
7212.47322111953	0.997564550497626
7212.77322111953	0.996642554315449
7213.07322111953	0.995894372221186
7213.373221119529	0.995914928886541
7213.673221119529	0.996693267251629
7213.97322111953	0.997515775139686
7214.273221119521	0.998227546418489
7214.57322111952	0.9988015236814211
7214.87322111952	0.999308725732838
7215.17322111952	0.999637490059945
7215.473221119521	0.999598239560926
7215.77322111952	0.999254001349659
7216.07322111952	0.998773413967588
7216.37322111952	0.998231101399925
7216.67322111952	0.997616225819774
7216.973221119521	0.996897353259209
7217.27322111952	0.996409461051008
7217.57322111952	0.996506465278548
7217.87322111952	0.997236009289339
7218.17322111952	0.998204876724253
7218.473221119521	0.9988676458589421
7218.77322111951	0.999121109020282
7219.07322111951	0.999352778979204
7219.37322111951	1.0000994426875
7219.673221119509	1.00147288472496
7219.97322111951	1.00262186138152
7220.27322111951	1.00253285864293
7220.57322111951	1.00047877794437
7220.87322111951	0.9975416678164361
7221.173221119509	0.99538437536429
7221.47322111951	0.995521919885316
7221.77322111951	0.997615873209193
7222.07322111951	0.9996919448060611
7222.37322111951	0.999978333637448
7222.673221119509	0.997724997677552
7222.973221119501	0.994606377341859
7223.273221119501	0.992287766866038
7223.5732211195	0.992048708329169
7223.8732211195	0.993103426302963
7224.1732211195	0.994048051107468
7224.473221119501	0.993708413109104
7224.773221119501	0.991901730371073
7225.0732211195	0.989445154947566
7225.3732211195	0.987032949961748
7225.6732211195	0.985254309806897
7225.973221119501	0.98443252402019
7226.273221119501	0.984805731007939
7226.5732211195	0.986470107974489
7226.8732211195	0.988426550114066
7227.17322111949	0.989455585593449
7227.47322111949	0.98863140546628
7227.77322111949	0.986478143878518
7228.07322111949	0.985002999504822
7228.37322111949	0.985640033154783
7228.67322111949	0.988904063833286
7228.97322111949	0.99258731411755
7229.27322111949	0.99455105777694
7229.57322111949	0.993143014310793
7229.87322111949	0.98940012424139
7230.173221119489	0.985658754388607
7230.47322111949	0.9840123990317881
7230.77322111949	0.984959513974722
7231.07322111949	0.986752907832898
7231.373221119479	0.987618532123716
7231.673221119479	0.986352524126923
7231.97322111948	0.983920418911614
7232.27322111948	0.981873342335486
7232.573221119481	0.981675058829366
7232.87322111948	0.98346407437581
7233.17322111948	0.9861098350073429
7233.473221119481	0.988082653321447
7233.773221119481	0.988330907191594
7234.07322111948	0.98690984410501
7234.37322111948	0.984659997525945
7234.67322111948	0.982446329651398
7234.973221119481	0.980735739702875
7235.273221119481	0.979781234604748
7235.57322111948	0.979788589732389
7235.87322111947	0.980921529496301
7236.17322111947	0.982879510032304
7236.47322111947	0.984868851626637
7236.77322111947	0.986072882768672
7237.07322111947	0.98600628717508
7237.37322111947	0.985126047008382
7237.67322111947	0.984196920921279
7237.97322111947	0.984601957962565
7238.27322111947	0.986948310964112
7238.57322111947	0.991247145473224
7238.87322111947	0.9959875902606951
7239.17322111947	0.999098602364758
7239.47322111947	0.999444306341238
7239.77322111947	0.997164470224145
7240.07322111946	0.994731603782499
7240.373221119459	0.993869573808433
7240.673221119459	0.995670102372581
7240.97322111946	0.998795102577574
7241.27322111946	1.00159113399924
7241.57322111946	1.00283034221931
7241.873221119459	1.00266497546821
7242.173221119459	1.00256580915193
7242.47322111946	1.00400597961499
7242.77322111946	1.00782137685836
7243.07322111946	1.0130979689656
7243.37322111946	1.01809350775579
7243.67322111946	1.02110989407319
7243.973221119461	1.02183611647713
7244.27322111945	1.02114275078589
7244.57322111945	1.02027735452895
7244.87322111945	1.02010274298772
7245.17322111945	1.02102579660877
7245.47322111945	1.02340193566598
7245.77322111945	1.02723848048549
7246.07322111945	1.03133959612338
7246.37322111945	1.03345282083885
7246.67322111945	1.03139338099939
7246.97322111945	1.02572281274761
7247.27322111945	1.01939250955675
7247.57322111945	1.01608045802881
7247.87322111945	1.01727802915169
7248.17322111945	1.0211761340387
7248.47322111945	1.02486666139901
7248.77322111944	1.02608917155002
7249.07322111944	1.02517913732823
7249.37322111944	1.02332434688861
7249.673221119439	1.0217230438228
7249.97322111944	1.02065524765697
7250.27322111944	1.02020495072297
7250.57322111944	1.02074256889112
7250.87322111944	1.02241712751335
7251.173221119439	1.02470984310146
7251.47322111944	1.02635364806945
7251.77322111944	1.02629122075801
7252.07322111944	1.02474332244242
7252.373221119439	1.02273041782383
7252.673221119439	1.02137935361946
7252.97322111943	1.02079225363955
7253.273221119431	1.02033318367029
7253.57322111943	1.01930547070143
7253.87322111943	1.01767790496306
7254.17322111943	1.01641485385289
7254.47322111943	1.01628922793356
7254.77322111943	1.01761109003037
7255.07322111943	1.01886478398795
7255.37322111943	1.01856207212515
7255.67322111943	1.01561037651618
7255.97322111943	1.01105022794914
7256.27322111943	1.00695749093229
7256.57322111943	1.0047765867397
7256.87322111943	1.00471958370711
7257.17322111942	1.0050561738347
7257.47322111942	1.00479961405406
7257.77322111942	1.00345018157311
7258.07322111942	1.00205818405857
7258.37322111942	1.00149895625133
7258.673221119419	1.00221176381732
7258.97322111942	1.00323935525164
7259.27322111942	1.00288482286808
7259.57322111942	1.00002576509466
7259.87322111942	0.996137732411467
7260.173221119419	0.997577242305107
7260.47322111942	1.001589204783
7260.77322111942	0.995981948977123
7261.07322111942	1.00804560427738
7261.37322111942	1.01517679984923
7261.67322111941	1.02378395280652
7261.97322111941	1.00875929980285
7262.273221119411	1.01851268432892
7262.57322111941	1.01092179208838
7262.87322111941	0.999925262343792
7263.17322111941	1.01697277081633
7263.47322111941	1.02895374487571
7263.773221119411	1.02626805713467
7264.07322111941	1.04125808038172
7264.37322111941	1.01475025011367
7264.67322111941	1.01502682530439
7264.97322111941	1.02369977068365
7265.273221119411	0.996207605751282
7265.57322111941	0.983490581794298
7265.8732211194	0.9991574646965971
7266.1732211194	0.992491384014936
7266.4732211194	0.988272804689987
7266.7732211194	1.00596765311185
7267.0732211194	0.999325480043519
7267.3732211194	0.998967677919024
7267.6732211194	1.00817310207953
7267.9732211194	0.995952913529212
7268.2732211194	1.00003058028581
7268.5732211194	0.987180084028509
7268.8732211194	0.986977520841635
7269.173221119399	0.988032955750261
7269.4732211194	0.989355136164516
7269.7732211194	0.992980551858608
7270.07322111939	0.990994555867788
7270.37322111939	0.985718078733183
7270.67322111939	0.983888368318
7270.97322111939	0.984823504479995
7271.273221119391	0.987584396684811
7271.573221119391	0.991231954398084
7271.87322111939	0.994841695260992
7272.17322111939	0.997635454961991
7272.47322111939	0.999430606129208
7272.773221119391	1.00035856338753
7273.07322111939	1.00055415022433
7273.37322111939	1.00015219012697
7273.67322111939	0.999287506582816
7273.97322111939	0.998094923079239
7274.273221119391	0.996709263103605
7274.57322111938	0.995265350143281
7274.87322111938	0.993897948759061
7275.17322111938	0.992729735882502
7275.47322111938	0.991830657262505
7275.77322111938	0.991179582227797
7276.07322111938	0.990736976906691
7276.37322111938	0.990463307427498
7276.67322111938	0.99031903991853
7276.97322111938	0.990264640508099
7277.27322111938	0.9902605753245159
7277.57322111938	0.990267310496094
7277.87322111938	0.990245312151143
7278.17322111938	0.990155816975288
7278.47322111938	0.989975094320368
7278.77322111937	0.989700886810595
7279.07322111937	0.989342088169867
7279.373221119369	0.988908321875535
7279.673221119369	0.988409211404952
7279.97322111937	0.987854380235471
7280.27322111937	0.987253451844443
7280.57322111937	0.98661604970922
7280.873221119369	0.985951797307156
7281.173221119369	0.985270318115602
7281.47322111937	0.9845792874904991
7281.773221119371	0.983875689916656
7282.073221119371	0.983158428331919
7282.37322111937	0.982429660507563
7282.67322111937	0.981691576530734
7282.97322111936	0.980946366488582
7283.27322111936	0.9801962204682551
7283.57322111936	0.979443328556902
7283.87322111936	0.978689880841671
7284.17322111936	0.977938067409711
7284.47322111936	0.977190088560644
7284.77322111936	0.976449993535799
7285.07322111936	0.975724008771253
7285.37322111936	0.975012981439522
7285.67322111936	0.974316555981959
7285.97322111936	0.9736343768399151
7286.27322111936	0.972966088454742
7286.57322111936	0.972311335267793
7286.87322111936	0.971669761720417
7287.173221119349	0.971041012253968
7287.47322111935	0.970424731309797
7287.77322111935	0.969820973850827
7288.07322111935	0.969237406516295
7288.37322111935	0.968690249177741
7288.673221119349	0.968198399728077
7288.97322111935	0.967780917118218
7289.27322111935	0.967456860299082
7289.57322111935	0.967245288221585
7289.87322111935	0.967165259836642
7290.173221119349	0.967235834095172
7290.47322111935	0.96747606994809
7290.77322111935	0.967905026346312
7291.07322111935	0.968536251710278
7291.373221119349	0.969351808714659
7291.67322111934	0.9703192701571129
7291.97322111934	0.971404297245809
7292.273221119341	0.972572534063583
7292.57322111934	0.973789624693273
7292.87322111934	0.975021213217713
7293.17322111934	0.976232943719742
7293.47322111934	0.977390460282194
7293.77322111934	0.978459406987907
7294.07322111934	0.979405520973341
7294.37322111934	0.980209518415125
7294.67322111934	0.980884497697047
7294.97322111934	0.981450789771786
7295.27322111934	0.981929377494044
7295.57322111934	0.982341243718525
7295.87322111933	0.982707371299929
7296.17322111933	0.98304874309296
7296.47322111933	0.983386341952318
7296.77322111933	0.983741150732706
7297.07322111933	0.9841341522888259
7297.37322111933	0.984585075376551
7297.673221119329	0.985091579734253
7297.97322111933	0.985634238353733
7298.27322111933	0.9861953139941
7298.57322111933	0.986757214451454
7298.87322111933	0.9873023475218961
7299.173221119329	0.987813121001528
7299.47322111933	0.98827194268645
7299.77322111933	0.988661220372765
7300.073221119321	0.988963361856571
7300.37322111932	0.989160774933972
7300.67322111932	0.989241493585888
7300.97322111932	0.989223183743514
7301.273221119321	0.989124170809504
7301.57322111932	0.98895775936801
7301.87322111932	0.988737212953406
7302.17322111932	0.988475795100062
7302.47322111932	0.9881867693423509
7302.773221119321	0.987883399214645
7303.07322111932	0.987578948251316
7303.37322111932	0.987286679986736
7303.67322111932	0.98701979934338
7303.97322111932	0.986783077630739
7304.273221119321	0.986567978293142
7304.57322111931	0.986375739463097
7304.87322111931	0.986209873631321
7305.17322111931	0.986073893288532
7305.47322111931	0.985971310925448
7305.77322111931	0.9859056390327871
7306.07322111931	0.985880390101266
7306.37322111931	0.985899076621603
7306.67322111931	0.985965211084517
7306.97322111931	0.986082036531997
7307.27322111931	0.986248134991131
7307.57322111931	0.986454704364338
7307.87322111931	0.9866884566344269
7308.173221119309	0.986935839434779
7308.47322111931	0.987183300398775
7308.773221119301	0.987417287159796
7309.073221119301	0.987624247351225
7309.3732211193	0.987790628606442
7309.6732211193	0.987902878558827
7309.9732211193	0.987947444841764
7310.273221119301	0.987914671049011
7310.573221119301	0.987815487031102
7310.8732211193	0.987667096393669
7311.1732211193	0.987486436270901
7311.4732211193	0.987290441805474
7311.773221119301	0.987096048140062
7312.0732211193	0.986920190417341
7312.3732211193	0.986779803779986
7312.6732211193	0.986691823370672
7312.97322111929	0.986673184332075
7313.27322111929	0.986740755639879
7313.57322111929	0.986902846096041
7313.87322111929	0.987151083485166
7314.17322111929	0.987475857044286
7314.47322111929	0.987867695518738
7314.77322111929	0.988317127653856
7315.07322111929	0.988814682194978
7315.37322111929	0.98935088788744
7315.67322111929	0.989916273476578
7315.97322111929	0.990501367707729
7316.27322111929	0.991096699326229
7316.57322111929	0.991692975514387
7316.87322111929	0.992283874346967
7317.17322111929	0.992867921396119
7317.47322111928	0.993446674775689
7317.77322111928	0.994021864535117
7318.07322111928	0.994595220723845
7318.373221119279	0.995168473391314
7318.673221119279	0.995743352586964
7318.97322111928	0.996321588360237
7319.27322111928	0.996904910760575
7319.57322111928	0.997495049837417
7319.87322111928	0.998094491538817
7320.17322111928	0.998708576144729
7320.47322111928	0.999335539609897
7320.773221119281	0.9999695685560031
7321.073221119281	1.0006048228903
7321.37322111928	1.00123546252004
7321.67322111927	1.00185564735247
7321.97322111927	1.00245953729484
7322.27322111927	1.0030412922544
7322.57322111927	1.0035950721384
7322.87322111927	1.00411500385189
7323.17322111927	1.00459136061807
7323.47322111927	1.00501036979472
7323.77322111927	1.00536719580326
7324.07322111927	1.00565876559959
7324.37322111927	1.00588200613957
7324.67322111927	1.00603384437909
7324.97322111927	1.00611120727404
7325.27322111927	1.00611102178027
7325.57322111927	1.00603021485369
7325.87322111926	1.00586571345016
7326.173221119259	1.00561578002649
7326.47322111926	1.00529931367021
7326.77322111926	1.00494744536781
7327.07322111926	1.00458693352701
7327.37322111926	1.00424426881272
7327.673221119259	1.00394594188985
7327.97322111926	1.0037184434233
7328.27322111926	1.00358826407798
7328.57322111926	1.00358189451879
7328.87322111926	1.00372582541064
7329.173221119259	1.00404654741843
7329.47322111926	1.00456144969604
7329.77322111926	1.00524262489617
7330.07322111925	1.0060485012286
7330.37322111925	1.00693770698372
7330.67322111925	1.00786887165495
7330.97322111925	1.00880062473573
7331.273221119251	1.00969159571949
7331.57322111925	1.01050041409965
7331.87322111925	1.01118570936965
7332.17322111925	1.01170611102292
7332.47322111925	1.01202043959808
7332.77322111925	1.01210777607231
7333.07322111925	1.01198672397223
7333.37322111925	1.01168462806213
7333.67322111925	1.01122963375151
7333.97322111925	1.01064988644984
7334.27322111925	1.00997353156661
7334.57322111924	1.0092287145113
7334.87322111924	1.00844358069339
7335.17322111924	1.00764627552238
7335.473221119239	1.00686494440773
7335.77322111924	1.00612709944555
7336.07322111924	1.00545065295856
7336.37322111924	1.00484223065868
7336.673221119239	1.00430376156121
7336.973221119239	1.00383693481594
7337.27322111924	1.0034434395727
7337.57322111924	1.00312496498128
7337.87322111924	1.0028832001915
7338.173221119239	1.00271983435316
7338.473221119239	1.00263655661607
7338.773221119231	1.00263505613005
7339.073221119231	1.00271407281289
7339.37322111923	1.00285875173367
7339.67322111923	1.00305490986774
7339.97322111923	1.00329064154491
7340.273221119231	1.00355405297106
7340.57322111923	1.00383325035205
7340.87322111923	1.00411633989377
7341.17322111923	1.00439142780209
7341.47322111923	1.00464662028288
7341.773221119231	1.00487002354203
7342.07322111923	1.00504981662708
7342.37322111923	1.00518121249115
7342.67322111923	1.00526981609212
7342.973221119219	1.00531599808797
7343.27322111922	1.00531901320547
7343.57322111922	1.00527811617137
7343.87322111922	1.00519256171245
7344.17322111922	1.00506160455546
7344.473221119219	1.00488449942717
7344.77322111922	1.00466050105436
7345.07322111922	1.00438886416377
7345.37322111922	1.00406903926036
7345.67322111922	1.00370351252882
7345.973221119219	1.0033030236686
7346.27322111922	1.00288509405987
7346.57322111922	1.0024675875136
7346.87322111922	1.00206836784079
7347.17322111922	1.0017052988524
7347.47322111921	1.00139624435944
7347.773221119211	1.00115906817288
7348.073221119211	1.00101163410369
7348.37322111921	1.00097180596288
7348.67322111921	1.00105338757023
7348.97322111921	1.00125000544028
7349.273221119211	1.0015412524465
7349.573221119211	1.00190294897387
7349.87322111921	1.0023108981008
7350.17322111921	1.00274090290573
7350.47322111921	1.00316876646707
7350.773221119211	1.00357029186324
7351.07322111921	1.00392128217265
7351.37322111921	1.00419754047374
7351.6732211192	1.00437502129014
7351.9732211192	1.00444306603444
7352.2732211192	1.00441760353436
7352.5732211192	1.00432470012237
7352.8732211192	1.0041916875022
7353.1732211192	1.0040458973776
7353.4732211192	1.00391466145232
7353.7732211192	1.00382531143009
7354.0732211192	1.00380517901465
7354.3732211192	1.00388159590976
7354.6732211192	1.00408189381915
7354.973221119199	1.00443177294487
7355.2732211192	1.00493413816776
7355.5732211192	1.0055680849589
7355.87322111919	1.0063044438312
7356.173221119189	1.00711366149246
7356.473221119189	1.0079661846505
7356.77322111919	1.00883246001315
7357.07322111919	1.00968293428822
7357.373221119189	1.01048805418353
7357.67322111919	1.0112182664069
7357.97322111919	1.01184401766614
7358.273221119191	1.0123375600601
7358.573221119191	1.01268172915971
7358.87322111919	1.01287859495141
7359.17322111919	1.01293754634029
7359.47322111919	1.01286800156764
7359.773221119191	1.01267937887476
7360.073221119191	1.01238109650294
7360.37322111918	1.01198257269348
7360.67322111918	1.01149322568767
7360.97322111918	1.0109224737268
7361.27322111918	1.01027988781481
7361.57322111918	1.00958740906608
7361.87322111918	1.00888016512045
7362.17322111918	1.00817440761507
7362.47322111918	1.00748305299878
7362.77322111918	1.00681901772041
7363.07322111918	1.00619521822879
7363.37322111918	1.00562457097276
7363.67322111918	1.00511999240114
7363.97322111918	1.00469439896277
7364.27322111918	1.00436070710647
7364.57322111917	1.00412978599706
7364.87322111917	1.00398577999255
7365.173221119169	1.00390447021421
7365.473221119169	1.00387254931841
7365.77322111917	1.00387723566559
7366.07322111917	1.00390574761614
7366.37322111917	1.00394530353048
7366.673221119169	1.00398312176901
7366.973221119169	1.00400642069214
7367.27322111917	1.00400241866028
7367.57322111917	1.00395833403384
7367.87322111917	1.00386526174211
7368.173221119169	1.00373102892655
7368.473221119169	1.00356574297508
7368.773221119161	1.00337849136418
7369.07322111916	1.00317835802858
7369.37322111916	1.00297442690298
7369.67322111916	1.0027757819221
7369.97322111916	1.00259150702065
7370.273221119161	1.00243068613333
7370.57322111916	1.00230240319488
7370.87322111916	1.00221571213639
7371.17322111916	1.00217742011441
7371.47322111916	1.00218809867195
7371.77322111916	1.00224174396944
7372.07322111916	1.00233139487428
7372.37322111916	1.00245009025385
7372.67322111916	1.00259086897557
7372.973221119149	1.00274676990682
7373.27322111915	1.002910831915
7373.57322111915	1.00307609386752
7373.87322111915	1.00323559463177
7374.17322111915	1.00338210138871
7374.473221119149	1.00350512821379
7374.77322111915	1.00359686966648
7375.07322111915	1.00365460257171
7375.37322111915	1.00367583103721
7375.673221119149	1.0036580591707
7375.973221119149	1.00359879107992
7376.27322111915	1.00349553087259
7376.57322111915	1.00334578265643
7376.87322111915	1.00314705053919
7377.173221119149	1.00289683862858
7377.47322111914	1.00259588131713
7377.773221119141	1.00225803335606
7378.073221119141	1.00189625954679
7378.37322111914	1.00152165357739
7378.67322111914	1.00114530356131
7378.97322111914	1.00077829761197
7379.273221119141	1.00043172384281
7379.57322111914	1.00011667036727
7379.87322111914	0.999844225298782
7380.17322111914	0.9996254767507819
7380.47322111914	0.99947136371554
7380.773221119141	0.999382543140279
7381.07322111914	0.999343188382474
7381.37322111914	0.999336598320629
7381.67322111913	0.999346171340218
7381.973221119129	0.9993553058267109
7382.27322111913	0.999347400165582
7382.57322111913	0.999305852742302
7382.87322111913	0.999214061942343
7383.17322111913	0.999055426151179
7383.473221119129	0.99881334375428
7383.77322111913	0.998472366821314
7384.07322111913	0.998031399416393
7384.37322111913	0.99750259023731
7384.67322111913	0.996901916633037
7384.973221119129	0.99624551017508
7385.27322111913	0.995549502434946
7385.57322111913	0.99483002498414
7385.87322111912	0.994103209394167
7386.17322111912	0.993385187236535
7386.47322111912	0.9926920900827489
7386.773221119121	0.992040049504314
7387.073221119121	0.991443857706012
7387.37322111912	0.990911528491862
7387.67322111912	0.990441729161944
7387.97322111912	0.990029987684504
7388.273221119121	0.989671824088327
7388.573221119121	0.989362758402192
7388.87322111912	0.989098310654884
7389.17322111912	0.988874000875182
7389.47322111912	0.988685349091871
7389.773221119121	0.98852787533373
7390.07322111912	0.988397092424141
7390.37322111911	0.98828806873721
7390.67322111911	0.988199528186628
7390.97322111911	0.988140492362394
7391.27322111911	0.988121479204745
7391.57322111911	0.988153006653916
7391.87322111911	0.988245592650143
7392.17322111911	0.988409755133661
7392.47322111911	0.988656012044707
7392.77322111911	0.988994881323516
7393.07322111911	0.989436880910324
7393.37322111911	0.989991865330347
7393.67322111911	0.99066128766217
7393.973221119109	0.99142987184902
7394.27322111911	0.992271147047085
7394.5732211191	0.993158195755549
7394.8732211191	0.9940641004735991
7395.173221119099	0.994961943700421
7395.473221119099	0.995824807935203
7395.7732211191	0.996625775677129
7396.073221119101	0.997337929425387
7396.3732211191	0.997934351679162
7396.6732211191	0.998392415371919
7396.9732211191	0.998709114669339
7397.273221119101	0.998900586010964
7397.573221119101	0.9989886751050751
7397.8732211191	0.998995239767967
7398.1732211191	0.998942137815934
7398.4732211191	0.998851227065272
7398.773221119091	0.998744365332275
7399.07322111909	0.998643410433237
7399.37322111909	0.998570220184454
7399.67322111909	0.99854649465186
7399.97322111909	0.998584570525575
7400.27322111909	0.9986801376968319
7400.57322111909	0.99882257487417
7400.87322111909	0.99900055101712
7401.17322111909	0.999202735085216
7401.47322111909	0.999417796037986
7401.77322111909	0.999634402834962
7402.07322111909	0.999841224435676
7402.37322111909	1.00002692979966
7402.67322111909	1.00018018788644
7402.97322111909	1.00029089573047
7403.27322111908	1.00036277566729
7403.57322111908	1.00040453285951
7403.87322111908	1.00042133854756
7404.173221119079	1.0004182232816
7404.473221119079	1.00040021761178
7404.77322111908	1.00037235208825
7405.07322111908	1.00033965726116
7405.37322111908	1.00030716368066
7405.673221119079	1.00027990189691
7405.973221119079	1.00026290245806
7406.27322111908	1.0002577626186
7406.57322111908	1.0002538567767
7406.87322111908	1.00024436567439
7407.17322111908	1.00022511769881
7407.47322111907	1.00019194588006
7407.773221119071	1.00014068324822
7408.07322111907	1.0000671628334
7408.37322111907	0.999967217665689
7408.67322111907	0.999836680775178
7408.97322111907	0.999671385191964
7409.273221119071	0.999467265934485
7409.57322111907	0.999225883301431
7409.87322111907	0.9989564231392239
7410.17322111907	0.998666918076642
7410.47322111907	0.998365150430699
7410.773221119071	0.998058902518411
7411.07322111907	0.997755956656793
7411.37322111907	0.9974640951628581
7411.67322111906	0.997191100353623
7411.973221119059	0.996944754546102
7412.27322111906	0.99673284005731
7412.57322111906	0.996563139204262
7412.87322111906	0.996443434303972
7413.17322111906	0.996381507673455
7413.473221119059	0.996385141629727
7413.77322111906	0.996462118489802
7414.07322111906	0.996620220570695
7414.37322111906	0.99686723018942
7414.673221119059	0.997210929662993
7414.973221119059	0.9976591013084291
7415.27322111906	0.998219527442742
