#%Name: Pharmacosiderite
#%formula: KFe4(AsO4)3(OH)4·(6-7)H2O
#%Mineral class: arsenates
#%Xtal system: isometric
#%Edge: K
#%Sample prep: powder on kapton tape
#%Beamline: ALS 10.3.2, HxV slits = 200x20 um
#%Det:  I0=N2, Fluorescence mode (Ge solid state 7elts)
#%Ref/notes:  from MRC, CA-USA. average of 3 .dat scans
#%Temp: Room temp (28 degC)
#%Time&date: 5:14 AM 9/1/2010. Sirine C. Fakra
#%============================================================
7010.552244	0.00019588432855815
7011.36001293184	0.000211644080754772
7012.16778186368	0.000217727404520249
7012.975550795521	0.00021568065681
7013.78331972736	0.000207050194579445
7014.5910886592	0.000193382374784001
7015.39885759104	0.000176223554379088
7016.20662652288	0.000157120090320125
7017.01439545472	0.000137618339562531
7017.82216438656	0.000119264659061723
7018.6299333184	0.000103605405773123
7019.43770225024	9.2186936652147e-05
7020.24547118208	8.655560865421539e-05
7021.05324011392	8.798290212983799e-05
7021.86100904576	9.514286652778689e-05
7022.6687779776	0.000105229997499463
7023.47654690944	0.000115418394147744
7024.28431584128	0.000122882155575508
7025.09208477312	0.000124795380885632
7025.89985370496	0.000118370568762126
7026.7076226368	0.000102751022752619
7027.51539156864	7.99020402721173e-05
7028.32316050048	5.20162141695864e-05
7029.13092943232	2.12861372939907e-05
7029.93869836416	-1.00955975057051e-05
7030.746467296	-3.99212773880177e-05
7031.55423622784	-6.62928175967002e-05
7032.36200515968	-8.878139400704399e-05
7033.16977409152	-0.000107231940247344
7033.977543023359	-0.000121489389945894
7034.7853119552	-0.000131398676730988
7035.59308088704	-0.000136804719792163
7036.40084981888	-0.000137790746478824
7037.208618750719	-0.000135911918776433
7038.01638768256	-0.00013322250977321
7038.8241566144	-0.000131776809957175
7039.631925546239	-0.000133629109816349
7040.439694478079	-0.000140833699837173
7041.24746340992	-0.000154622339872717
7042.05523234176	-0.000173014158981988
7042.8630012736	-0.000193219534299842
7043.67077020544	-0.000212447552755795
7044.478539137281	-0.000227907301279364
7045.28630806912	-0.000236807866800069
7046.09407700096	-0.0002366839535805
7046.9018459328	-0.000227801349372775
7047.709614864641	-0.000211840009162128
7048.51738379648	-0.000190494740372875
7049.32515272832	-0.000165460350429331
7050.13292166016	-0.000138431646755812
7050.940690592	-0.000111153754127456
7051.74845952384	-8.5742660787092e-05
7052.55622845568	-6.413863000229859e-05
7053.363997387521	-4.8217221465752e-05
7054.17176631936	-3.9853994870128e-05
7054.9795352512	-4.09245099081025e-05
7055.78730418304	-5.31938371292465e-05
7056.595073114881	-7.55629298571129e-05
7057.40284204672	-0.000103973253174987
7058.21061097856	-0.000134241303449144
7059.0183799104	-0.000162183577045855
7059.82614884224	-0.000183616570331394
7060.63391777408	-0.000194375288587795
7061.44168670592	-0.000192433158056086
7062.24945563776	-0.000179486169081175
7063.0572245696	-0.000157542245534022
7063.86499350144	-0.000128609311285589
7064.67276243328	-9.46952902068354e-05
7065.48053136512	-5.78081040331037e-05
7066.28830029696	-1.97415261120998e-05
7067.0960692288	1.7702443341379e-05
7067.90383816064	5.24559931581964e-05
7068.711607092479	8.24508541078406e-05
7069.51937602432	0.0001056187569598
7070.32714495616	0.000119891432483561
7071.134913888	0.000123789114142653
7071.942682819839	0.000121591997301192
7072.75045175168	0.000120950795023372
7073.55822068352	0.000129563309195604
7074.365989615359	0.000155127341704298
7075.173758547199	0.000205340694435865
7075.98152747904	0.000287273309905501
7076.78929641088	0.00039900233552313
7077.597065342719	0.0005316270592147291
7078.40483427456	0.000676046763369527
7079.2126032064	0.000823160730376757
7080.02037213824	0.000963868242625649
7080.82814107008	0.00108927344511193
7081.635910001921	0.00119778937986189
7082.443678933761	0.00129738211073858
7083.2514478656	0.00139669645813245
7084.05921679744	0.00150437724243399
7084.866985729281	0.00162906928403365
7085.67475466112	0.00177939836366193
7086.48252359296	0.0019579373385339
7087.2902925248	0.00215200704508572
7088.098061456641	0.00234652577921861
7088.90583038848	0.00252641183683378
7089.71359932032	0.00267658351383243
7090.52136825216	0.00278195985931496
7091.329137184001	0.00283689797737333
7092.13690611584	0.00288010400618882
7092.94467504768	0.00296392089585967
7093.75244397952	0.00314070064723237
7094.56021291136	0.0034627952611534
7095.3679818432	0.00398255673846924
7096.17575077504	0.004377353999989
7096.98351970688	0.00468999222761959
7097.79128863872	0.00472241071145782
7098.59905757056	0.00513705828340842
7099.4068265024	0.00556749693232748
7100.21459543424	0.0058828885976958
7101.02236436608	0.00617108333456015
7101.83013329792	0.00680694750489752
7102.63790222976	0.00715807396973137
7103.445671161599	0.00776641055953412
7104.25344009344	0.00826626773351719
7105.06120902528	0.00908914406890049
7105.86897795712	0.00955529460329198
7106.67674688896	0.0106025933186362
7107.4845158208	0.0118221117479191
7108.29228475264	0.0131081748699781
7109.100053684479	0.0149788085415372
7109.90782261632	0.0172612609520206
7110.71559154816	0.0218946447546894
7111.52336048	0.0350032325586184
7112.331129411839	0.0531037595571755
7113.13889834368	0.0570150591305103
7113.94666727552	0.0574519360298345
7114.75443620736	0.044784691192549
7115.562205139199	0.0431895730776019
7116.369974071041	0.0523571919772702
7117.177743002881	0.06575236556259841
7117.98551193472	0.0863308593408486
7118.79328086656	0.113830519668647
7119.601049798401	0.145445810657564
7120.40881873024	0.182808983947381
7121.21658766208	0.250086043076671
7122.02435659392	0.33166797378452
7122.832125525761	0.421063238216734
7123.6398944576	0.513399655882924
7124.44766338944	0.6340620066914739
7125.25543232128	0.762827545004528
7126.06320125312	0.926645784958623
7126.87097018496	1.1003119194398
7127.6787391168	1.23379102680162
7128.48650804864	1.31913580581292
7129.29427698048	1.34769835529424
7130.10204591232	1.36245115511673
7130.90981484416	1.3894881417909
7131.717583776	1.40577335583834
7132.52535270784	1.40820555891084
7133.33312163968	1.40656460293105
7134.14089057152	1.39668135483611
7134.94865950336	1.37682136759629
7135.7564284352	1.35301813394985
7136.56419736704	1.31804125393291
7137.37196629888	1.28592033543928
7138.17973523072	1.2487041250611
7138.98750416256	1.21818219697777
7139.7952730944	1.17949489379407
7140.60304202624	1.14556785077171
7141.41081095808	1.1201446439535
7142.21857988992	1.10016892205315
7143.02634882176	1.07794687350783
7143.834117753599	1.06013342313458
7144.64188668544	1.04721466416122
7145.44965561728	1.03776488124526
7146.25742454912	1.03202956215718
7147.065193480959	1.02406803132824
7147.8729624128	1.01239143203247
7148.68073134464	0.996034786031512
7149.488500276479	0.976367290674844
7150.296269208319	0.958742320414121
7151.10403814016	0.940126562234772
7151.911807072	0.922844314655079
7152.719576003839	0.907410710617788
7153.52734493568	0.893992964004414
7154.335113867521	0.882776922497661
7155.14288279936	0.871903530650623
7155.9506517312	0.862090347910728
7156.75842066304	0.855280395963488
7157.566189594881	0.849605656449555
7158.37395852672	0.841260934140971
7159.18172745856	0.838302068756669
7159.9894963904	0.8361120902790929
7160.79726532224	0.834449232028726
7161.60503425408	0.8345373279877339
7162.41280318592	0.836216250811781
7163.220572117761	0.840913522397733
7164.0283410496	0.848533212072378
7164.83610998144	0.856800938154395
7165.64387891328	0.865585233789318
7166.451647845121	0.876679205278085
7167.25941677696	0.893390220425491
7168.0671857088	0.9101101669532961
7168.87495464064	0.924321003946561
7169.68272357248	0.937206464612544
7170.49049250432	0.9494962737022949
7171.29826143616	0.964439488045415
7172.106030368	0.975903656832156
7172.91379929984	0.9886915283118241
7173.72156823168	1.00125547623378
7174.52933716352	1.00937563465168
7175.33710609536	1.02105541484896
7176.1448750272	1.02755177037525
7176.95264395904	1.0293444820973
7177.76041289088	1.03255752175026
7178.568181822719	1.03561272339101
7179.37595075456	1.03489730391531
7180.1837196864	1.03538793068027
7180.99148861824	1.03884229654143
7181.799257550079	1.04374667599875
7182.60702648192	1.04514348078087
7183.41479541376	1.04035965775776
7184.222564345599	1.04155019546776
7185.030333277439	1.04222940973807
7185.83810220928	1.03993811964257
7186.64587114112	1.0394344495276
7187.453640072959	1.04116839770753
7188.2614090048	1.03863338886086
7189.06917793664	1.03926102483422
7189.87694686848	1.04039478636774
7190.68471580032	1.03922918913397
7191.492484732161	1.0411419619075
7192.300253664001	1.04187008471475
7193.10802259584	1.03827903012446
7193.91579152768	1.03555215956924
7194.723560459521	1.03535532289752
7195.53132939136	1.03471277355035
7196.3390983232	1.0335453648637
7197.14686725504	1.03043204338286
7197.954636186881	1.02965252749805
7198.76240511872	1.03036784826321
7199.57017405056	1.02709143003921
7200.3779429824	1.02616069069709
7201.185711914241	1.02586629727621
7201.99348084608	1.02307188477364
7202.80124977792	1.02085723567915
7203.60901870976	1.01921755854151
7204.4167876416	1.0167271611744
7205.22455657344	1.01417186831616
7206.03232550528	1.01171790384263
7206.84009443712	1.00749756004937
7207.64786336896	1.00249844372524
7208.4556323008	0.998526619667804
7209.26340123264	0.995134358463919
7210.07117016448	0.993639401672875
7210.87893909632	0.991678548576358
7211.68670802816	0.987466367582608
7212.49447696	0.982738696578912
7213.302245891839	0.979130442434558
7214.11001482368	0.976484936066832
7214.91778375552	0.974081712242751
7215.72555268736	0.971628370852506
7216.5333216192	0.969259279095828
7217.34109055104	0.9670883553238701
7218.14885948288	0.965244316228225
7218.956628414719	0.9638918550454449
7219.76439734656	0.96307194878215
7220.5721662784	0.962641031591265
7221.37993521024	0.962398568426534
7222.187704142079	0.962114844754792
7222.99547307392	0.961612664787534
7223.80324200576	0.96112989462794
7224.6110109376	0.961249575391347
7225.418779869439	0.9622475271487571
7226.22654880128	0.963470138912082
7227.034317733121	0.964145590777476
7227.84208666496	0.96419208877856
7228.6498555968	0.96401376322799
7229.457624528641	0.964124281337798
7230.26539346048	0.965267406460999
7231.07316239232	0.96809336006911
7231.88093132416	0.971694049017381
7232.688700256001	0.974109541272219
7233.49646918784	0.974506591869199
7234.30423811968	0.97466266975294
7235.11200705152	0.976539084997901
7235.919775983361	0.979874560974892
7236.7275449152	0.982929338893614
7237.53531384704	0.984804699607434
7238.34308277888	0.9866684572233509
7239.15085171072	0.989694056858415
7239.95862064256	0.992769392176152
7240.7663895744	0.993723988385396
7241.57415850624	0.99220697061331
7242.38192743808	0.990994194215493
7243.18969636992	0.99250318506552
7243.99746530176	0.9955692339889129
7244.8052342336	0.997785661608637
7245.61300316544	0.9983034421760431
7246.42077209728	0.9984756572199091
7247.22854102912	0.999475499834379
7248.03630996096	1.00084425202709
7248.8440788928	1.00166369136204
7249.65184782464	1.00187428006464
7250.45961675648	1.00243971532308
7251.26738568832	1.00407081629876
7252.07515462016	1.00576614180939
7252.882923552	1.00599761259372
7253.690692483839	1.00509110995952
7254.49846141568	1.00552602106072
7255.30623034752	1.00869199724399
7256.11399927936	1.01045822211444
7256.921768211199	1.00858512763899
7257.72953714304	1.01099202473483
7258.53730607488	1.00727296135519
7259.34507500672	1.00509493949875
7260.152843938559	1.00728500851839
7260.9606128704	1.00851846486517
7261.76838180224	1.00997308647881
7262.576150734079	1.01322439475696
7263.383919665919	1.02013996468007
7264.191688597761	1.01174565615956
7264.9994575296	1.00869789845291
7265.80722646144	1.00940957198962
7266.61499539328	1.01127937448045
7267.422764325121	1.01134097310504
7268.23053325696	1.01890872065908
7269.0383021888	1.01525211199124
7269.84607112064	1.01010178681769
7270.653840052481	1.00938775971799
7271.46160898432	1.01030493364769
7272.26937791616	1.0102968132723
7273.077146848001	1.00969973917563
7273.88491577984	1.0095914588886
7274.69268471168	1.01021877985708
7275.50045364352	1.01105198425689
7276.308222575361	1.01170547706268
7277.1159915072	1.01210654676083
7277.92376043904	1.0121645583586
7278.73152937088	1.01175736747893
7279.53929830272	1.01100131932545
7280.34706723456	1.01016318935122
7281.1548361664	1.00954425699295
7281.96260509824	1.00934822802118
7282.77037403008	1.00963941974856
7283.57814296192	1.01054946035379
7284.38591189376	1.01197624650261
7285.1936808256	1.01326387079586
7286.00144975744	1.01378480794964
7286.80921868928	1.01368263292944
7287.61698762112	1.01345940837614
7288.424756552959	1.01323954566203
7289.2325254848	1.01256489660957
7290.04029441664	1.01113172563
7290.84806334848	1.00977482920363
7291.655832280319	1.00969694203632
7292.46360121216	1.01103785760938
7293.271370144	1.01264553841785
7294.07913907584	1.01349029560485
7294.886908007679	1.01347808938808
7295.69467693952	1.01277448728486
7296.50244587136	1.01168142414038
7297.310214803199	1.01074830439616
7298.117983735039	1.01041719790562
7298.92575266688	1.01072002263763
7299.73352159872	1.01157743771203
7300.541290530559	1.01231916617101
7301.349059462401	1.01162491843682
7302.156828394241	1.00888013695097
7302.96459732608	1.00571064992727
7303.77236625792	1.00405765504251
7304.580135189761	1.00409620354785
7305.387904121601	1.00465047170535
7306.19567305344	1.00476073224214
7307.00344198528	1.00402487573331
7307.811210917121	1.0022066857154
7308.61897984896	0.999897950169044
7309.4267487808	0.9981532227823779
7310.23451771264	0.997308607849488
7311.042286644481	0.996414753502924
7311.85005557632	0.994605269027555
7312.65782450816	0.992555071752475
7313.46559344	0.991598397406276
7314.27336237184	0.992031180385514
7315.08113130368	0.992434315860364
7315.88890023552	0.991508241310698
7316.69666916736	0.98967329629138
7317.5044380992	0.988032415526133
7318.31220703104	0.987224107188632
7319.11997596288	0.987328725961141
7319.92774489472	0.988204345499204
7320.73551382656	0.989038218739956
7321.5432827584	0.988904724987831
7322.35105169024	0.987854765875506
7323.158820622079	0.98694716575491
7323.96658955392	0.986948631758184
7324.77435848576	0.987624250227247
7325.5821274176	0.988550461307246
7326.389896349439	0.989371888803088
7327.19766528128	0.989803161455399
7328.00543421312	0.989824069318117
7328.81320314496	0.9898631563093619
7329.6209720768	0.990318687010062
7330.42874100864	0.991054493058985
7331.23650994048	0.991716108420222
7332.044278872319	0.992115712257431
7332.85204780416	0.992076801577279
7333.659816736	0.99138651811033
7334.46758566784	0.990481395557256
7335.275354599679	0.990370305706043
7336.08312353152	0.991416309268526
7336.89089246336	0.992441507014481
7337.6986613952	0.992247268698412
7338.50643032704	0.99134011764115
7339.314199258881	0.991086348426263
7340.121968190721	0.991917341986793
7340.92973712256	0.992634823322967
7341.7375060544	0.992133700961312
7342.545274986241	0.991104059526401
7343.35304391808	0.990975153945501
7344.16081284992	0.992028560400122
7344.96858178176	0.993066347997657
7345.776350713601	0.9931943173541951
7346.58411964544	0.993146481677559
7347.39188857728	0.994040842007852
7348.19965750912	0.995788904448719
7349.00742644096	0.997053396746587
7349.8151953728	0.996999405636144
7350.62296430464	0.996629961188471
7351.43073323648	0.99723370064445
7352.23850216832	0.998646777165359
7353.04627110016	0.999741705730426
7353.854040032	0.999945109385405
7354.66180896384	0.999943996393477
7355.46957789568	1.00052529302714
7356.27734682752	1.00156937778682
7357.08511575936	1.00233922765759
7357.8928846912	1.0024572267843
7358.70065362304	1.00251871880886
7359.50842255488	1.00314645357767
7360.31619148672	1.00390010900144
7361.12396041856	1.00382282171004
7361.9317293504	1.00274533873042
7362.73949828224	1.00171032958092
7363.54726721408	1.001686154599
7364.35503614592	1.00245621690604
7365.16280507776	1.00332782755081
7365.9705740096	1.00398647107802
7366.778342941439	1.00452993541915
7367.58611187328	1.00498526740207
7368.39388080512	1.00523589138225
7369.20164973696	1.00522664044005
7370.009418668799	1.00521310944693
7370.81718760064	1.00553667347501
7371.62495653248	1.00625470852106
7372.432725464319	1.00658833553385
7373.240494396159	1.00566460539068
7374.048263328	1.00366339774985
7374.856032259841	1.00168733390838
7375.66380119168	1.00051790420031
7376.47157012352	0.999978715876692
7377.279339055361	0.999743056138937
7378.0871079872	0.9995337200641899
7378.89487691904	0.999024231463889
7379.70264585088	0.998099732606899
7380.510414782721	0.997429914768729
7381.31818371456	0.997742789863547
7382.1259526464	0.998556635154363
7382.93372157824	0.998619332903821
7383.74149051008	0.9974613416390971
7384.54925944192	0.996215301524274
7385.35702837376	0.996046888224589
7386.164797305601	0.996726216048398
7386.97256623744	0.9973058337444179
7387.78033516928	0.997253330089211
7388.58810410112	0.996751471269322
7389.39587303296	0.996099183825049
7390.2036419648	0.995619644769363
7391.01141089664	0.995533003155688
7391.81917982848	0.995480778982511
7392.62694876032	0.9946585191834429
7393.43471769216	0.992741149763415
7394.242486624	0.9912591245050399
7395.05025555584	0.992073616583641
7395.85802448768	0.994669392331556
7396.66579341952	0.996256857498682
7397.47356235136	0.995056759913388
7398.2813312832	0.9931671331745699
7399.08910021504	0.993327260408945
7399.89686914688	0.99535947569904
7400.70463807872	0.997004475326107
7401.512407010559	0.99692215438035
7402.3201759424	0.9961690778354469
7403.12794487424	0.996016607305426
7403.93571380608	0.99642966904329
7404.743482737919	0.996708189092907
7405.55125166976	0.996536786418379
7406.3590206016	0.996298362679449
7407.166789533439	0.996406111378508
7407.974558465279	0.996708543718917
7408.78232739712	0.996663984897697
7409.59009632896	0.996182332848509
7410.397865260799	0.9960014813046461
7411.20563419264	0.99679905654223
7412.013403124481	0.998275971168421
7412.82117205632	0.999723512008776
7413.62894098816	1.00043094518118
7414.436709920001	0.9996875368035339
