#%Name: Pyrrhotite
#%Empirical formula: Fe1−xS (x = 0 to 0.125)
#%Mineral group:  sulfides
#%Xtal system: 
#%Edge: K
#%Sample prep: powder on kapton tape
#%Beamline: ALS 10.3.2, HxV slits = 100x50 um
#%Det:  I0=N2, Fluorescence mode (Ge solid state 7elts)
#%Ref/notes:  Excalibur Minerals Corp, N.Y., USA. XRD confirmed
#%Temp: Room temp (28C)
#%Time&date: 7:02 AM 10/4/2006, Matthew A. Marcus
#%============================================================
7.0486944E+3 3.6669894E-3
7.0536939E+3 4.1041098E-3
7.0586935E+3 4.4172415E-3
7.0636930E+3 4.9464367E-3
7.0686926E+3 5.4444593E-3
7.0736921E+3 6.2392004E-3
7.0786917E+3 7.1145520E-3
7.0836912E+3 8.3877462E-3
7.0886908E+3 1.0328258E-2
7.0936903E+3 1.2611107E-2
7.0986899E+3 1.7295976E-2
7.0991898E+3 1.7470773E-2
7.0996898E+3 1.8303927E-2
7.1001897E+3 1.8798720E-2
7.1006897E+3 1.9073436E-2
7.1011896E+3 1.9642237E-2
7.1016896E+3 2.0371608E-2
7.1021895E+3 2.1095143E-2
7.1026895E+3 2.1894587E-2
7.1031894E+3 2.2771880E-2
7.1036894E+3 2.3875026E-2
7.1041894E+3 2.4731679E-2
7.1046893E+3 2.6115741E-2
7.1051893E+3 2.7746123E-2
7.1056892E+3 2.9619623E-2
7.1061892E+3 3.2036662E-2
7.1066891E+3 3.3450402E-2
7.1071891E+3 3.6850679E-2
7.1076890E+3 3.9659931E-2
7.1081890E+3 4.3515929E-2
7.1086889E+3 4.7849647E-2
7.1091889E+3 5.3689981E-2
7.1096889E+3 6.3154268E-2
7.1101888E+3 7.7222687E-2
7.1106888E+3 1.0024257E-1
7.1111887E+3 1.2442052E-1
7.1116887E+3 1.4331082E-1
7.1121886E+3 1.5588966E-1
7.1126886E+3 1.6622142E-1
7.1131885E+3 1.7669032E-1
7.1136885E+3 1.9215275E-1
7.1141884E+3 2.1703103E-1
7.1146884E+3 2.5689149E-1
7.1151884E+3 3.1032059E-1
7.1156883E+3 3.7136928E-1
7.1161883E+3 4.5240194E-1
7.1166882E+3 5.3762567E-1
7.1171882E+3 6.1685055E-1
7.1176881E+3 6.9467213E-1
7.1181881E+3 7.6872549E-1
7.1186880E+3 8.2809675E-1
7.1191880E+3 8.7669089E-1
7.1196879E+3 9.0943164E-1
7.1201879E+3 9.2577737E-1
7.1206878E+3 9.3604566E-1
7.1211878E+3 9.3500628E-1
7.1216878E+3 9.3558291E-1
7.1221877E+3 9.3753137E-1
7.1226877E+3 9.4038715E-1
7.1231876E+3 9.4408794E-1
7.1236876E+3 9.5837548E-1
7.1241875E+3 9.6450095E-1
7.1246875E+3 9.7337591E-1
7.1251874E+3 9.7989349E-1
7.1256874E+3 9.8735023E-1
7.1261873E+3 9.9000781E-1
7.1266873E+3 9.9436542E-1
7.1271873E+3 9.9749097E-1
7.1276872E+3 9.9932054E-1
7.1281872E+3 1.0050243E+0
7.1286871E+3 1.0099749E+0
7.1291871E+3 1.0151720E+0
7.1296870E+3 1.0201052E+0
7.1301870E+3 1.0245449E+0
7.1306869E+3 1.0253524E+0
7.1311869E+3 1.0301734E+0
7.1316868E+3 1.0272229E+0
7.1321868E+3 1.0303130E+0
7.1326868E+3 1.0278942E+0
7.1331867E+3 1.0285803E+0
7.1336867E+3 1.0291156E+0
7.1341866E+3 1.0279355E+0
7.1346866E+3 1.0276896E+0
7.1351865E+3 1.0297812E+0
7.1356865E+3 1.0299814E+0
7.1361864E+3 1.0326807E+0
7.1366864E+3 1.0309901E+0
7.1371863E+3 1.0315289E+0
7.1376863E+3 1.0333591E+0
7.1381862E+3 1.0296435E+0
7.1386862E+3 1.0267833E+0
7.1391862E+3 1.0250117E+0
7.1396861E+3 1.0263758E+0
7.1401861E+3 1.0209829E+0
7.1406860E+3 1.0219203E+0
7.1411860E+3 1.0200585E+0
7.1416859E+3 1.0175516E+0
7.1437036E+3 1.0089133E+0
7.1457213E+3 9.9823458E-1
7.1477389E+3 9.8650901E-1
7.1497566E+3 9.6862312E-1
7.1517743E+3 9.4951864E-1
7.1537920E+3 9.3208848E-1
7.1558096E+3 9.2460186E-1
7.1578273E+3 9.2698395E-1
7.1598450E+3 9.3568053E-1
7.1618626E+3 9.4583309E-1
7.1638803E+3 9.6080579E-1
7.1658980E+3 9.7657054E-1
7.1679157E+3 9.9554297E-1
7.1699333E+3 1.0116970E+0
7.1719510E+3 1.0284161E+0
7.1739687E+3 1.0363733E+0
7.1759863E+3 1.0418126E+0
7.1780040E+3 1.0444158E+0
7.1800217E+3 1.0431399E+0
7.1820394E+3 1.0357678E+0
7.1840570E+3 1.0329309E+0
7.1860747E+3 1.0229576E+0
7.1880924E+3 1.0167455E+0
7.1901100E+3 1.0082107E+0
7.1921277E+3 9.9987215E-1
7.1941454E+3 9.9599189E-1
7.1961631E+3 9.8856909E-1
7.1981807E+3 9.8163667E-1
7.2001984E+3 9.7648720E-1
7.2022161E+3 9.7425314E-1
7.2042337E+3 9.7098762E-1
7.2062514E+3 9.6737824E-1
7.2082691E+3 9.6783212E-1
7.2102868E+3 9.6677815E-1
7.2123044E+3 9.7515160E-1
7.2143221E+3 9.7796372E-1
7.2163398E+3 9.8312513E-1
7.2183574E+3 9.8626561E-1
7.2203751E+3 9.9084169E-1
7.2223928E+3 9.9201519E-1
7.2244104E+3 9.9800237E-1
7.2264281E+3 1.0058994E+0
7.2284458E+3 1.0095856E+0
7.2304635E+3 1.0085417E+0
7.2324811E+3 1.0147713E+0
7.2344988E+3 1.0184227E+0
7.2365165E+3 1.0224158E+0
7.2385341E+3 1.0260127E+0
7.2405518E+3 1.0239959E+0
7.2425695E+3 1.0252016E+0
7.2445871E+3 1.0218515E+0
7.2466048E+3 1.0206585E+0
7.2486225E+3 1.0179820E+0
7.2506402E+3 1.0152913E+0
7.2526578E+3 1.0131648E+0
7.2546755E+3 1.0133746E+0
7.2551754E+3 1.0097611E+0
7.2556754E+3 1.0065278E+0
7.2561754E+3 1.0085926E+0
7.2566753E+3 1.0085296E+0
7.2571753E+3 1.0073752E+0
7.2576752E+3 1.0071150E+0
7.2581752E+3 1.0046651E+0
7.2586751E+3 1.0054224E+0
7.2591751E+3 1.0051829E+0
7.2596750E+3 1.0046668E+0
7.2601750E+3 1.0023753E+0
7.2606749E+3 1.0011485E+0
7.2611749E+3 1.0054608E+0
7.2616748E+3 9.9750738E-1
7.2621748E+3 1.0013019E+0
7.2626748E+3 9.9997161E-1
7.2631747E+3 1.0016001E+0
7.2636747E+3 1.0041059E+0
7.2641746E+3 1.0036952E+0
7.2646746E+3 1.0023863E+0
7.2651745E+3 9.9897506E-1
7.2656745E+3 9.9894145E-1
7.2661744E+3 9.9832252E-1
7.2666744E+3 9.9554246E-1
7.2671743E+3 9.9760300E-1
7.2676743E+3 9.9652714E-1
7.2681742E+3 9.9620455E-1
7.2686742E+3 9.9413670E-1
7.2691741E+3 9.9612913E-1
7.2696741E+3 9.9431120E-1
7.2720949E+3 9.9383548E-1
7.2745158E+3 9.9406535E-1
7.2769366E+3 9.9546946E-1
7.2793574E+3 9.9830706E-1
7.2817782E+3 9.9619171E-1
7.2841991E+3 9.9735280E-1
7.2866199E+3 9.9776045E-1
7.2890407E+3 9.9678218E-1
7.2914615E+3 9.9671476E-1
7.2938824E+3 9.9955635E-1
7.2963032E+3 1.0002609E+0
7.2987240E+3 9.9816372E-1
7.3011448E+3 1.0014309E+0
7.3035657E+3 1.0028096E+0
7.3059865E+3 1.0032295E+0
7.3084073E+3 1.0026715E+0
7.3108281E+3 1.0068744E+0
7.3132490E+3 1.0067427E+0
7.3156698E+3 1.0090985E+0
7.3180906E+3 1.0096954E+0
7.3205114E+3 1.0072739E+0
7.3229323E+3 1.0113829E+0
7.3253531E+3 1.0086189E+0
7.3277739E+3 1.0097285E+0
7.3301947E+3 1.0100752E+0
7.3326156E+3 1.0102561E+0
7.3350364E+3 1.0116409E+0
7.3374572E+3 1.0067827E+0
7.3398780E+3 1.0059814E+0
7.3422989E+3 1.0053327E+0
7.3447197E+3 1.0022802E+0
7.3471405E+3 1.0026450E+0
7.3495613E+3 1.0004520E+0
7.3519822E+3 1.0004038E+0
7.3544030E+3 1.0015966E+0
7.3568238E+3 9.9997628E-1
7.3592446E+3 9.9839413E-1
7.3616655E+3 9.9892119E-1
7.3644857E+3 9.9591662E-1
7.3673060E+3 9.9683339E-1
7.3701262E+3 9.9596381E-1
7.3729465E+3 9.9768712E-1
7.3757667E+3 9.9682060E-1
7.3785869E+3 9.9411432E-1
7.3814072E+3 9.9598494E-1
7.3842274E+3 9.9721456E-1
7.3870477E+3 9.9657968E-1
7.3898679E+3 9.9547621E-1
7.3926882E+3 9.9570734E-1
7.3955084E+3 9.9773561E-1
7.3983287E+3 9.9845481E-1
7.4011489E+3 9.9790119E-1
7.4039692E+3 9.9884000E-1
7.4067894E+3 9.9897872E-1
7.4096096E+3 9.9857044E-1
7.4124299E+3 9.9935793E-1
7.4152501E+3 9.9967412E-1
