#%Name: Scorodite
#%formula: FeAsO4·2H2O
#%Mineral class: arsenates
#%Xtal system: orthorhombic
#%Edge: K
#%Sample prep: powder on kapton tape
#%Beamline: ALS 10.3.2, HxV slits = 200x20 um
#%Det:  I0=N2, Fluorescence mode (Ge solid state 7elts)
#%Ref/notes:  from MRC, CA-USA. average of multiple .dat scans
#%Temp: Room temp (28 degC)
#%Time&date: 2:25 AM 9/1/2010. Sirine C. Fakra
#%============================================================
7010.773648638	2.52159325866164e-06
7011.070945838	4.22766372544405e-06
7011.368243038	5.56444852017046e-06
7011.665540238	6.5565357867388e-06
7011.96283743801	7.22851366904699e-06
7012.26013463801	7.60497031099295e-06
7012.55743183801	7.710493856474591e-06
7012.85472903801	7.56967244938983e-06
7013.15202623801	7.2070942336366e-06
7013.44932343801	6.64734735311281e-06
7013.74662063801	5.91501995171639e-06
7014.04391783801	5.03470017334526e-06
7014.34121503802	4.03097616189733e-06
7014.63851223802	2.92843606127051e-06
7014.93580943802	1.75166801536274e-06
7015.233106638019	5.25260168071938e-07
7015.53040383802	-7.26199336703962e-07
7015.827701038021	-1.97812235506709e-06
7016.12499823802	-3.20592074311948e-06
7016.42229543802	-4.38500635696323e-06
7016.71959263803	-5.49079105270042e-06
7017.01688983803	-6.49868668643313e-06
7017.31418703803	-7.38410511426343e-06
7017.611484238029	-8.12245819229342e-06
7017.90878143803	-8.68915777662516e-06
7018.20607863803	-9.05961572336075e-06
7018.50337583803	-9.20924388860225e-06
7018.80067303803	-9.113454128451749e-06
7019.09797023804	-8.74765829901133e-06
7019.39526743804	-8.08726825638308e-06
7019.69256463804	-7.10769585666906e-06
7019.98986183804	-5.78435295597137e-06
7020.28715903804	-4.09265141039207e-06
7020.58445623804	-2.00811055249955e-06
7020.881753438041	4.62683225586456e-07
7021.179050638039	3.2386291034392e-06
7021.47634783805	6.22695635665627e-06
7021.77364503805	9.334823212668581e-06
7022.07094223805	1.2469387898907e-05
7022.36823943805	1.55378086428026e-05
7022.66553663805	1.8447243671786e-05
7022.96283383805	2.11048512132884e-05
7023.260131038051	2.34177894947405e-05
7023.55742823806	2.52932167435734e-05
7023.85472543806	2.66382911872178e-05
7024.15202263806	2.73601710531048e-05
7024.44931983806	2.73660145686652e-05
7024.74661703806	2.656297996133e-05
7025.043914238059	2.485822545853e-05
7025.34121143806	2.21589092876961e-05
7025.638508638061	1.83738980401339e-05
7025.935805838069	1.34998008779201e-05
7026.23310303807	7.693869938409711e-06
7026.530400238071	1.15545838167596e-06
7026.82769743807	-5.91495477496323e-06
7027.12499463807	-1.331689051419e-05
7027.42229183807	-2.08498698186864e-05
7027.71958903807	-2.83134136711346e-05
7028.01688623807	-3.55070430542167e-05
7028.314183438079	-4.22302789506148e-05
7028.61148063808	-4.8282642343011e-05
7028.90877783808	-5.34636542140875e-05
7029.20607503808	-5.75728355465264e-05
7029.50337223808	-6.04097073230097e-05
7029.80066943808	-6.177379052621961e-05
7030.09796663808	-6.146460613883831e-05
7030.39526383808	-5.92816751435477e-05
7030.692561038089	-5.50319256831799e-05
7030.98985823809	-4.86791213869001e-05
7031.28715543809	-4.04572379326857e-05
7031.584452638091	-3.06830933190843e-05
7031.881749838089	-1.96743078413325e-05
7032.17904703809	-7.74850179466678e-06
7032.476344238091	4.77670452567645e-06
7032.77364143809	1.75836908244606e-05
7033.0709386381	3.03548368064493e-05
7033.368235838099	4.2772522176406e-05
7033.6655330381	5.45191266390942e-05
7033.962830238101	6.52770298992773e-05
7034.2601274381	7.4728611661719e-05
7034.5574246381	8.25562516311827e-05
7034.8547218381	8.84423295124319e-05
7035.1520190381	9.20692250102302e-05
7035.44931623811	9.3119317829341e-05
7035.746613438109	9.12913944407787e-05
7036.04391063811	8.64957744194716e-05
7036.34120783811	7.90187279384725e-05
7036.63850503811	6.92421891794385e-05
7036.93580223811	5.75481473218534e-05
7037.23309943811	4.43185915452012e-05
7037.53039663811	2.99355110289656e-05
7037.82769383812	1.47808949526305e-05
7038.12499103812	-7.63267504320356e-07
7038.42228823812	-1.6314987162403e-05
7038.71958543812	-3.14922748421336e-05
7039.01688263812	-4.59131413640284e-05
7039.314179838119	-5.91955975486036e-05
7039.61147703812	-7.09576542163752e-05
7039.908774238121	-8.08173221878595e-05
7040.20607143813	-8.839261228357251e-05
7040.50336863813	-9.33015353240305e-05
7040.80066583813	-9.518926933538821e-05
7041.09796303813	-9.39567243426873e-05
7041.395260238131	-8.98920302742622e-05
7041.692557438129	-8.33478294591333e-05
7041.98985463813	-7.46767642263212e-05
7042.28715183813	-6.42314769048463e-05
7042.58444903814	-5.2364609823729e-05
7042.88174623814	-3.94288053119898e-05
7043.179043438139	-2.57767056986492e-05
7043.47634063814	-1.17609533127277e-05
7043.773637838141	2.26580951675431e-06
7044.07093503814	1.59509404607763e-05
7044.36823223814	2.89417971903179e-05
7044.665529438151	4.08857373763586e-05
7044.96282663815	5.14301186898779e-05
7045.26012383815	6.02222988018554e-05
7045.55742103815	6.69096607118884e-05
7045.85471823815	7.11911451060858e-05
7046.15201543815	7.30371384212979e-05
7046.44931263815	7.26591348232489e-05
7046.74660983815	7.0291094789914e-05
7047.04390703816	6.61669787992685e-05
7047.34120423816	6.05207473292876e-05
7047.63850143816	5.35863608579464e-05
7047.93579863816	4.55977798632202e-05
7048.23309583816	3.67889648230842e-05
7048.53039303816	2.73938762155135e-05
7048.82769023816	1.76464745184834e-05
7049.124987438159	7.780720209969179e-06
7049.42228463817	-1.96942623205407e-06
7049.719581838171	-1.13700043296111e-05
7050.016879038169	-2.01870536047268e-05
7050.31417623817	-2.81866135794258e-05
7050.611473438171	-3.51354823278971e-05
7050.90877063817	-4.08785951346314e-05
7051.20606783817	-4.54302779178751e-05
7051.50336503817	-4.88503490246886e-05
7051.80066223818	-5.12002311516358e-05
7052.097959438181	-5.25413469952803e-05
7052.395256638179	-5.29351192521857e-05
7052.69255383818	-5.24429706189159e-05
7052.98985103818	-5.11263237920345e-05
7053.28714823818	-4.90466014681052e-05
7053.58444543818	-4.62652263436917e-05
7053.88174263818	-4.28436211153577e-05
7054.17903983819	-3.88432084796669e-05
7054.476337038191	-3.43254111331829e-05
7054.77363423819	-2.93516517724695e-05
7055.07093143819	-2.39833530940904e-05
7055.36822863819	-1.82819377946093e-05
7055.66552583819	-1.2307919848231e-05
7055.96282303819	-6.09863692301965e-06
7056.26012023819	2.92298859082321e-07
7056.5574174382	6.78021307219361e-06
7056.8547146382	1.32797596281248e-05
7057.1520118382	1.97055924386864e-05
7057.449309038199	2.5972365415689e-05
7057.7466062382	3.1994732470943e-05
7058.043903438201	3.76873475162591e-05
7058.3412006382	4.29648644634479e-05
7058.6384978382	4.77419372243197e-05
7058.93579503821	5.19332197106852e-05
7059.23309223821	5.5453365834355e-05
7059.53038943821	5.82170295071395e-05
7059.827686638209	6.01388646408494e-05
7060.12498383821	6.11335251472951e-05
7060.42228103821	6.11156649382872e-05
7060.71957823821	6.00094482437543e-05
7061.01687543821	5.78607149574195e-05
7061.31417263822	5.47754022217011e-05
7061.61146983822	5.08489883051403e-05
7061.908767038221	4.61769058346335e-05
7062.20606423822	4.08545874370774e-05
7062.50336143822	3.49774657393685e-05
7062.80065863822	2.86409733684034e-05
7063.097955838221	2.19405429510787e-05
7063.395253038219	1.4971607114291e-05
7063.69255023823	7.82959848493683e-06
7063.98984743823	6.09949689912792e-07
7064.28714463823	-6.59190664388455e-06
7064.58444183823	-1.36805378895586e-05
7064.88173903823	-2.05605114202128e-05
7065.17903623823	-2.71363946089505e-05
7065.476333438231	-3.33127548288752e-05
7065.77363063824	-3.90223771389079e-05
7066.07092783824	-4.43534494394897e-05
7066.36822503824	-4.93031292302848e-05
7066.66552223824	-5.38246104129981e-05
7066.96281943824	-5.78710868893345e-05
7067.260116638239	-6.1395752560999e-05
7067.55741383824	-6.43518013296966e-05
7067.854711038241	-6.66924270971322e-05
7068.152008238249	-6.83708237650107e-05
7068.44930543825	-6.9340185235037e-05
7068.746602638251	-6.955370540891621e-05
7069.04389983825	-6.896457818835321e-05
7069.34119703825	-6.75259974750529e-05
7069.63849423825	-6.519115717072031e-05
7069.93579143825	-6.19132511770603e-05
7070.23308863825	-5.76454733957778e-05
7070.530385838259	-5.23410177285779e-05
7070.82768303826	-4.59400862176339e-05
7071.12498023826	-3.84150731565991e-05
7071.42227743826	-2.99270864712771e-05
7071.71957463826	-2.06662620855618e-05
7072.01687183826	-1.0822735923347e-05
7072.31416903826	-5.86643908526613e-07
7072.61146623826	9.85187803500556e-06
7072.908763438269	2.03026939833557e-05
7073.20606063827	3.05756680126299e-05
7073.50335783827	4.04806641989344e-05
7073.80065503827	4.98275466183753e-05
7074.097952238269	5.84261793470588e-05
7074.39524943827	6.6086426461091e-05
7074.69254663827	7.2618152036578e-05
7074.98984383827	7.78312201496262e-05
7075.28714103828	8.15354948763415e-05
7075.58443823828	8.35410237653779e-05
7075.88173543828	8.3712368828258e-05
7076.179032638281	8.21113089771169e-05
7076.47632983828	7.891951243045769e-05
7076.77362703828	7.432645713073309e-05
7077.07092423828	6.852162102039609e-05
7077.36822143828	6.16944820418992e-05
7077.66551863829	5.40345181376954e-05
7077.962815838289	4.57312072502374e-05
7078.26011303829	3.69740273219779e-05
7078.557410238291	2.79524562953698e-05
7078.85470743829	1.88559721128658e-05
7079.15200463829	9.874052716918679e-06
7079.44930183829	1.19617604998125e-06
7079.74659903829	-6.98817994549373e-06
7080.0438962383	-1.44895373270535e-05
7080.3411934383	-2.11184181522452e-05
7080.6384906383	-2.66867156560829e-05
7080.9357878383	-3.10785070975461e-05
7081.2330850383	-3.43393449731317e-05
7081.530382238299	-3.65774379769602e-05
7081.8276794383	-3.79029022793569e-05
7082.124976638301	-3.84258540506471e-05
7082.42227383831	-3.82564094611563e-05
7082.71957103831	-3.75046846812096e-05
7083.01686823831	-3.62807958811326e-05
7083.31416543831	-3.46948592312505e-05
7083.611462638311	-3.28569909018886e-05
7083.908759838309	-3.08773070633724e-05
7084.20605703831	-2.88659238860271e-05
7084.50335423831	-2.69329575401781e-05
7084.80065143832	-2.51885241961507e-05
7085.09794863832	-2.37427400242703e-05
7085.395245838319	-2.27057211948622e-05
7085.69254303832	-2.21962582384566e-05
7085.989840238321	-2.24597911257986e-05
7086.287137438319	-2.35219746897062e-05
7086.58443463832	-2.52115937468986e-05
7086.881731838331	-2.73553607004499e-05
7087.17902903833	-2.97799879534344e-05
7087.47632623833	-3.23121879089262e-05
7087.77362343833	-3.47786729699994e-05
7088.07092063833	-3.70061555397281e-05
7088.36821783833	-3.88213480211866e-05
7088.66551503833	-4.00509628174489e-05
7088.96281223833	-4.05217123315893e-05
7089.26010943834	-4.00603089666817e-05
7089.55740663834	-3.84934651258005e-05
7089.85470383834	-3.56478932120198e-05
7090.15200103834	-3.13503056284137e-05
7090.44929823834	-2.54274147780563e-05
7090.74659543834	-1.75842934282698e-05
7091.04389263834	-6.7116111232512e-06
7091.341189838339	7.11928762442226e-06
7091.63848703835	2.32457455357205e-05
7091.93578423835	4.10047574261409e-05
7092.233081438349	5.97333181111804e-05
7092.53037863835	7.876842240633641e-05
7092.827675838351	9.74470651271061e-05
7093.12497303835	0.000115106241088986
7093.42227023835	0.000131082945107475
7093.71956743835	0.000144714171998068
7094.01686463836	0.000155336916576264
7094.314161838361	0.000162288173657559
7094.611459038359	0.000164904938057451
7094.90875623836	0.000162524204591437
7095.20605343836	0.000154482968075013
7095.50335063836	0.000140118223323679
7095.80064783836	0.000100657476054977
7096.09794503836	2.44806040649027e-05
7096.39524223837	0.000128120825788012
7096.692539438371	6.73196671122463e-05
7096.98983663837	4.66145450422387e-05
7097.28713383837	-0.000124205281560948
7097.58443103837	-0.000199916412608129
7097.88172823837	-0.000218782086842272
7098.17902543837	-0.000264906501340026
7098.47632263837	-4.97098621191387e-05
7098.77361983838	0.000156998119771118
7099.07091703838	0.000219216714103212
7099.36821423838	0.000154833245909323
7099.66551143838	0.000107703429308623
7099.96280863838	9.234837588292851e-05
7100.260105838381	-0.000112532476152184
7100.55740303838	-0.000144026094508557
7100.85470023838	2.58735825988894e-05
7101.15199743839	0.000115554659404641
7101.44929463839	0.000289986013758094
7101.74659183839	0.000391281374485856
7102.043889038389	0.000673909825870666
7102.34118623839	0.000838847085581378
7102.638483438391	0.000870972858785417
7102.93578063839	0.0010039805644783
7103.23307783839	0.00127750511594201
7103.530375038399	0.00157398714314121
7103.8276722384	0.00168198274371791
7104.124969438401	0.00190986822703129
7104.422266638399	0.00213179803698118
7104.7195638384	0.00220015932443147
7105.0168610384	0.00251951402111603
7105.3141582384	0.0028708714631966
7105.611455438399	0.00286620874101635
7105.90875263841	0.0032357102170985
7106.20604983841	0.00357295185678443
7106.50334703841	0.00386287462609926
7106.80064423841	0.00399235651394728
7107.09794143841	0.00432262482236366
7107.39523863841	0.00478137180032098
7107.692535838411	0.00500117731010604
7107.98983303842	0.00560597254733001
7108.28713023842	0.00595457785212912
7108.58442743842	0.006318629135682
7108.88172463842	0.00678476944482174
7109.17902183842	0.00714190018497158
7109.476319038419	0.0079239561071285
7109.77361623842	0.00897759015642979
7110.070913438421	0.009770443982566161
7110.368210638429	0.0109469917671108
7110.66550783843	0.0123498703720444
7110.962805038431	0.0141070185623472
7111.26010223843	0.0167157531872157
7111.55739943843	0.0207386223288553
7111.85469663843	0.0266493893650781
7112.15199383843	0.0328886806125778
7112.44929103843	0.037560418208734
7112.746588238439	0.0399334117512679
7113.04388543844	0.040938361718504
7113.34118263844	0.042307032176873
7113.63847983844	0.0440528146533394
7113.93577703844	0.0440618195370577
7114.23307423844	0.0412655653835334
7114.53037143844	0.0364733586689204
7114.82766863844	0.0327652245914051
7115.124965838449	0.0302862596113191
7115.42226303845	0.028946993216041
7115.71956023845	0.029775825445242
7116.01685743845	0.0310572397413667
7116.31415463845	0.0328504578643626
7116.61145183845	0.0350583937562588
7116.90874903845	0.0378800530054317
7117.20604623845	0.0411751725245293
7117.50334343846	0.0452105661889891
7117.80064063846	0.0500068266410758
7118.09793783846	0.0558075562448327
7118.395235038461	0.0630967881838594
7118.69253223846	0.0712895250919775
7118.98982943846	0.0801053055675021
7119.28712663846	0.0902143932717933
7119.58442383846	0.101222852522521
7119.88172103847	0.116304356783229
7120.179018238469	0.13020302394639
7120.47631543847	0.144743825052634
7120.773612638471	0.160868589632358
7121.07090983847	0.181261758768648
7121.36820703847	0.203456332178135
7121.66550423847	0.228663694046823
7121.96280143847	0.261593805514641
7122.26009863848	0.297249091441718
7122.557395838479	0.322788820140183
7122.85469303848	0.3485196252257
7123.15199023848	0.381229694407107
7123.44928743848	0.41561092207829
7123.74658463848	0.448127060392814
7124.04388183848	0.476048591468436
7124.341179038481	0.5053069708462929
7124.63847623849	0.5450784587165231
7124.93577343849	0.585780137895564
7125.23307063849	0.6229766189306321
7125.53036783849	0.662403371456659
7125.827665038491	0.712474601327123
7126.124962238489	0.773058742866514
7126.42225943849	0.831520703828967
7126.719556638491	0.893431733022153
7127.0168538385	0.959068801372198
7127.3141510385	1.02279072155423
7127.611448238499	1.08102343029833
7127.9087454385	1.14492386054221
7128.206042638501	1.20934195225036
7128.503339838499	1.25799349044898
7128.8006370385	1.29978534618453
7129.097934238511	1.33861429386343
7129.39523143851	1.36927381265979
7129.69252863851	1.38977281799127
7129.98982583851	1.41137591314157
7130.28712303851	1.42731051989332
7130.58442023851	1.44148210850484
7130.88171743851	1.45154762111784
7131.17901463851	1.45578475209891
7131.47631183852	1.45497634671275
7131.77360903852	1.44993238536027
7132.07090623852	1.43965165754544
7132.36820343852	1.42539430909729
7132.66550063852	1.41138185296305
7132.96279783852	1.39767728920389
7133.26009503852	1.3841374848228
7133.557392238519	1.37080255333678
7133.85468943853	1.36008132843672
7134.15198663853	1.35232298046838
7134.449283838529	1.34683116110931
7134.74658103853	1.34481327364716
7135.04387823853	1.34582753820801
7135.34117543853	1.34745881544735
7135.63847263853	1.35055855420759
7135.93576983853	1.35024641511687
7136.23306703854	1.35004875628908
7136.530364238541	1.35080286595912
7136.82766143854	1.34797304263727
7137.12495863854	1.34203637525501
7137.42225583854	1.33663713977891
7137.71955303854	1.32635741836775
7138.01685023854	1.31665524493628
7138.31414743854	1.30975410480712
7138.61144463855	1.29780874594028
7138.908741838551	1.28313083347075
7139.20603903855	1.26962746884271
7139.50333623855	1.25773735371035
7139.80063343855	1.24741745079206
7140.09793063855	1.23441322080885
7140.39522783855	1.22189131520331
7140.69252503855	1.20821073692623
7140.98982223856	1.19400456384983
7141.28711943856	1.17990597723163
7141.58441663856	1.16599543775774
7141.88171383856	1.15225537439817
7142.17901103856	1.13864906084108
7142.476308238561	1.12540831422263
7142.77360543856	1.11279797916245
7143.07090263856	1.10109330973786
7143.36819983857	1.09036393907386
7143.66549703857	1.08061964326417
7143.96279423857	1.07183422936755
7144.260091438569	1.06388869994597
7144.55738863857	1.05662235467208
7144.854685838571	1.04983625346059
7145.15198303857	1.04329888404604
7145.44928023857	1.03691279334972
7145.74657743858	1.03061921643122
7146.04387463858	1.02453712853434
7146.341171838581	1.01873281706718
7146.638469038579	1.01321610305005
7146.93576623858	1.00788559786811
7147.23306343858	1.00251481538862
7147.53036063858	0.996898971655471
7147.82765783858	0.99085076019665
7148.12495503859	0.984332495640073
7148.42225223859	0.977522277182176
7148.71954943859	0.9706363648211001
7149.01684663859	0.9639680660954481
7149.31414383859	0.957555010131361
7149.61144103859	0.951288441375114
7149.908738238591	0.94494810152958
7150.2060354386	0.938367706660964
7150.5033326386	0.931668746091615
7150.8006298386	0.925032063258821
7151.0979270386	0.918756712808763
7151.3952242386	0.912881631381292
7151.692521438599	0.9073739122130881
7151.9898186386	0.90206257510039
7152.287115838601	0.896780927302873
7152.584413038609	0.891435376185113
7152.88171023861	0.885979049479391
7153.17900743861	0.880414616274668
7153.47630463861	0.874671254922237
7153.77360183861	0.868681454721141
7154.07089903861	0.862494392666641
7154.36819623861	0.856367803010509
7154.66549343861	0.850599437357372
7154.962790638619	0.845353977248493
7155.26008783862	0.840624754451311
7155.55738503862	0.836381883143364
7155.85468223862	0.832622796398678
7156.15197943862	0.829301690861903
7156.44927663862	0.826147340528107
7156.74657383862	0.822874182488422
7157.04387103862	0.819381887198414
7157.34116823863	0.816027720055205
7157.63846543863	0.813296727695702
7157.93576263863	0.811513989437484
7158.23305983863	0.810525469877011
7158.53035703863	0.809922426807461
7158.82765423863	0.809347232436581
7159.12495143863	0.808758641479619
7159.42224863863	0.808356049127134
7159.71954583864	0.808350318652671
7160.01684303864	0.80875450574617
7160.31414023864	0.809390704573076
7160.611437438641	0.810055148934422
7160.90873463864	0.810658186936994
7161.20603183864	0.811342764516189
7161.50332903864	0.812300343947651
7161.80062623864	0.813679414129185
7162.09792343865	0.815378647471898
7162.395220638649	0.817177951223463
7162.69251783865	0.818858775200042
7162.989815038651	0.820391257851127
7163.28711223865	0.822018618599059
7163.58440943865	0.824052311185883
7163.88170663865	0.826769841993409
7164.17900383865	0.830208222443351
7164.47630103866	0.834155773774752
7164.773598238659	0.838361886017476
7165.07089543866	0.842515461831408
7165.36819263866	0.846584641204884
7165.66548983866	0.850627401661319
7165.96278703866	0.85481330106182
7166.26008423866	0.859195348392871
7166.55738143866	0.863647829547146
7166.854678638671	0.868017472341893
7167.15197583867	0.872218671883029
7167.44927303867	0.876416767156094
7167.74657023867	0.880806382468026
7168.043867438671	0.885551527925903
7168.341164638669	0.890611812581685
7168.63846183867	0.89587699582775
7168.935759038671	0.901178600902841
7169.23305623868	0.906316095756362
7169.53035343868	0.911132280044205
7169.82765063868	0.915548484934236
7170.12494783868	0.919796329131464
7170.422245038681	0.924183507994792
7170.719542238679	0.928988927213051
7171.01683943868	0.934116470754016
7171.31413663868	0.939207772282852
7171.61143383869	0.94390277542097
7171.90873103869	0.948084804029102
7172.20602823869	0.95214855442617
7172.50332543869	0.95661087656982
7172.80062263869	0.961901871421991
7173.09791983869	0.967889787536973
7173.39521703869	0.974043891784464
7173.6925142387	0.97980375993774
7173.9898114387	0.984923028726493
7174.2871086387	0.9895504989277349
7174.5844058387	0.993912549422887
7174.8817030387	0.9981173524213111
7175.1790002387	1.00202228781215
7175.4762974387	1.00549172287919
7175.773594638699	1.00841618657777
7176.07089183871	1.01083950614863
7176.36818903871	1.01285190718351
7176.665486238709	1.01454292276931
7176.96278343871	1.01613254878195
7177.26008063871	1.01793628899002
7177.55737783871	1.02023712708544
7177.85467503871	1.02314513002181
7178.151972238709	1.02625113944343
7178.44926943872	1.02906821138559
7178.746566638721	1.03115872579963
7179.04386383872	1.03254096945274
7179.34116103872	1.03353471859745
7179.63845823872	1.03447779162222
7179.93575543872	1.03558599100884
7180.23305263872	1.0368406053025
7180.53034983872	1.03815379616317
7180.82764703873	1.03942772914468
7181.124944238731	1.04056687398893
7181.42224143873	1.04155075836137
7181.71953863873	1.04237868222876
7182.01683583873	1.04313656627755
7182.31413303873	1.04386785421285
7182.61143023873	1.04456792482704
7182.90872743873	1.04519705098213
7183.20602463874	1.0457571029095
7183.50332183874	1.0463699834046
7183.80061903874	1.04714770623561
7184.09791623874	1.04807496397042
7184.39521343874	1.04899009646787
7184.692510638741	1.04972012093212
7184.98980783874	1.05029566055936
7185.28710503874	1.05088793845902
7185.58440223875	1.05164865326825
7185.88169943875	1.05259881004686
7186.178996638751	1.05352968885709
7186.476293838749	1.05430814393583
7186.77359103875	1.05484596592414
7187.070888238751	1.0552957508606
7187.36818543875	1.05587400069546
7187.66548263875	1.05678134388462
7187.96277983876	1.05806007271894
7188.26007703876	1.05947111202097
7188.557374238761	1.06068876542724
7188.854671438759	1.06144290204772
7189.15196863876	1.06175743390203
7189.44926583876	1.06191061402504
7189.74656303876	1.06219693668537
7190.04386023876	1.06279015933346
7190.34115743877	1.06355635021557
7190.63845463877	1.06427302103319
7190.935751838771	1.06473092506805
7191.23304903877	1.06490795706111
7191.53034623877	1.06494408293084
7191.82764343877	1.06499683074226
7192.124940638771	1.06520294076948
7192.422237838769	1.06554659518918
7192.71953503878	1.06598076167396
7193.01683223878	1.06637130913036
7193.31412943878	1.06660090423727
7193.61142663878	1.06658884206493
7193.90872383878	1.06634567720785
7194.20602103878	1.06601793449353
7194.503318238781	1.06573147222241
7194.800615438789	1.06555760327984
7195.09791263879	1.06531943462661
7195.39520983879	1.06484435545066
7195.69250703879	1.06399121808583
7195.98980423879	1.06285205005549
7196.287101438789	1.06159454554585
7196.58439863879	1.06031292105322
7196.88169583879	1.0590391494998
7197.178993038799	1.05774411366449
7197.4762902388	1.05650473390218
7197.7735874388	1.05539335689344
7198.0708846388	1.05437894746524
7198.3681818388	1.05338128364057
7198.6654790388	1.05232385084789
7198.9627762388	1.05126913907534
7199.2600734388	1.05028123029355
7199.55737063881	1.04931330010334
7199.85466783881	1.04822905410701
7200.15196503881	1.04678901344055
7200.44926223881	1.04501384812207
7200.74655943881	1.04298863910489
7201.04385663881	1.04101826852944
7201.34115383881	1.03916759116203
7201.63845103881	1.03736779687499
7201.93574823882	1.03542876597595
7202.23304543882	1.03325967417005
7202.53034263882	1.03101881443749
7202.827639838821	1.02887538173734
7203.12493703882	1.02689822325471
7203.42223423882	1.02490260053926
7203.71953143882	1.02267516684518
7204.01682863882	1.02013157092402
7204.31412583883	1.01741634447808
7204.611423038829	1.01474096425354
7204.90872023883	1.01232641174832
7205.206017438831	1.01032901304507
7205.50331463883	1.00880909653724
7205.80061183883	1.00775012523668
7206.09790903883	1.00677640502574
7206.39520623883	1.00545587596694
7206.692503438841	1.00339422513017
7206.989800638839	1.00066469231509
7207.28709783884	0.9977680061597169
7207.58439503884	0.995223369145726
7207.88169223884	0.993332495015659
7208.17898943884	0.991858118578416
7208.47628663884	0.990455834738638
7208.77358383884	0.988820999532438
7209.070881038851	0.986956261512378
7209.36817823885	0.985026794489637
7209.66547543885	0.983203866290062
7209.96277263885	0.981575863249035
7210.260069838851	0.980132284136717
7210.557367038849	0.978854136286924
7210.85466423885	0.9777261386671841
7211.151961438851	0.976730597107886
7211.44925863886	0.975825546061605
7211.74655583886	0.974966185223196
7212.04385303886	0.974107714287514
7212.34115023886	0.973205332949414
7212.638447438861	0.97221452102826
7212.935744638859	0.971106372914379
7213.23304183886	0.969901033954763
7213.53033903886	0.968645706286216
7213.82763623887	0.967388478056589
7214.12493343887	0.966177437413732
7214.422230638869	0.965060672505495
7214.71952783887	0.964084763069143
7215.016825038871	0.9632722774724271
7215.31412223887	0.962603439532128
7215.61141943887	0.962046156781308
7215.90871663888	0.961568292207265
7216.20601383888	0.961137708797296
7216.50331103888	0.9607222695387
7216.80060823888	0.960293925959428
7217.09790543888	0.959851426478567
7217.39520263888	0.959415997416423
7217.69249983888	0.959011766881285
7217.98979703888	0.958662862981442
7218.28709423889	0.9583934138251839
7218.58439143889	0.958227505157962
7218.881688638889	0.958176914180935
7219.17898583889	0.958222755088936
7219.47628303889	0.958339832196361
7219.77358023889	0.958502791627454
7220.07087743889	0.95868627950646
7220.368174638889	0.958864941957622
7220.6654718389	0.959014077067716
7220.962769038901	0.95912811756179
7221.2600662389	0.959222215153683
7221.5573634389	0.959311874073889
7221.8546606389	0.959412581266558
7222.1519578389	0.95953982367584
7222.4492550389	0.959709088245886
7222.7465522389	0.959935771632672
7223.04384943891	0.960233261858791
7223.341146638911	0.960608433340657
7223.63844383891	0.961066176407662
7223.93574103891	0.9616113802331701
7224.23303823891	0.962248933990539
7224.53033543891	0.9629837268531301
7224.82763263891	0.963812405671842
7225.12492983891	0.964700337002185
7225.42222703892	0.965609562089555
7225.71952423892	0.9665028633745389
7226.01682143892	0.967343023297726
7226.31411863892	0.968092824299702
7226.61141583892	0.96871524186402
7226.90871303892	0.969193057342547
7227.20601023892	0.9695489636557501
7227.50330743892	0.969813550774524
7227.80060463893	0.970017620147739
7228.09790183893	0.97019197322426
7228.395199038931	0.970367411452954
7228.692496238929	0.970574380493809
7228.98979343893	0.970835950048235
7229.287090638931	0.971163736656548
7229.58438783893	0.971566216609825
7229.88168503893	0.9720518362041231
7230.17898223894	0.972629041735497
7230.47627943894	0.973306279500003
7230.773576638941	0.974087651880323
7231.070873838939	0.974945301749078
7231.36817103894	0.975833288295469
7231.66546823894	0.976704415617886
7231.96276543894	0.977511487814718
7232.26006263894	0.978207308984356
7232.557359838949	0.978744691018993
7232.85465703895	0.979092097961293
7233.151954238951	0.979271083855505
7233.44925143895	0.979321282778117
7233.74654863895	0.979283262540964
7234.04384583895	0.979197590955883
7234.341143038951	0.979104835834712
7234.638440238949	0.979045109322103
7234.93573743896	0.979035868960324
7235.23303463896	0.979066350550777
7235.53033183896	0.9791276085528841
7235.82762903896	0.979210851185906
7236.12492623896	0.9793072866691021
7236.42222343896	0.979408123221734
7236.719520638961	0.979506558973715
7237.01681783897	0.979618300633635
7237.31411503897	0.97975092133977
7237.61141223897	0.979900970830766
7237.90870943897	0.980064956503567
7238.20600663897	0.980239385755119
7238.503303838969	0.980420765982366
7238.80060103897	0.980600391489253
7239.097898238971	0.980751034812796
7239.395195438979	0.98086472261544
7239.69249263898	0.98093889911209
7239.98978983898	0.980971008517651
7240.28708703898	0.980958495047032
7240.58438423898	0.980898828344986
7240.88168143898	0.980796687908573
7241.17897863898	0.980666311841819
7241.47627583898	0.980513056107554
7241.77357303899	0.980341396221462
7242.07087023899	0.9801558076992259
7242.36816743899	0.979960766056528
7242.66546463899	0.979760822164829
7242.96276183899	0.979562943800898
7243.26005903899	0.979379161946319
7243.55735623899	0.979223415403398
7243.85465343899	0.979109679350632
7244.151950639	0.979051928966522
7244.449247839	0.979064139429568
7244.746545039	0.979158072710601
7245.043842239	0.979325552528761
7245.341139439	0.979552994862499
7245.638436639	0.979828765278581
7245.935733839	0.980141230556812
7246.233031039	0.980478757477001
7246.53032823901	0.980829712818957
7246.827625439009	0.981188709565487
7247.12492263901	0.981567657423503
7247.422219839011	0.981965719575308
7247.71951703901	0.982379302908108
7248.01681423901	0.982804814309111
7248.31411143901	0.983238660665522
7248.61140863901	0.983677182001528
7248.908705839021	0.984110494761595
7249.206003039019	0.984533265519445
7249.50330023902	0.984958131948326
7249.80059743902	0.985398764354054
7250.09789463902	0.985868833042442
7250.39519183902	0.986382008319307
7250.69248903902	0.9869514560141039
7250.98978623902	0.987579172575768
7251.287083439031	0.988244236044773
7251.58438063903	0.988917610255067
7251.88167783903	0.989570178907655
7252.17897503903	0.990172825703539
7252.476272239031	0.990696434343722
7252.773569439029	0.991120503783317
7253.07086663903	0.991482228789489
7253.368163839031	0.991831879802918
7253.66546103904	0.99221651379418
7253.96275823904	0.992683187733854
7254.26005543904	0.993278958592517
7254.55735263904	0.994050857496839
7254.854649839041	0.994994598366976
7255.151947039039	0.995990869434939
7255.44924423904	0.996972071506227
7255.74654143904	0.997879406532572
7256.04383863905	0.998654076465704
7256.34113583905	0.9992372832573539
7256.638433039049	0.999590102898392
7256.93573023905	1.00054637234755
7257.233027439051	1.00127291306883
7257.530324639049	1.00213706869746
7257.82762183905	1.00273468819934
7258.124919039061	1.00454278480929
7258.42221623906	1.00432080964209
7258.71951343906	1.00220761676452
7259.01681063906	1.00298705085336
7259.31410783906	1.00344912706424
7259.61140503906	1.0063938920534
7259.90870223906	1.00809399433827
7260.20599943906	1.00818306531775
7260.50329663907	1.00908052606865
7260.80059383907	1.00952980955101
7261.09789103907	1.00922657114125
7261.39518823907	1.01018692323208
7261.69248543907	1.01130339796536
7261.98978263907	1.00951437537908
7262.28707983907	1.01054404443728
7262.584377039069	1.01243551223502
7262.88167423908	1.01366578869894
7263.17897143908	1.01775838454125
7263.47626863908	1.01847813071163
7263.77356583908	1.01768363912916
7264.07086303908	1.01640288815306
7264.36816023908	1.01512780750264
7264.66545743908	1.01487509995343
7264.96275463908	1.01660540250502
7265.26005183909	1.01766297992543
7265.557349039091	1.01655891582875
7265.85464623909	1.01640969452023
7266.15194343909	1.01820640027809
7266.44924063909	1.01921549250787
7266.74653783909	1.01911218601638
7267.04383503909	1.02059733924074
7267.34113223909	1.02266986703013
7267.6384294391	1.02188983573742
7267.9357266391	1.01979269691916
7268.2330238391	1.01885160805174
7268.5303210391	1.01889439753365
7268.8276182391	1.0196534606262
7269.1249154391	1.02086119259069
7269.4222126391	1.02224998868846
7269.7195098391	1.02355449351821
7270.01680703911	1.0245665270462
7270.31410423911	1.02528732946713
7270.611401439111	1.02579086225183
7270.908698639109	1.02615121368516
7271.20599583911	1.02644247205196
7271.503293039111	1.0267387256371
7271.80059023911	1.02710980458004
7272.09788743911	1.02759012799729
7272.39518463912	1.02816654730116
7272.69248183912	1.02881970600829
7272.989779039121	1.02953024763535
7273.287076239119	1.03027881569899
7273.58437343912	1.0310460331549
7273.88167063912	1.03181108605768
7274.17896783912	1.03255069916182
7274.47626503912	1.03324126062064
7274.773562239129	1.03385915335255
7275.07085943913	1.03438076027594
7275.368156639131	1.03478246430922
7275.665453839129	1.03504240776955
7275.96275103913	1.03516296685496
7276.26004823913	1.03516954534273
7276.557345439131	1.03509067682114
7276.854642639129	1.03495490519469
7277.15193983914	1.03479077436793
7277.44923703914	1.03462682824538
7277.74653423914	1.03448549908648
7278.04383143914	1.03436256707548
7278.34112863914	1.03425035250992
7278.63842583914	1.03414197030787
7278.935723039141	1.03403053538741
7279.23302023915	1.0339091626666
7279.53031743915	1.03377107178003
7279.82761463915	1.03361979836507
7280.12491183915	1.03346805440325
7280.42220903915	1.03331876646835
7280.719506239149	1.03317422427698
7281.01680343915	1.03303671754573
7281.314100639151	1.03290853599122
7281.61139783916	1.03279051995725
7281.90869503916	1.03266274079302
7282.205992239161	1.03250442799032
7282.50328943916	1.03230275514731
7282.80058663916	1.03204495113651
7283.09788383916	1.0317182448304
7283.39518103916	1.03130986510151
7283.69247823916	1.0308155236895
7283.98977543917	1.03027053682179
7284.28707263917	1.02970785670456
7284.58436983917	1.02915713063074
7284.88166703917	1.02864800589326
7285.17896423917	1.02821012978505
7285.47626143917	1.02787297971675
7285.77355863917	1.02763868691027
7286.07085583917	1.02745817581119
7286.36815303918	1.0272833295884
7286.66545023918	1.02706656165334
7286.96274743918	1.02676028541744
7287.26004463918	1.02631691429214
7287.55734183918	1.02569132606502
7287.85463903918	1.02488630451293
7288.151936239179	1.02395391932521
7288.44923343918	1.02295150999432
7288.74653063919	1.02193645460607
7289.043827839189	1.02096613124624
7289.34112503919	1.02009791800064
7289.638422239191	1.01938188136804
7289.93571943919	1.0188152827455
7290.23301663919	1.01835069445017
7290.53031383919	1.01793461758524
7290.82761103919	1.0175135532539
7291.124908239201	1.01703400255935
7291.422205439199	1.01644250852764
7291.7195026392	1.01569827150671
7292.0167998392	1.01481345805408
7292.3140970392	1.01383880290904
7292.6113942392	1.01282768565669
7292.9086914392	1.01183348588218
7293.2059886392	1.01090958317063
7293.503285839211	1.0101086464439
7293.800583039209	1.00946323780388
7294.09788023921	1.00895170284515
7294.39517743921	1.00852851939973
7294.692474639211	1.00814782003434
7294.989771839209	1.00776373731566
7295.28706903921	1.0073304038104
7295.584366239211	1.00680429772312
7295.88166343922	1.0061674550404
7296.17896063922	1.00544489719697
7296.47625783922	1.00467063572324
7296.77355503922	1.00387868214961
7297.070852239221	1.00310304800649
7297.368149439219	1.00237773917738
7297.66544663922	1.00173292049122
7297.96274383922	1.00117114680194
7298.26004103923	1.00066439928655
7298.55733823923	1.00018202660079
7298.854635439229	0.99969337740044
7299.15193263923	0.99916780034125
7299.449229839231	0.9985750248412389
7299.746527039229	0.997898052970365
7300.04382423923	0.997159236334296
7300.341121439241	0.996400199069307
7300.63841863924	0.9956629472462289
7300.93571583924	0.994989486935891
7301.23301303924	0.99442182420912
7301.53031023924	0.993997723877276
7301.82760743924	0.993715677645321
7302.12490463924	0.993536567563407
7302.42220183924	0.993415265204844
7302.71949903925	0.993306641648554
7303.01679623925	0.993165567973462
7303.31409343925	0.992946922793057
7303.61139063925	0.992620737037142
7303.90868783925	0.99220682176387
7304.20598503925	0.991739440996343
7304.50328223925	0.991253436460059
7304.800579439249	0.990783649880512
7305.09787663926	0.9903649229832
7305.39517383926	0.990031347260555
7305.69247103926	0.989789157156386
7305.98976823926	0.989617261305454
7306.28706543926	0.989499445424758
7306.58436263926	0.989419693053242
7306.88165983926	0.989361987729845
7307.17895703926	0.989310312993512
7307.47625423927	0.989252513248533
7307.773551439271	0.989207292253543
7308.07084863927	0.989182092476666
7308.36814583927	0.989174163933662
7308.66544303927	0.989180750541146
7308.96274023927	0.989199096215735
7309.26003743927	0.989226444345826
7309.55733463927	0.98925123987743
7309.85463183928	0.989246634778462
7310.15192903928	0.98921242766397
7310.44922623928	0.989152586555976
7310.74652343928	0.989071079476498
7311.04382063928	0.988971874447557
7311.34111783928	0.988859236268758
7311.63841503928	0.988751358596746
7311.93571223928	0.988669165723524
7312.23300943929	0.988618472221368
7312.53030663929	0.98860450752866
7312.827603839291	0.988632501083781
7313.124901039289	0.988707682325113
7313.42219823929	0.988832438688693
7313.719495439291	0.988980151611508
7314.01679263929	0.989121355598485
7314.31408983929	0.989232691891579
7314.6113870393	0.9892908129688009
7314.9086842393	0.989272371308158
7315.205981439301	0.989154019387658
7315.503278639299	0.988926418475816
7315.8005758393	0.9886323873938651
7316.0978730393	0.9883179635624419
7316.3951702393	0.988027573186945
7316.6924674393	0.987805642472775
7316.989764639309	0.987696597625332
7317.28706183931	0.987744381757106
7317.584359039311	0.9879593158541951
7317.881656239309	0.988297347222888
7318.17895343931	0.988709997455772
7318.47625063931	0.989148816940277
7318.77354783931	0.989565356063832
7319.070845039309	0.989911165213867
7319.36814223932	0.990140946057531
7319.66543943932	0.990252186111754
7319.96273663932	0.9902792489958691
7320.26003383932	0.9902602390840169
7320.55733103932	0.990233272314078
7320.85462823932	0.990236464623935
7321.151925439321	0.99030793195147
7321.44922263933	0.990475551292895
7321.74651983933	0.990716719239221
7322.04381703933	0.990987337633122
7322.34111423933	0.991242039878844
7322.63841143933	0.991435459380634
7322.935708639329	0.9915222295427401
7323.23300583933	0.991457298160992
7323.530303039331	0.991227866054075
7323.82760023934	0.990885224367939
7324.12489743934	0.990492427496486
7324.42219463934	0.990112815189756
7324.71949183934	0.989809727197787
7325.01678903934	0.98964650327062
7325.31408623934	0.989683042007895
7325.61138343934	0.989923207044404
7325.90868063934	0.990314586898375
7326.20597783935	0.990797366665068
7326.50327503935	0.991311690948505
7326.80057223935	0.991797704352707
7327.09786943935	0.992195551481696
7327.39516663935	0.992452642024662
7327.69246383935	0.992561106343452
7327.98976103935	0.992544121336832
7328.28705823935	0.9924283271948861
7328.58435543936	0.992240364107699
7328.88165263936	0.992006872265356
7329.17894983936	0.991754489672188
7329.47624703936	0.991509352877745
7329.77354423936	0.991291419560912
7330.07084143936	0.991113652505575
7330.36813863936	0.990988569052995
7330.66543583936	0.990928686544433
7330.962733039371	0.990946522321147
7331.260030239369	0.991053745943277
7331.55732743937	0.991245559537581
7331.854624639371	0.991500358432266
7332.15192183937	0.991794808595472
7332.44921903937	0.992105563574333
7332.74651623937	0.992409276915981
7333.04381343937	0.992682602167551
7333.341110639381	0.99290708600678
7333.638407839379	0.993092215717896
7333.93570503938	0.993251509244504
7334.23300223938	0.993396897546406
7334.53029943938	0.9935403115834071
7334.82759663938	0.993693682315311
7335.12489383938	0.993868883478685
7335.42219103938	0.994061613713203
7335.719488239391	0.994249617652885
7336.016785439389	0.994435812640068
7336.31408263939	0.994625498310717
7336.61137983939	0.9948239743007961
7336.90867703939	0.995036540246268
7337.205974239389	0.995269618867537
7337.50327143939	0.995550847859747
7337.80056863939	0.995877096018842
7338.0978658394	0.996210738687903
7338.3951630394	0.996513617987356
7338.6924602394	0.996747576037625
7338.9897574394	0.996874454959135
7339.287054639401	0.996855088962453
7339.584351839399	0.996661027056742
7339.8816490394	0.996332230503838
7340.1789462394	0.995926541518329
7340.47624343941	0.995501802314803
7340.77354063941	0.9951158551078469
7341.070837839409	0.994826533177919
7341.36813503941	0.994685658162503
7341.665432239411	0.9947061146338601
7341.962729439409	0.994860101579954
7342.26002663941	0.9951163516820269
7342.55732383942	0.99544359762132
7342.85462103942	0.995810572079077
7343.15191823942	0.996186075455344
7343.44921543942	0.996541087182676
7343.74651263942	0.996851216700685
7344.04380983942	0.997093843125232
7344.34110703942	0.997246379417535
7344.63840423942	0.997286238538813
7344.93570143943	0.997190833450282
7345.23299863943	0.996941045581343
7345.53029583943	0.99655139922894
7345.82759303943	0.996074164416938
7346.12489023943	0.995568530161732
7346.42218743943	0.995093686053835
7346.71948463943	0.994708821683757
7347.016781839429	0.994473119041017
7347.31407903944	0.994430351288404
7347.61137623944	0.994564264203148
7347.90867343944	0.994826232061388
7348.20597063944	0.995165152261527
7348.50326783944	0.995529922201972
7348.80056503944	0.995869439281125
7349.09786223944	0.9961332674239179
7349.395159439439	0.9962966718751241
7349.69245663945	0.996373894843979
7349.989753839451	0.996386436808761
7350.28705103945	0.996355937507923
7350.58434823945	0.996304036679916
7350.88164543945	0.996252374063193
7351.17894263945	0.99621989468752
7351.47623983945	0.996201677344873
7351.77353703945	0.996188421452846
7352.07083423946	0.996173927452954
7352.368131439461	0.996151997695724
7352.66542863946	0.996116434531684
7352.96272583946	0.99606104067007
7353.26002303946	0.995985647360577
7353.55732023946	0.995905600362553
7353.85461743946	0.995828623165253
7354.15191463946	0.9957609039906899
7354.44921183947	0.995708631060879
7354.74650903947	0.995677992597835
7355.04380623947	0.99567498818642
7355.341103439469	0.995696397201135
7355.63840063947	0.995730430013969
7355.93569783947	0.995768832276447
7356.23299503947	0.995803510309898
7356.53029223947	0.99582637043565
7356.82758943948	0.995829318975034
7357.12488663948	0.995805422787857
7357.422183839481	0.995760012582812
7357.719481039479	0.995702107757392
7358.01677823948	0.995639178719911
7358.31407543948	0.995578692942043
7358.61137263948	0.995528117895468
7358.90866983948	0.99549492105186
7359.205967039489	0.995482867590391
7359.50326423949	0.995484112305473
7359.800561439491	0.995495143528662
7360.097858639489	0.995513621099684
7360.39515583949	0.995537204858264
7360.69245303949	0.99556355464413
7360.98975023949	0.995590434681729
7361.287047439489	0.995622467088956
7361.5843446395	0.995666587764734
7361.8816418395	0.995721239103205
7362.1789390395	0.995784445637764
7362.4762362395	0.995854231901807
7362.7735334395	0.99592862242873
7363.0708306395	0.996004531937225
7363.368127839501	0.996065859642273
7363.66542503951	0.9960978665485269
7363.96272223951	0.996090614412158
7364.26001943951	0.996034183646577
7364.55731663951	0.995918654665197
7364.85461383951	0.995734107881431
7365.151911039509	0.9954773070460869
7365.44920823951	0.995176563854919
7365.746505439511	0.994870430631462
7366.04380263952	0.994597659453111
7366.34109983952	0.994397002397262
7366.63839703952	0.994307211541308
7366.93569423952	0.994366816827122
7367.23299143952	0.994591273214947
7367.530288639519	0.994942760514147
7367.82758583952	0.995366162741435
7368.12488303952	0.995805682331995
7368.42218023953	0.996205521721014
7368.71947743953	0.996509883343675
7369.01677463953	0.9966655570949789
7369.31407183953	0.996661815408872
7369.61136903953	0.996533013105787
7369.90866623953	0.996320408001485
7370.20596343953	0.996065297115466
7370.50326063953	0.995808977467229
7370.80055783954	0.995592746076274
7371.09785503954	0.99545013151733
7371.39515223954	0.995375408471347
7371.69244943954	0.995355905980394
7371.98974663954	0.995380247643172
7372.28704383954	0.995437057058382
7372.58434103954	0.995514957824724
7372.88163823954	0.995602623029995
7373.17893543955	0.995696423270351
7373.47623263955	0.995797412593911
7373.77352983955	0.995893346068909
7374.070827039551	0.995970983510181
7374.36812423955	0.996017084732562
7374.66542143955	0.9960184095508871
7374.96271863955	0.995962303906096
7375.26001583955	0.995848340541488
7375.557313039561	0.995695614084712
7375.854610239559	0.995528747708321
7376.15190743956	0.995372417715449
7376.449204639561	0.995251300409232
7376.74650183956	0.995190072092807
7377.04379903956	0.9952079386423049
7377.34109623956	0.995292437548402
7377.63839343956	0.995425106868571
7377.935690639571	0.995588933829106
7378.232987839569	0.995766905656301
7378.53028503957	0.99594200957645
7378.82758223957	0.99609727651943
7379.12487943957	0.996228275357007
7379.422176639569	0.9963528818137281
7379.71947383957	0.996482014442111
7380.01677103957	0.996625716616374
7380.31406823958	0.996794031710736
7380.61136543958	0.996997003099413
7380.90866263958	0.997243749625453
7381.20595983958	0.997522185464134
7381.503257039581	0.997804374271437
7381.800554239579	0.998065243503384
7382.09785143958	0.998279778090573
7382.39514863958	0.998422962963599
7382.69244583959	0.998469783053059
7382.98974303959	0.998401221334408
7383.287040239589	0.998241066360821
7383.58433743959	0.998032705507691
7383.881634639591	0.997819911228366
7384.178931839589	0.9976464559761971
7384.47622903959	0.997556112204532
7384.7735262396	0.997592620447354
7385.0708234396	0.997779456322991
7385.3681206396	0.998083884048518
7385.665417839599	0.998461840970128
7385.9627150396	0.998869072612974
7386.2600122396	0.9992613245022089
7386.5573094396	0.999594342162988
7386.8546066396	0.999825119272261
7387.15190383961	0.999947126490553
7387.44920103961	0.999991076420602
7387.74649823961	0.999986621908233
7388.04379543961	0.999963346871125
7388.34109263961	0.999950835226956
7388.63838983961	0.999978670893402
7388.93568703961	1.00007084094205
7389.232984239609	1.00020997536092
7389.53028143962	1.00037717897659
7389.82757863962	1.00055942262073
7390.12487583962	1.00074367763318
7390.42217303962	1.00091691535376
7390.71947023962	1.00106611327361
7391.01676743962	1.00119044483513
7391.31406463962	1.0013089980861
7391.611361839619	1.00141458133311
7391.90865903963	1.00149641350628
7392.205956239631	1.00154371353575
7392.50325343963	1.00154570035165
7392.80055063963	1.00149130432227
7393.09784783963	1.00136092201189
7393.39514503963	1.00115841868302
7393.692442239631	1.0009163635904
7393.98973943963	1.00066813164425
7394.28703663964	1.00044709775477
7394.584333839641	1.00028663683219
7394.88163103964	1.000219998717
7395.17892823964	1.0002711835878
7395.47622543964	1.00042109929917
7395.77352263964	1.00063672575084
7396.07081983964	1.00088503466392
7396.36811703964	1.00113299775948
7396.66541423965	1.0013475868725
7396.96271143965	1.00149778163882
7397.26000863965	1.00157103261803
7397.55730583965	1.00158037046287
7397.85460303965	1.0015418104819
7398.15190023965	1.00147136798368
7398.44919743965	1.00138505827678
7398.74649463965	1.00129884040507
7399.04379183966	1.00122549828566
7399.34108903966	1.00116729356797
7399.638386239661	1.00112046094644
7399.935683439659	1.00108103635732
7400.23298063966	1.00104505573685
7400.530277839661	1.00100855502129
7400.82757503966	1.00096785394981
7401.12487223966	1.00092187878899
7401.422169439669	1.00086807771427
7401.71946663967	1.00080262847637
7402.016763839671	1.00072170654269
7402.314061039669	1.00062148738064
7402.61135823967	1.00049814645759
7402.90865543967	1.00034677635281
7403.20595263967	1.0001647320433
7403.503249839669	0.99996412066572
7403.80054703968	0.999759331458406
7404.09784423968	0.999564753659686
7404.39514143968	0.999394776507891
7404.69243863968	0.999263808812932
7404.98973583968	0.999186775628259
7405.28703303968	0.999161288537934
7405.584330239681	0.999165598043578
7405.88162743969	0.999177102153842
7406.17892463969	0.999173198877372
7406.47622183969	0.999131286222818
7406.77351903969	0.999028999167633
7407.07081623969	0.998850456865558
7407.368113439689	0.998605358876392
7407.66541063969	0.998313410003008
7407.962707839691	0.997994352072671
7408.2600050397	0.9976679269126491
7408.5573022397	0.997353876350209
7408.8545994397	0.9970705926526769
7409.1518966397	0.99682658581994
7409.4491938397	0.996618831249666
7409.746491039699	0.996442695394452
7410.0437882397	0.996293544706893
7410.3410854397	0.996166745639583
7410.63838263971	0.9960576726527089
7410.93567983971	0.995962439453503
7411.23297703971	0.995876401800485
7411.53027423971	0.995792518831209
7411.82757143971	0.995703612833247
7412.12486863971	0.995602506094172
7412.42216583971	0.995482020901555
7412.71946303971	0.995334979542971
7413.01676023972	0.99515420430599
7413.31405743972	0.994932517478185
7413.61135463972	0.994662741347129
7413.90865183972	0.994337698200395
7414.20594903972	0.993950210325554
7414.50324623972	0.993493100010179
