#%Name: Vesuvianite
#%formula: Ca10(Mg, Fe)2Al4(SiO4)5(Si2O7)2(OH,F)4
#%Mineral class: silicates
#%Xtal system: tetragonal
#%Edge: K
#%Sample prep: powder mixed with DI water, air dried on Cu TEM grid, then plunged in liquid ethane and cryo-transfered. sample mounted at 40 deg.
#%Beamline: ALS 10.3.2, HxV slits = 300x20 um
#%Det:  I0=N2, Fluorescence mode (Amptek C2)
#%Ref/notes: Chemplex standard, average of several qxas scans
#%Temp: -174 Celcius, pressure=1 10^-6 torr
#%Time&date: 5:38 PM 3/30/2023. Sirine C. Fakra
#%============================================================
7010.2296643	0.00103099923671855
7010.5296643	0.0011357720218989
7010.8296643	0.00100872357906684
7011.1296643	0.000727327396878877
7011.4296643	0.000369056963991515
7011.7296643	1.13857690612668e-05
7012.0296643	-0.000268212699255358
7012.3296643	-0.000393299628640675
7012.6296643	-0.000350744021972386
7012.9296643	-0.000226254237315637
7013.2296643	-0.000114124735900358
7013.5296643	-8.5888545202312e-05
7013.8296643	-0.000120917228907519
7014.1296643	-0.000175259642864208
7014.4296643	-0.000207632906524092
7014.7296643	-0.00020839009783725
7015.0296643	-0.000188591621469891
7015.3296643	-0.000159549539736304
7015.6296643	-0.00012582816743749
7015.9296643	-8.134197314828609e-05
7016.2296643	-1.9066636254498e-05
7016.5296643	6.43181093749831e-05
7016.8296643	0.000156951094543027
7017.1296643	0.000243082247459565
7017.4296643	0.000307342359648207
7017.7296643	0.000338945474872196
7018.0296643	0.000330138221967548
7018.3296643	0.000273354955527167
7018.6296643	0.000169712771792461
7018.9296643	3.41823686002619e-05
7019.2296643	-0.00011702641234538
7019.5296643	-0.000264240504848759
7019.8296643	-0.000373418496576091
7020.1296643	-0.000406793267806338
7020.4296643	-0.000332288843311528
7020.7296643	-0.000187346046550827
7021.0296643	-5.5902606148949e-05
7021.3296643	-2.18884212421993e-05
7021.6296643	-0.000111623757587957
7021.9296643	-0.000258505722595892
7022.2296643	-0.000387498402427324
7022.5296643	-0.000444236695504869
7022.8296643	-0.000461165732088856
7023.1296643	-0.000493515927207057
7023.4296643	-0.000591167468947843
7023.7296643	-0.000737659278219717
7024.0296643	-0.000871675946966084
7024.3296643	-0.000931813696444494
7024.6296643	-0.00090896526572249
7024.9296643	-0.000879300857605169
7025.2296643	-0.000926842497787072
7025.5296643	-0.00110552135303727
7025.8296643	-0.00134134791268989
7026.1296643	-0.00152634605413648
7026.4296643	-0.00155912528326109
7026.7296643	-0.00142119835825435
7027.0296643	-0.00115073816938223
7027.3296643	-0.000787408544851804
7027.6296643	-0.00039889778279733
7027.9296643	-9.90936966427472e-05
7028.2296643	-6.19951675790431e-06
7028.5296643	-0.000193184005664018
7028.8296643	-0.000538360904741367
7029.1296643	-0.00086769486742644
7029.4296643	-0.00102013999124349
7029.7296643	-0.00100066702405789
7030.0296643	-0.000928939103082786
7030.3296643	-0.000925815873568533
7030.6296643	-0.00103220050861578
7030.9296643	-0.00115573789542865
7031.2296643	-0.00119144603537935
7031.5296643	-0.00106546613064541
7031.8296643	-0.000839513411623907
7032.1296643	-0.000612209144152818
7032.4296643	-0.000473667822573356
7032.7296643	-0.000403605598479455
7033.0296643	-0.000304644409632345
7033.3296643	-7.90426943972251e-05
7033.6296643	0.000278763986085667
7033.9296643	0.0006190247424984441
7034.2296643	0.00077706035188949
7034.5296643	0.0006396891864134579
7034.8296643	0.000320806581536961
7035.1296643	-3.1225475467776e-06
7035.4296643	-0.00016620481447075
7035.7296643	-0.000141870750607294
7036.0296643	-1.89604248384601e-06
7036.3296643	0.000180191860240464
7036.6296643	0.000355444785815871
7036.9296643	0.000516785546187473
7037.2296643	0.000661218960726744
7037.5296643	0.000785915583288553
7037.8296643	0.000888785742737229
7038.1296643	0.000967946096424377
7038.4296643	0.00102037711766816
7038.7296643	0.00102785552183129
7039.0296643	0.000961310119035091
7039.3296643	0.000791972322549385
7039.6296643	0.000534625871981742
7039.9296643	0.000279064392459333
7040.2296643	0.000122498401877728
7040.5296643	0.000136130127782964
7040.8296643	0.000273645638500213
7041.1296643	0.000455555495837632
7041.4296643	0.000605203827639345
7041.7296643	0.000684469753469729
7042.0296643	0.000683023758971168
7042.3296643	0.000591489271887175
7042.6296643	0.00042890682572075
7042.9296643	0.000263799565257215
7043.2296643	0.000169652771042378
7043.5296643	0.000195889794278477
7043.8296643	0.000281875735752176
7044.1296643	0.000335527022316522
7044.4296643	0.000271097351856614
7044.7296643	9.0349828201977e-05
7045.0296643	-0.000141160053960702
7045.3296643	-0.000356614340931441
7045.6296643	-0.000505256974214133
7045.9296643	-0.000564609696816125
7046.2296643	-0.000515070023420415
7046.5296643	-0.000350754340190015
7046.8296643	-0.000129300458126566
7047.1296643	7.32818992615726e-05
7047.4296643	0.000185101732693817
7047.7296643	0.000192042632606201
7048.0296643	0.000122558109841162
7048.3296643	6.10242328541756e-06
7048.6296643	-0.000126942510362862
7048.9296643	-0.000244543514325361
7049.2296643	-0.000314497122415331
7049.5296643	-0.000314801657203888
7049.8296643	-0.000271272967455049
7050.1296643	-0.000223724891019078
7050.4296643	-0.000209613802266222
7050.7296643	-0.000232792199852746
7051.0296643	-0.000272085671917047
7051.3296643	-0.00030588669342875
7051.6296643	-0.000327872217716498
7051.9296643	-0.000359227755695704
7052.2296643	-0.000424015451362104
7052.5296643	-0.000538899857653828
7052.8296643	-0.000685444623339042
7053.1296643	-0.000834813247981901
7053.4296643	-0.000957631095194934
7053.7296643	-0.00101675967144514
7054.0296643	-0.000969216083933608
7054.3296643	-0.000772434139726669
7054.6296643	-0.000437952225191453
7054.9296643	-7.57650667089167e-05
7055.2296643	0.000193693186800795
7055.5296643	0.000277630110919025
7055.8296643	0.000216026402298591
7056.1296643	8.86793016451292e-05
7056.4296643	-2.88753087054605e-05
7056.7296643	-0.000123867746355953
7057.0296643	-0.000231284882417406
7057.3296643	-0.000386892970862501
7057.6296643	-0.000584623456042191
7057.9296643	-0.000741432577438145
7058.2296643	-0.000766001312311287
7058.5296643	-0.0005912122493159329
7058.8296643	-0.000267631385099833
7059.1296643	0.000118456348498723
7059.4296643	0.000482842263166943
7059.7296643	0.000772459233770608
7060.0296643	0.000958189223683271
7060.3296643	0.00101186658387634
7060.6296643	0.000940482154449767
7060.9296643	0.000816433905804106
7061.2296643	0.000719248777153107
7061.5296643	0.000710866866703142
7061.8296643	0.000766654738752052
7062.1296643	0.000835384742361148
7062.4296643	0.000867856914592647
7062.7296643	0.000845766817593457
7063.0296643	0.000774824790735682
7063.3296643	0.000661476255006296
7063.6296643	0.000523393337707904
7063.9296643	0.000399367958807756
7064.2296643	0.000330525737181842
7064.5296643	0.000345707771146836
7064.8296643	0.00041253543612035
7065.1296643	0.000479597013286584
7065.4296643	0.000499295600923889
7065.7296643	0.000482995172048575
7066.0296643	0.000488381134987492
7066.3296643	0.000573971869472546
7066.6296643	0.000751787565924573
7066.9296643	0.00094539912202055
7067.2296643	0.00106846964989752
7067.5296643	0.00105245465544207
7067.8296643	0.000918574098319789
7068.1296643	0.00071629198291623
7068.4296643	0.0004940110887975691
7068.7296643	0.000283326082461804
7069.0296643	0.000102485192065674
7069.3296643	-3.06558525227919e-05
7069.6296643	-0.000101139236143973
7069.9296643	-9.95812637764464e-05
7070.2296643	-1.72311902450396e-05
7070.5296643	0.000146586002772928
7070.8296643	0.000351297742366621
7071.1296643	0.000543196689169913
7071.4296643	0.000671428520614343
7071.7296643	0.000730717873984048
7072.0296643	0.0007523690856175151
7072.3296643	0.000768613149173445
7072.6296643	0.000798939611718625
7072.9296643	0.000838055277210713
7073.2296643	0.000877814405816937
7073.5296643	0.0009089764017139389
7073.8296643	0.000916639285954618
7074.1296643	0.000884076614099837
7074.4296643	0.000796431125303862
7074.7296643	0.000669159182495389
7075.0296643	0.000542305893320616
7075.3296643	0.000456395340645525
7075.6296643	0.000422761765238669
7075.9296643	0.000395326979343567
7076.2296643	0.000321314663609331
7076.5296643	0.000164175705813436
7076.8296643	-2.76879832921567e-05
7077.1296643	-0.000178168896764952
7077.4296643	-0.00021652292058419
7077.7296643	-0.000160655026680647
7078.0296643	-0.000101147148762287
7078.3296643	-0.000130316866154053
7078.6296643	-0.000286456831755394
7078.9296643	-0.000500405455098814
7079.2296643	-0.000690294789159313
7079.5296643	-0.000791677309861469
7079.8296643	-0.000832435959196448
7080.1296643	-0.000870926836732884
7080.4296643	-0.000962605781418814
7080.7296643	-0.0011140036590731
7081.0296643	-0.00129111253913018
7081.3296643	-0.00145866370491754
7081.6296643	-0.00157624088842973
7081.9296643	-0.00159307427638586
7082.2296643	-0.00145715322641327
7082.5296643	-0.0011411672950118
7082.8296643	-0.000750349897689129
7083.1296643	-0.000434203653083591
7083.4296643	-0.000333640981031052
7083.7296643	-0.000442635325352957
7084.0296643	-0.000632105916598887
7084.3296643	-0.000769588047178389
7084.6296643	-0.000782050914409998
7084.9296643	-0.000717354600598462
7085.2296643	-0.000638042618568899
7085.5296643	-0.00059602498679033
7085.8296643	-0.000585440601293958
7086.1296643	-0.000580902502860557
7086.4296643	-0.000558550910011003
7086.7296643	-0.000521264819286603
7087.0296643	-0.0004945547760787389
7087.3296643	-0.000504549326994573
7087.6296643	-0.000562967148620135
7087.9296643	-0.000651885824582825
7088.2296643	-0.000749734426106833
7088.5296643	-0.000837847220117618
7088.8296643	-0.000913539246660375
7089.1296643	-0.0009795912996572701
7089.4296643	-0.00103812975746878
7089.7296643	-0.00107965754773479
7090.0296643	-0.00108473447602902
7090.3296643	-0.00103371783267356
7090.6296643	-0.000925519396367638
7090.9296643	-0.000797649412819051
7091.2296643	-0.000692432789233197
7091.5296643	-0.000639599279853907
7091.8296643	-0.000598729672254742
7092.1296643	-0.000505126463616696
7092.4296643	-0.000299618817885724
7092.7296643	-2.25954915753497e-05
7093.0296643	0.000199479159410629
7093.3296643	0.000237948577762343
7093.6296643	6.999887375222741e-05
7093.9296643	-0.000104508106349821
7094.2296643	-5.75642981327027e-05
7094.5296643	0.00035460298725049
7094.8296643	0.000800746867182628
7095.1296643	0.000801103691754819
7095.4296643	0.000200837522748789
7095.7296643	0.000225579006320088
7096.0296643	0.000844540388116451
7096.3296643	-0.00033773062210276
7096.6296643	0.000393170231339052
7096.9296643	0.000462729805550565
7097.2296643	-0.000546481994700038
7097.5296643	0.00111281844795636
7097.8296643	0.00155655586631599
7098.1296643	0.00131092318412576
7098.4296643	0.000900210061264383
7098.7296643	0.000614963730566975
7099.0296643	2.49175887065915e-05
7099.3296643	0.000333986282797736
7099.6296643	0.000440343174760652
7099.9296643	0.000490840638004816
7100.2296643	0.00114323913204357
7100.5296643	0.000288678279794788
7100.8296643	0.0021553373503031
7101.1296643	0.00216973567782608
7101.4296643	0.00185347622607228
7101.7296643	0.00187846774889755
7102.0296643	0.00178899170843509
7102.3296643	0.000818397918603256
7102.6296643	0.0020861521591684
7102.9296643	0.00201043911990903
7103.2296643	0.00354318198474148
7103.5296643	0.00273016293914601
7103.8296643	0.00334794099515745
7104.1296643	0.002577746148233
7104.4296643	0.0031121398936177
7104.7296643	0.00221338332482048
7105.0296643	0.00334246512294692
7105.3296643	0.00447938813552131
7105.6296643	0.00515830450952047
7105.9296643	0.00453434242525467
7106.2296643	0.00414304000829613
7106.5296643	0.00437256883226922
7106.8296643	0.00459275797050908
7107.1296643	0.00587898781997042
7107.4296643	0.00672164853178825
7107.7296643	0.00657906470124101
7108.0296643	0.00851572780261636
7108.3296643	0.00778674855712073
7108.6296643	0.008819121715484031
7108.9296643	0.00966043164648756
7109.2296643	0.0120642659834549
7109.5296643	0.0134331379146766
7109.8296643	0.0144749608676752
7110.1296643	0.0173745206621249
7110.4296643	0.0197565491451403
7110.7296643	0.0228776717181649
7111.0296643	0.0263218258932108
7111.3296643	0.0291618919172967
7111.6296643	0.0338226060958373
7111.9296643	0.0409329382051891
7112.2296643	0.0444402164678542
7112.5296643	0.0472983524720578
7112.8296643	0.0479003409636899
7113.1296643	0.0478003668527895
7113.4296643	0.0473147891056055
7113.7296643	0.04603570599531
7114.0296643	0.043056585987346
7114.3296643	0.0446429981128607
7114.6296643	0.0433600377227758
7114.9296643	0.0425696069172142
7115.2296643	0.0462641014568125
7115.5296643	0.0501867004307703
7115.8296643	0.0589691617826287
7116.1296643	0.0643776359980732
7116.4296643	0.0741831078243689
7116.7296643	0.085134611582519
7117.0296643	0.0954402647226294
7117.3296643	0.105272879891938
7117.6296643	0.112970756844424
7117.9296643	0.122845538667031
7118.2296643	0.13534017051746
7118.5296643	0.154735875246017
7118.8296643	0.172774293706463
7119.1296643	0.195768892633522
7119.4296643	0.220221115492238
7119.7296643	0.235382442448193
7120.0296643	0.259244535102539
7120.3296643	0.27827800799667
7120.6296643	0.298962352498625
7120.9296643	0.319553026578606
7121.2296643	0.339217717424156
7121.5296643	0.359431987911548
7121.8296643	0.387876510072371
7122.1296643	0.415072764337918
7122.4296643	0.452967099217563
7122.7296643	0.489009763898501
7123.0296643	0.527199376810243
7123.3296643	0.573936484380113
7123.6296643	0.617698321794086
7123.9296643	0.667531664598492
7124.2296643	0.713092992363901
7124.5296643	0.75515929727765
7124.8296643	0.809216217384072
7125.1296643	0.8585061994847329
7125.4296643	0.921813129025204
7125.7296643	0.984384121191036
7126.0296643	1.05072650632878
7126.3296643	1.12345748447142
7126.6296643	1.17207493922059
7126.9296643	1.2428030550032
7127.2296643	1.28277149393641
7127.5296643	1.34621485910822
7127.8296643	1.41374452984946
7128.1296643	1.46905713095192
7128.4296643	1.51094838925385
7128.7296643	1.53727037615442
7129.0296643	1.52354897557951
7129.3296643	1.49856395807692
7129.6296643	1.50649564505375
7129.9296643	1.47892444024984
7130.2296643	1.46234491599896
7130.5296643	1.4282647766659
7130.8296643	1.3946541045301
7131.1296643	1.37161960009633
7131.4296643	1.37284013582004
7131.7296643	1.36812546355594
7132.0296643	1.35431133988366
7132.3296643	1.34911579842783
7132.6296643	1.33193335117781
7132.9296643	1.3347760668948
7133.2296643	1.33269427230532
7133.5296643	1.35215379094523
7133.8296643	1.36057372528523
7134.1296643	1.36603276737935
7134.4296643	1.36150443236918
7134.7296643	1.35971109818538
7135.0296643	1.35417465706842
7135.3296643	1.32689407470456
7135.6296643	1.33891724005224
7135.9296643	1.32666931001786
7136.2296643	1.31124908788428
7136.5296643	1.29608230947165
7136.8296643	1.28627422921036
7137.1296643	1.28184511277193
7137.4296643	1.26429119584326
7137.7296643	1.27706284966448
7138.0296643	1.26263133215574
7138.3296643	1.27600132914767
7138.6296643	1.25921200965643
7138.9296643	1.25302527077271
7139.2296643	1.25956476055221
7139.5296643	1.2546869849953
7139.8296643	1.24975924061399
7140.1296643	1.24581483594613
7140.4296643	1.2407618610156
7140.7296643	1.23378790072568
7141.0296643	1.22522675142011
7141.3296643	1.21545101213759
7141.6296643	1.20489489394994
7141.9296643	1.19412296310232
7142.2296643	1.18371637204067
7142.5296643	1.17419207346667
7142.8296643	1.1657042330971
7143.1296643	1.15827971459267
7143.4296643	1.15191785611988
7143.7296643	1.1461195890976
7144.0296643	1.13995111087397
7144.3296643	1.1324677532622
7144.6296643	1.12335014256747
7144.9296643	1.11360186698642
7145.2296643	1.10439484644344
7145.5296643	1.09665048984825
7145.8296643	1.08987459088067
7146.1296643	1.08307620343421
7146.4296643	1.07531861672874
7146.7296643	1.06666191560517
7147.0296643	1.05803563745534
7147.3296643	1.05039438628053
7147.6296643	1.04400402818209
7147.9296643	1.0376732374795
7148.2296643	1.03002527755039
7148.5296643	1.01994605908222
7148.8296643	1.00780568910551
7149.1296643	0.994495079569218
7149.4296643	0.980897675756826
7149.7296643	0.967750765177436
7150.0296643	0.955664149577694
7150.3296643	0.945241206323876
7150.6296643	0.936723334235862
7150.9296643	0.929586078877763
7151.2296643	0.9232075397703779
7151.5296643	0.9169848464667411
7151.8296643	0.910422665521795
7152.1296643	0.903063398255006
7152.4296643	0.894492326856591
7152.7296643	0.88507435024297
7153.0296643	0.875854386119892
7153.3296643	0.867896936640527
7153.6296643	0.861724336132461
7153.9296643	0.856711831620556
7154.2296643	0.85208871642621
7154.5296643	0.847246485156421
7154.8296643	0.842493217305872
7155.1296643	0.838458622266776
7155.4296643	0.835733622775185
7155.7296643	0.834196941677955
7156.0296643	0.833106087204346
7156.3296643	0.831700256504069
7156.6296643	0.829643164612364
7156.9296643	0.827496696934082
7157.2296643	0.82593702075261
7157.5296643	0.825433497221449
7157.8296643	0.825286844639963
7158.1296643	0.824387704197914
7158.4296643	0.821702806417883
7158.7296643	0.817591674355587
7159.0296643	0.813628690959372
7159.3296643	0.811423629566758
7159.6296643	0.81168547910727
7159.9296643	0.813217401000457
7160.2296643	0.814580061972894
7160.5296643	0.814688053963555
7160.8296643	0.814455968479264
7161.1296643	0.81550019744359
7161.4296643	0.819330639945734
7161.7296643	0.825505352408592
7162.0296643	0.83187990124615
7162.3296643	0.836259925370641
7162.6296643	0.837657524974345
7162.9296643	0.837637361191981
7163.2296643	0.838088879263245
7163.5296643	0.840578255203969
7163.8296643	0.8448448996981111
7164.1296643	0.849987210955483
7164.4296643	0.855140703903765
7164.7296643	0.8601290054212229
7165.0296643	0.865375946358071
7165.3296643	0.87132432412822
7165.6296643	0.878221474670437
7165.9296643	0.885901187848299
7166.2296643	0.894144634530209
7166.5296643	0.902694575480832
7166.8296643	0.9110767194205029
7167.1296643	0.918740611445503
7167.4296643	0.925183927966724
7167.7296643	0.930781759055831
7168.0296643	0.936674516711872
7168.3296643	0.944023422810997
7168.6296643	0.953172150085123
7168.9296643	0.962734648108962
7169.2296643	0.971104779023376
7169.5296643	0.977024929503953
7169.8296643	0.981206967050381
7170.1296643	0.985053850543379
7170.4296643	0.989921050117432
7170.7296643	0.996286181920088
7171.0296643	1.00386115609804
7171.3296643	1.01233126108249
7171.6296643	1.02122268867073
7171.9296643	1.02972502321106
7172.2296643	1.03698501961435
7172.5296643	1.04231443476929
7172.8296643	1.04595743691261
7173.1296643	1.04848537768813
7173.4296643	1.05046177664344
7173.7296643	1.05230116593446
7174.0296643	1.05428812382777
7174.3296643	1.0567020253534
7174.6296643	1.05967986809374
7174.9296643	1.06305741566873
7175.2296643	1.06663210313138
7175.5296643	1.07016827243444
7175.8296643	1.07324325939513
7176.1296643	1.07536877932452
7176.4296643	1.07610195645071
7176.7296643	1.07582757746351
7177.0296643	1.07565235561799
7177.3296643	1.0767022741682
7177.6296643	1.07927150812233
7177.9296643	1.08189434074907
7178.2296643	1.08288112927715
7178.5296643	1.08097995433233
7178.8296643	1.07741243211982
7179.1296643	1.07426814318293
7179.4296643	1.07351957792777
7179.7296643	1.0749912517929
7180.0296643	1.0766341142855
7180.3296643	1.07634397978909
7180.6296643	1.07331225214225
7180.9296643	1.06947146836093
7181.2296643	1.06710294322034
7181.5296643	1.06794917298002
7181.8296643	1.07070783888944
7182.1296643	1.07300819574526
7182.4296643	1.07260758594561
7182.7296643	1.06961541822263
7183.0296643	1.06619268543699
7183.3296643	1.06456209282806
7183.6296643	1.06575309033087
7183.9296643	1.06827050737589
7184.2296643	1.0702979443887
7184.5296643	1.07031793798347
7184.8296643	1.06850228631142
7185.1296643	1.06561554987753
7185.4296643	1.06242328011307
7185.7296643	1.05969736504121
7186.0296643	1.05821521976198
7186.3296643	1.0587496735379
7186.6296643	1.06127000547425
7186.9296643	1.06404538976479
7187.2296643	1.06512868175143
7187.5296643	1.06309483698975
7187.8296643	1.05946915242346
7188.1296643	1.05681220062847
7188.4296643	1.05753790640107
7188.7296643	1.06137101763209
7189.0296643	1.06569065420891
7189.3296643	1.06780617161838
7189.6296643	1.06652474624132
7189.9296643	1.06382255720912
7190.2296643	1.06207900290866
7190.5296643	1.06314091720022
7190.8296643	1.065845659664
7191.1296643	1.06797456449936
7191.4296643	1.06744567504186
7191.7296643	1.06468575401144
7192.0296643	1.06230978849852
7192.3296643	1.0629959552946
7192.6296643	1.06770628202993
7192.9296643	1.07377186727327
7193.2296643	1.07806181551255
7193.5296643	1.07811414381824
7193.8296643	1.07524683415228
7194.1296643	1.07210425923226
7194.4296643	1.07121408253879
7194.7296643	1.07295387847876
7195.0296643	1.07582581150316
7195.3296643	1.07827230995901
7195.6296643	1.07926692083585
7195.9296643	1.078906901205
7196.2296643	1.07743248735812
7196.5296643	1.07515878277689
7196.8296643	1.07282395870568
7197.1296643	1.07131464098716
7197.4296643	1.07145321456173
7197.7296643	1.07289005623045
7198.0296643	1.07425326155045
7198.3296643	1.07414133950833
7198.6296643	1.07194342470099
7198.9296643	1.06872141162877
7199.2296643	1.06575003430532
7199.5296643	1.0640795040533
7199.8296643	1.06349127464528
7200.1296643	1.06332159246857
7200.4296643	1.0629233844007
7200.7296643	1.06196191982851
7201.0296643	1.06037490813159
7201.3296643	1.05811055157645
7201.6296643	1.05534558294184
7201.9296643	1.05274024663655
7202.2296643	1.05101630837907
7202.5296643	1.05068162772808
7202.8296643	1.0510352997561
7203.1296643	1.05095226373351
7203.4296643	1.04935786647241
7203.7296643	1.04610315876542
7204.0296643	1.0418466344468
7204.3296643	1.0372731682036
7204.6296643	1.03295044831476
7204.9296643	1.02919822683995
7205.2296643	1.02630470879843
7205.5296643	1.0244729886526
7205.8296643	1.02342520875654
7206.1296643	1.02271474523264
7206.4296643	1.02191317800281
7206.7296643	1.02092669636862
7207.0296643	1.01995335184783
7207.3296643	1.01919907259454
7207.6296643	1.01854800451072
7207.9296643	1.01720348523437
7208.2296643	1.01428222735993
7208.5296643	1.00915260524135
7208.8296643	1.00260511122048
7209.1296643	0.995929259245798
7209.4296643	0.9903754127389131
7209.7296643	0.986471613014691
7210.0296643	0.984115857690106
7210.3296643	0.983183937266821
7210.6296643	0.983351154910367
7210.9296643	0.983858672172583
7211.2296643	0.983890897072602
7211.5296643	0.982806279926126
7211.8296643	0.981025589493742
7212.1296643	0.979370333308077
7212.4296643	0.978625868450218
7212.7296643	0.978770221497565
7213.0296643	0.978996285380634
7213.3296643	0.978465615321063
7213.6296643	0.97675379978899
7213.9296643	0.974468791685186
7214.2296643	0.972376776734248
7214.5296643	0.97112058183758
7214.8296643	0.970461980915447
7215.1296643	0.969779538275145
7215.4296643	0.968470174012287
7215.7296643	0.966486271246062
7216.0296643	0.964395694259668
7216.3296643	0.962798064953914
7216.6296643	0.962079300480308
7216.9296643	0.962009834298722
7217.2296643	0.962249964543036
7217.5296643	0.962480007897587
7217.8296643	0.962548440946308
7218.1296643	0.9623878152048631
7218.4296643	0.961932067927359
7218.7296643	0.961142986069234
7219.0296643	0.960017532083937
7219.3296643	0.958554946406876
7219.6296643	0.956889547267896
7219.9296643	0.955606340358596
7220.2296643	0.955384212775134
7220.5296643	0.956819182702202
7220.8296643	0.959682981616365
7221.1296643	0.96327490033763
7221.4296643	0.966891752628703
7221.7296643	0.969985063220935
7222.0296643	0.9722293220845259
7222.3296643	0.973316357953196
7222.6296643	0.973105525718843
7222.9296643	0.972105144952732
7223.2296643	0.970980657105316
7223.5296643	0.970355998402718
7223.8296643	0.970361983586941
7224.1296643	0.970806166430948
7224.4296643	0.9714886220218339
7224.7296643	0.972077476600084
7225.0296643	0.9720235397599259
7225.3296643	0.970757347275633
7225.6296643	0.9679503907495129
7225.9296643	0.964358747744796
7226.2296643	0.961043522355597
7226.5296643	0.959001684136775
7226.8296643	0.958309792765673
7227.1296643	0.9583555387828721
7227.4296643	0.958511511803221
7227.7296643	0.958316097242935
7228.0296643	0.957620385789327
7228.3296643	0.95631013187106
7228.6296643	0.954353353121558
7228.9296643	0.952148758060153
7229.2296643	0.95023553006517
7229.5296643	0.94913314591619
7229.8296643	0.9490135366217149
7230.1296643	0.949752024120285
7230.4296643	0.95121361808392
7230.7296643	0.953115528535363
7231.0296643	0.954854915465739
7231.3296643	0.955787100052818
7231.6296643	0.955455848111874
7231.9296643	0.954555152835703
7232.2296643	0.95421290810786
7232.5296643	0.9555043310616
7232.8296643	0.958334282278264
7233.1296643	0.961469443732111
7233.4296643	0.963630724805235
7233.7296643	0.964011158764115
7234.0296643	0.9629809884521759
7234.3296643	0.961090890278902
7234.6296643	0.958873615245462
7234.9296643	0.956733887560704
7235.2296643	0.955020746816765
7235.5296643	0.954066985829792
7235.8296643	0.953758876838863
7236.1296643	0.953487924667462
7236.4296643	0.9526203061555309
7236.7296643	0.950896315788846
7237.0296643	0.949133731406356
7237.3296643	0.948343136898615
7237.6296643	0.949397124426022
7237.9296643	0.952009127520389
7238.2296643	0.955313034989469
7238.5296643	0.958441690163316
7238.8296643	0.96064669892385
7239.1296643	0.961329669907409
7239.4296643	0.959901910083935
7239.7296643	0.956265837346789
7240.0296643	0.951962462642637
7240.3296643	0.948874127508566
7240.6296643	0.948685737872665
7240.9296643	0.951118332328189
7241.2296643	0.954767357166218
7241.5296643	0.958226455265988
7241.8296643	0.960661503548103
7242.1296643	0.962063067065408
7242.4296643	0.962485841669101
7242.7296643	0.962096771020729
7243.0296643	0.961497625587892
7243.3296643	0.961395452453531
7243.6296643	0.962421875810774
7243.9296643	0.964312424289314
7244.2296643	0.966215199830608
7244.5296643	0.967276651003121
7244.8296643	0.967251928905973
7245.1296643	0.966898703386904
7245.4296643	0.967068170882509
7245.7296643	0.96838377234669
7246.0296643	0.970443779924701
7246.3296643	0.972558149577853
7246.6296643	0.974077177892643
7246.9296643	0.974930174184774
7247.2296643	0.975479802527264
7247.5296643	0.976099032364525
7247.8296643	0.977144432097599
7248.1296643	0.978941636336255
7248.4296643	0.981812850643679
7248.7296643	0.985849395634821
7249.0296643	0.989933788508414
7249.3296643	0.992554281120977
7249.6296643	0.992316973902022
7249.9296643	0.989902019957983
7250.2296643	0.987759649567844
7250.5296643	0.988388722571416
7250.8296643	0.992771880950055
7251.1296643	0.998608500614274
7251.4296643	1.00316874971692
7251.7296643	1.0042663996061
7252.0296643	1.00303326392748
7252.3296643	1.00185282262651
7252.6296643	1.00301697514971
7252.9296643	1.00676286638023
7253.2296643	1.0113293803431
7253.5296643	1.01487493431454
7253.8296643	1.01634753909444
7254.1296643	1.01666400453985
7254.4296643	1.01704290277836
7254.7296643	1.01851474446707
7255.0296643	1.02076686824566
7255.3296643	1.02290240676348
7255.6296643	1.02404317358469
7255.9296643	1.02389847645264
7256.2296643	1.02282859641794
7256.5296643	1.02122770315088
7256.8296643	1.01956553014053
7257.1296643	1.01852943962923
7257.4296643	1.01884573658684
7257.7296643	1.02101359918035
7258.0296643	1.02362429418822
7258.3296643	1.02431518962784
7258.6296643	1.02081391695305
7258.9296643	1.01440362479937
7259.2296643	1.01085824919676
7259.5296643	1.01623809896314
7259.8296643	1.03009206842385
7260.1296643	1.03024369811789
7260.4296643	1.00824927735845
7260.7296643	1.02751930280475
7261.0296643	1.02446222748482
7261.3296643	1.02886820568328
7261.6296643	1.01530250662366
7261.9296643	1.00583367225377
7262.2296643	1.02951935706447
7262.5296643	1.02757195791683
7262.8296643	1.02198582864295
7263.1296643	1.0310877588291
7263.4296643	1.04211924266505
7263.7296643	1.051880068067
7264.0296643	1.04647910775367
7264.3296643	1.02902467235117
7264.6296643	1.02523193294722
7264.9296643	1.02366463666361
7265.2296643	1.02382852717716
7265.5296643	1.03064604197552
7265.8296643	1.01959982764937
7266.1296643	1.01138149180318
7266.4296643	0.998692135764933
7266.7296643	1.01020429574802
7267.0296643	1.0186090192931
7267.3296643	1.0097745683904
7267.6296643	1.01333262933254
7267.9296643	1.01584491419523
7268.2296643	1.02018580323354
7268.5296643	1.01811905329051
7268.8296643	1.00346341954435
7269.1296643	0.999037439785065
7269.4296643	1.01281276739722
7269.7296643	1.02257262523071
7270.0296643	1.02228359915095
7270.3296643	1.02119624155154
7270.6296643	1.0198291713245
7270.9296643	1.01838881174343
7271.2296643	1.01708158608193
7271.5296643	1.0161139176136
7271.8296643	1.01567348785255
7272.1296643	1.01576788393722
7272.4296643	1.01630424184689
7272.7296643	1.01718860699542
7273.0296643	1.01832702479665
7273.3296643	1.01962554066442
7273.6296643	1.02099020001259
7273.9296643	1.02232704825499
7274.2296643	1.02354213080547
7274.5296643	1.02454149307788
7274.8296643	1.0252311853184
7275.1296643	1.02554738310059
7275.4296643	1.02552774800021
7275.7296643	1.02523128980205
7276.0296643	1.02471701829091
7276.3296643	1.02404394325155
7276.6296643	1.02327107446878
7276.9296643	1.02245742172737
7277.2296643	1.02166199481212
7277.5296643	1.0209438035078
7277.8296643	1.0203618575992
7278.1296643	1.01997409784131
7278.4296643	1.01979543836643
7278.7296643	1.0197840357409
7279.0296643	1.01989416510385
7279.3296643	1.02008010159439
7279.6296643	1.02029612035164
7279.9296643	1.02049649651474
7280.2296643	1.02063550522279
7280.5296643	1.02066742161493
7280.8296643	1.02054652083027
7281.1296643	1.02022707800793
7281.4296643	1.01966910727209
7281.7296643	1.01888588884831
7282.0296643	1.01791960125129
7282.3296643	1.01681270942963
7282.6296643	1.01560767833193
7282.9296643	1.0143469729068
7283.2296643	1.01307305810282
7283.5296643	1.0118283988686
7283.8296643	1.01065546015275
7284.1296643	1.00959670690385
7284.4296643	1.00869460074594
7284.7296643	1.00797853380944
7285.0296643	1.00743517948689
7285.3296643	1.00704249711262
7285.6296643	1.00677844602094
7285.9296643	1.00662098554616
7286.2296643	1.00654807502261
7286.5296643	1.0065376737846
7286.8296643	1.00656774116644
7287.1296643	1.00661623650246
7287.4296643	1.00666111912697
7287.7296643	1.00668055718023
7288.0296643	1.00666063133333
7288.3296643	1.0065975839796
7288.6296643	1.00648832500114
7288.9296643	1.00632976428004
7289.2296643	1.00611881169839
7289.5296643	1.00585237713829
7289.8296643	1.00552737048183
7290.1296643	1.00514070161111
7290.4296643	1.00468928040821
7290.7296643	1.00417001675525
7291.0296643	1.00358031683923
7291.3296643	1.00292203758042
7291.6296643	1.00219938431205
7291.9296643	1.001416583535
7292.2296643	1.00057786175014
7292.5296643	0.99968744545836
7292.8296643	0.99874956116053
7293.1296643	0.997768435357533
7293.4296643	0.996748294550249
7293.7296643	0.995693365239556
7294.0296643	0.994607874847676
7294.3296643	0.993498496425716
7294.6296643	0.992379659765911
7294.9296643	0.991267328912121
7295.2296643	0.990177467908208
7295.5296643	0.989126040798031
7295.8296643	0.988129011625452
7296.1296643	0.987202344434332
7296.4296643	0.986362003268531
7296.7296643	0.98562395217191
7297.0296643	0.985004155188331
7297.3296643	0.984518113296034
7297.6296643	0.984164780019214
7297.9296643	0.983922418531172
7298.2296643	0.9837679873715131
7298.5296643	0.983678445079842
7298.8296643	0.983630750195767
7299.1296643	0.983601861258892
7299.4296643	0.983568736808825
7299.7296643	0.98350833538517
7300.0296643	0.983397615527534
7300.3296643	0.983213535775523
7300.6296643	0.982935360313673
7300.9296643	0.9825623370652909
7301.2296643	0.98210396799269
7301.5296643	0.981569838749763
7301.8296643	0.980969534990405
7302.1296643	0.98031264236851
7302.4296643	0.979608746537972
7302.7296643	0.978867433152686
7303.0296643	0.978098287866546
7303.3296643	0.977310896333445
7303.6296643	0.976514844074771
7303.9296643	0.975719466584657
7304.2296643	0.974933329779791
7304.5296643	0.9741648519896819
7304.8296643	0.973422451543837
7305.1296643	0.9727145467717651
7305.4296643	0.972049556002972
7305.7296643	0.971435897566968
7306.0296643	0.97088198979326
7306.3296643	0.970396251011356
7306.6296643	0.969987099550763
7306.9296643	0.969662769157118
7307.2296643	0.969425264110884
7307.5296643	0.969269004846121
7307.8296643	0.969187953046144
7308.1296643	0.969176070394268
7308.4296643	0.969227318573806
7308.7296643	0.969335659268074
7309.0296643	0.9694950541603869
7309.3296643	0.969699464934058
7309.6296643	0.969942853272403
7309.9296643	0.970219180858736
7310.2296643	0.970521389164434
7310.5296643	0.970833870892741
7310.8296643	0.971136753451134
7311.1296643	0.9714101328709071
7311.4296643	0.971634105183355
7311.7296643	0.971788766419768
7312.0296643	0.971854212611442
7312.3296643	0.97181053978967
7312.6296643	0.971637843985744
7312.9296643	0.971316221230959
7313.2296643	0.970825780471046
7313.5296643	0.970164660245864
7313.8296643	0.96938486042294
7314.1296643	0.968548394956611
7314.4296643	0.967717277801215
7314.7296643	0.96695352291109
7315.0296643	0.966319144240574
7315.3296643	0.965876155744004
7315.6296643	0.965686571375718
7315.9296643	0.9658124050900549
7316.2296643	0.9663156708413509
7316.5296643	0.96725631576997
7316.8296643	0.968628317521156
7317.1296643	0.9703474550825441
7317.4296643	0.972324972600245
7317.7296643	0.9744721142203679
7318.0296643	0.976700124089021
7318.3296643	0.978920246352315
7318.6296643	0.981043725156358
7318.9296643	0.982981804647261
7319.2296643	0.984645728971131
7319.5296643	0.985946742274079
7319.8296643	0.986806965084448
7320.1296643	0.987236652723955
7320.4296643	0.98728881394753
7320.7296643	0.987016739525554
7321.0296643	0.986473720228409
7321.3296643	0.985713046826476
7321.6296643	0.9847880100901359
7321.9296643	0.98375190078977
7322.2296643	0.98265800969576
7322.5296643	0.981559627578487
7322.8296643	0.9805100338625971
7323.1296643	0.979550406914283
7323.4296643	0.9786868343499
7323.7296643	0.97791907938903
7324.0296643	0.977246905251255
7324.3296643	0.976670075156155
7324.6296643	0.97618835232331
7324.9296643	0.975801499972304
7325.2296643	0.975509281322715
7325.5296643	0.975311459594126
7325.8296643	0.975207798006117
7326.1296643	0.975197987843101
7326.4296643	0.975279545932226
7326.7296643	0.975447479309362
7327.0296643	0.975696655575663
7327.3296643	0.97602194233228
7327.6296643	0.976418207180364
7327.9296643	0.976880317721067
7328.2296643	0.977403141555542
7328.5296643	0.9779815462849401
7328.8296643	0.978610399510412
7329.1296643	0.979284568833111
7329.4296643	0.979998236432266
7329.7296643	0.980740211876359
7330.0296643	0.981496771144734
7330.3296643	0.982254175314181
7330.6296643	0.9829986854614871
7330.9296643	0.983716562663442
7331.2296643	0.984394067996835
7331.5296643	0.985017462538455
7331.8296643	0.98557300736509
7332.1296643	0.9860469635535301
7332.4296643	0.986425600115552
7332.7296643	0.986701823464728
7333.0296643	0.986887225282881
7333.3296643	0.986996661380522
7333.6296643	0.9870449875681619
7333.9296643	0.987047059656312
7334.2296643	0.987017733455482
7334.5296643	0.986971864776181
7334.8296643	0.986924309428922
7335.1296643	0.986889923224215
7335.4296643	0.986883561972569
7335.7296643	0.986919546262317
7336.0296643	0.98699685533093
7336.3296643	0.987097226239504
7336.6296643	0.987201479035126
7336.9296643	0.987290433764885
7337.2296643	0.987344910475871
7337.5296643	0.9873457292151721
7337.8296643	0.987273710029877
7338.1296643	0.987109672967073
7338.4296643	0.986834438073851
7338.7296643	0.986428825397298
7339.0296643	0.985877559130657
7339.3296643	0.985194972651663
7339.6296643	0.9844089716054299
7339.9296643	0.983547532386847
7340.2296643	0.982638631390805
7340.5296643	0.981710245012193
7340.8296643	0.9807903496459009
7341.1296643	0.97990692168682
7341.4296643	0.979087937529838
7341.7296643	0.978361373569846
7342.0296643	0.97775519644218
7342.3296643	0.977290829180878
7342.6296643	0.976971809158634
7342.9296643	0.976798645727618
7343.2296643	0.976771848240001
7343.5296643	0.9768919260479551
7343.8296643	0.97715938850365
7344.1296643	0.977574744959259
7344.4296643	0.978138504766951
7344.7296643	0.978851177278898
7345.0296643	0.979713271847271
7345.3296643	0.980724726235462
7345.6296643	0.981869923700751
7345.9296643	0.983116224521715
7346.2296643	0.984430122944137
7346.5296643	0.9857781132138
7346.8296643	0.987126689576489
7347.1296643	0.988442346277987
7347.4296643	0.989691577564077
7347.7296643	0.990840877680544
7348.0296643	0.99185674087317
7348.3296643	0.99270566138774
7348.6296643	0.993359404747026
7348.9296643	0.993828425855466
7349.2296643	0.994140415744362
7349.5296643	0.994323144531548
7349.8296643	0.9944043823348609
7350.1296643	0.994411899272133
7350.4296643	0.994373465461201
7350.7296643	0.994316851019898
7351.0296643	0.99426982606606
7351.3296643	0.994260160717522
7351.6296643	0.9943156082268
7351.9296643	0.994454689330274
7352.2296643	0.994671419970063
7352.5296643	0.9949557960501449
7352.8296643	0.995297813474501
7353.1296643	0.995687468147109
7353.4296643	0.996114755971949
7353.7296643	0.996569672853001
7354.0296643	0.997042214694243
7354.3296643	0.997522377399655
7354.6296643	0.998000156873217
7354.9296643	0.998465434498891
7355.2296643	0.9989051296057589
7355.5296643	0.999303004844703
7355.8296643	0.999642669372509
7356.1296643	0.999907732345962
7356.4296643	1.00008180292185
7356.7296643	1.00014849025695
7357.0296643	1.00009140350805
7357.3296643	0.999894151831935
7357.6296643	0.999540344385392
7357.9296643	0.999013590325206
7358.2296643	0.998302028347608
7358.5296643	0.997425978356956
7358.8296643	0.996419692401006
7359.1296643	0.995317478372501
7359.4296643	0.9941536441641839
7359.7296643	0.992962497668798
7360.0296643	0.9917783467790841
7360.3296643	0.9906354993877849
7360.6296643	0.989568263387644
7360.9296643	0.988610946671404
7361.2296643	0.987797834134034
7361.5296643	0.98715276837299
7361.8296643	0.986672675011447
7362.1296643	0.986350201433668
7362.4296643	0.986177995023916
7362.7296643	0.986148703166454
7363.0296643	0.986254973245546
7363.3296643	0.986489452645456
7363.6296643	0.986844788750446
7363.9296643	0.987313628944781
7364.2296643	0.987888620612723
7364.5296643	0.988562069428954
7364.8296643	0.989317871398851
7365.1296643	0.99013119524662
7365.4296643	0.990976804437148
7365.7296643	0.991829462435318
7366.0296643	0.9926639327060151
7366.3296643	0.993454978714124
7366.6296643	0.994177363924528
7366.9296643	0.994805851802114
7367.2296643	0.995315205811764
7367.5296643	0.995680189418365
7367.8296643	0.995880385443639
7368.1296643	0.995928528030517
7368.4296643	0.9958512966595801
7368.7296643	0.995675419231736
7369.0296643	0.9954276236478919
7369.3296643	0.9951346378089549
7369.6296643	0.994823189615833
7369.9296643	0.994520006969434
7370.2296643	0.994251817770664
7370.5296643	0.994045349920432
7370.8296643	0.993927300123632
7371.1296643	0.99391245506179
7371.4296643	0.993985782039455
7371.7296643	0.994127657160344
7372.0296643	0.994318456528172
7372.3296643	0.994538556246655
7372.6296643	0.994768332419509
7372.9296643	0.994988161150451
7373.2296643	0.995178418543195
7373.5296643	0.995319480701458
7373.8296643	0.995391723728956
7374.1296643	0.995376447945956
7374.4296643	0.995276618378929
7374.7296643	0.995117093725231
7375.0296643	0.994923702693293
7375.3296643	0.994722273991544
7375.6296643	0.994538636328415
7375.9296643	0.994398618412336
7376.2296643	0.994328048951739
7376.5296643	0.994352756655053
7376.8296643	0.994498570230708
7377.1296643	0.994791318387135
7377.4296643	0.995251817727614
7377.7296643	0.995867497580384
7378.0296643	0.996612142511174
7378.3296643	0.997459496434499
7378.6296643	0.998383303264876
7378.9296643	0.999357306916818
7379.2296643	1.00035525130484
7379.5296643	1.00135088034346
7379.8296643	1.0023179379472
7380.1296643	1.00323016803056
7380.4296643	1.0040613335856
7380.7296643	1.00479139490641
7381.0296643	1.00541538532885
7381.3296643	1.00593058590558
7381.6296643	1.00633427768922
7381.9296643	1.00662374173244
7382.2296643	1.00679625908786
7382.5296643	1.00684911080814
7382.8296643	1.00677957794592
7383.1296643	1.00658494155384
7383.4296643	1.00626248268455
7383.7296643	1.0058100277779
7384.0296643	1.00523759222578
7384.3296643	1.00456718637726
7384.6296643	1.00382132716649
7384.9296643	1.00302253152764
7385.2296643	1.00219331639487
7385.5296643	1.00135619870234
7385.8296643	1.00053369538422
7386.1296643	0.999748323374663
7386.4296643	0.999022599607836
7386.7296643	0.9983790410179
7387.0296643	0.9978371047825489
7387.3296643	0.997396506728027
7387.6296643	0.997049125453645
7387.9296643	0.996786819738114
7388.2296643	0.996601448360144
7388.5296643	0.996484870098445
7388.8296643	0.996428943731728
7389.1296643	0.9964255280387
7389.4296643	0.996466481798074
7389.7296643	0.996543663788559
7390.0296643	0.996648947239033
7390.3296643	0.996778241482037
7390.6296643	0.996936993228831
7390.9296643	0.997132026404539
7391.2296643	0.997370164934286
7391.5296643	0.997658232743195
7391.8296643	0.998003053756389
7392.1296643	0.9984114518989931
7392.4296643	0.9988902510961311
7392.7296643	0.999446275272926
7393.0296643	1.0000863483545
7393.3296643	1.000816822095
7393.6296643	1.00163397783504
7393.9296643	1.00252444652365
7394.2296643	1.00347447099102
7394.5296643	1.00447029406736
7394.8296643	1.00549815858288
7395.1296643	1.00654430736779
7395.4296643	1.0075949832523
7395.7296643	1.00863642906661
7396.0296643	1.00965488764093
7396.3296643	1.01063660180547
7396.6296643	1.0115687362196
7396.9296643	1.01244421716203
7397.2296643	1.0132581925535
7397.5296643	1.01400581502637
7397.8296643	1.01468223721297
7398.1296643	1.01528261174563
7398.4296643	1.01580209125671
7398.7296643	1.01623582837853
7399.0296643	1.01657897574343
7399.3296643	1.01682668598377
7399.6296643	1.01697414250032
7399.9296643	1.01702398676984
7400.2296643	1.0169959847595
7400.5296643	1.01691229649608
7400.8296643	1.01679508200636
7401.1296643	1.01666650131712
7401.4296643	1.01654871445513
7401.7296643	1.01646388144716
7402.0296643	1.01643416232001
7402.3296643	1.01648171710045
7402.6296643	1.01662870581525
7402.9296643	1.01689607808539
7403.2296643	1.01728012596513
7403.5296643	1.01775413186853
7403.8296643	1.01829049788353
7404.1296643	1.01886162609808
7404.4296643	1.01943991860014
7404.7296643	1.01999777747764
7405.0296643	1.02050760481854
7405.3296643	1.02094180271079
7405.6296643	1.02127277324235
7405.9296643	1.02147291850116
7406.2296643	1.02151894147521
7406.5296643	1.02141359032436
7406.8296643	1.02116936634223
7407.1296643	1.02079878792572
7407.4296643	1.02031437347173
7407.7296643	1.01972864137714
7408.0296643	1.01905411003883
7408.3296643	1.01830329785372
7408.6296643	1.01748872321867
7408.9296643	1.0166229045306
7409.2296643	1.01571835639414
7409.5296643	1.01478678908466
7409.8296643	1.01383811812812
7410.1296643	1.01288201618052
7410.4296643	1.01192815589789
7410.7296643	1.01098620993623
7411.0296643	1.01006585095156
7411.3296643	1.0091767515999
7411.6296643	1.00832858453724
7411.9296643	1.00753102241961
7412.2296643	1.00679373790302
7412.5296643	1.00612640364348
7412.8296643	1.005538692297
7413.1296643	1.0050402765196
7413.4296643	1.00464082896729
7413.7296643	1.00435002229608
7414.0296643	1.00417752916198
7414.3296643	1.00413302222101
7414.6296643	1.00422617412919
7414.9296643	1.00446665754251
7415.2296643	1.004864145117
7415.5296643	1.00542830950866
