#%Name: Vesuvianite
#%formula: Ca10(Mg, Fe)2Al4(SiO4)5(Si2O7)2(OH,F)4
#%Mineral class: silicates
#%Xtal system: tetragonal
#%Edge: K
#%Sample prep: powder on kapton tape
#%Beamline: ALS 10.3.2, HxV slits = 200x20 um
#%Det:  I0=N2, 7 elts SDD Canberra-Mirion
#%Ref/notes:  Chemplex standard, average of several qxas scans
#%Temp: Room temp (26 degC)
#%Time&date: 8:37 PM 4/29/2023. Sirine C. Fakra
#%============================================================
7011.78841052	-1.81625590301175e-05
7012.088410519999	-1.25025253003506e-05
7012.38841052	-2.71166953476522e-05
7012.68841052	-5.10831992645516e-05
7012.98841052	-7.34801671435777e-05
7013.28841052	-8.34223683987953e-05
7013.588410519999	-7.47625192005233e-05
7013.88841051999	-4.89440136804884e-05
7014.188410519991	-1.10011945214953e-05
7014.48841051999	3.6442724455175e-05
7014.78841051999	9.597080658818749e-05
7015.08841051999	0.000158646698110611
7015.38841051999	0.000207866266808106
7015.688410519991	0.000222236612901293
7015.98841051999	0.000202900770399119
7016.28841051999	0.000171531243969539
7016.58841051999	0.000154344471778693
7016.88841051999	0.000161342778664174
7017.188410519991	0.000170425086943311
7017.48841051999	0.000154341540503333
7017.78841051999	9.76452532538603e-05
7018.08841051998	2.32959708771346e-05
7018.38841051998	-3.28697519720489e-05
7018.68841051998	-4.28948444074816e-05
7018.98841051998	-1.66503964986766e-05
7019.28841051998	1.20668184610618e-05
7019.58841051998	1.16471251980369e-05
7019.88841051998	-2.2611764040488e-05
7020.18841051998	-6.58487378376311e-05
7020.48841051998	-9.44938673690555e-05
7020.78841051998	-9.62217642960121e-05
7021.088410519979	-8.28279471273482e-05
7021.38841051998	-5.96445324786487e-05
7021.68841051998	-3.04714871051415e-05
7021.98841051998	7.54698243260627e-06
7022.28841051997	4.11360340438275e-05
7022.58841051997	5.17973724720276e-05
7022.88841051997	2.9365414878043e-05
7023.188410519971	-1.78290362028142e-05
7023.488410519971	-6.48576761791887e-05
7023.78841051997	-9.72447082787609e-05
7024.08841051997	-0.00011317694547879
7024.38841051997	-0.000124814096255934
7024.688410519971	-0.000143065870053667
7024.98841051997	-0.000161224521938238
7025.28841051997	-0.000169941882024581
7025.58841051997	-0.000156063549873145
7025.88841051997	-0.000122730811031503
7026.188410519971	-8.67840873604766e-05
7026.48841051997	-6.499206631643831e-05
7026.78841051996	-7.11082133190421e-05
7027.08841051996	-8.57722601085259e-05
7027.38841051996	-8.06283372960504e-05
7027.68841051996	-2.60842160180503e-05
7027.98841051996	7.23726352930731e-05
7028.28841051996	0.000170616650360413
7028.58841051996	0.000220323267080132
7028.88841051996	0.000195490961372864
7029.18841051996	0.00012803538191195
7029.48841051996	6.48635595663955e-05
7029.78841051996	4.23469789483977e-05
7030.08841051996	5.02353094826845e-05
7030.38841051996	5.52065216450181e-05
7030.68841051996	2.94988428643282e-05
7030.98841051995	-2.07269842911487e-05
7031.288410519949	-6.45529164076109e-05
7031.588410519949	-7.431350541424951e-05
7031.88841051995	-4.8618136684456e-05
7032.18841051995	-2.17893215502002e-05
7032.488410519951	-2.5051473819916e-05
7032.78841051995	-7.54758054999595e-05
7033.08841051995	-0.000147467310734844
7033.38841051995	-0.000208210889727931
7033.688410519951	-0.00023028036887536
7033.988410519951	-0.000208782974885683
7034.28841051995	-0.000153333982309236
7034.58841051995	-7.395517833432249e-05
7034.88841051995	1.63131289496129e-05
7035.18841051994	9.444206526575909e-05
7035.48841051994	0.000134213164549767
7035.78841051994	0.000117405027082128
7036.08841051994	5.73023107852195e-05
7036.38841051994	-1.10213465157846e-05
7036.68841051994	-5.36784535059475e-05
7036.98841051994	-5.55031686489721e-05
7037.28841051994	-3.3110902937866e-05
7037.58841051994	-8.045551147287321e-06
7037.88841051994	-3.68949708942834e-06
7038.18841051994	-2.0254550723117e-05
7038.48841051994	-4.76177991293516e-05
7038.78841051994	-6.523623692172371e-05
7039.08841051994	-5.39454568173714e-05
7039.388410519939	-1.27623705997634e-05
7039.68841051993	4.89141867918252e-05
7039.98841051993	0.000100071101783408
7040.28841051993	0.000128996383582898
7040.588410519929	0.00012906345153063
7040.888410519929	0.00011998552682595
7041.18841051993	0.000108396038998746
7041.48841051993	9.48488561043372e-05
7041.78841051993	6.94947613262809e-05
7042.088410519929	2.91133643886912e-05
7042.388410519929	-1.02569144999901e-05
7042.68841051993	-3.2766119377868e-05
7042.98841051993	-2.63352593364099e-05
7043.28841051993	-4.06193093623776e-06
7043.58841051993	1.64692381622642e-05
7043.88841051992	1.59516735814693e-05
7044.188410519921	-7.29010727017904e-06
7044.48841051992	-4.28688659822893e-05
7044.78841051992	-7.27802862839245e-05
7045.08841051992	-8.33703234127765e-05
7045.38841051992	-7.60299585680433e-05
7045.68841051992	-5.86744782454141e-05
7045.98841051992	-4.14680221987849e-05
7046.28841051992	-2.633260328066e-05
7046.58841051992	-1.20397668678939e-05
7046.88841051992	1.56798964208873e-06
7047.18841051992	1.28245412704843e-05
7047.48841051992	2.39044198433225e-05
7047.78841051992	3.83151704919858e-05
7048.08841051991	6.5196340417559e-05
7048.388410519909	0.000102871037616092
7048.68841051991	0.000143927371578989
7048.98841051991	0.000168026510591857
7049.28841051991	0.000162906502143626
7049.588410519909	0.000125522817632762
7049.888410519909	7.300781988924881e-05
7050.18841051991	2.59275835122399e-05
7050.48841051991	-4.85510783413124e-06
7050.78841051991	-1.519609268585e-05
7051.088410519909	-1.96664146511937e-05
7051.388410519909	-2.44206370273981e-05
7051.68841051991	-4.483546289438e-05
7051.98841051991	-8.201797709460381e-05
7052.28841051991	-0.000119637257702776
7052.5884105199	-0.000129773709401814
7052.8884105199	-7.51434582365648e-05
7053.188410519901	3.48047582573053e-05
7053.4884105199	0.00016673810063737
7053.7884105199	0.000259419474254732
7054.0884105199	0.000280283219207273
7054.3884105199	0.000235603480446425
7054.688410519901	0.000160505789884402
7054.9884105199	9.60545316907156e-05
7055.2884105199	5.65698416693182e-05
7055.5884105199	3.15999331688222e-05
7055.8884105199	-8.4257249974547e-07
7056.188410519901	-4.998188843349e-05
7056.4884105199	-0.000104388656468435
7056.78841051989	-0.000143972944092088
7057.08841051989	-0.000161650932280303
7057.388410519889	-0.000164370401213807
7057.68841051989	-0.000169233579546523
7057.98841051989	-0.000182344194392503
7058.28841051989	-0.000202542088581981
7058.58841051989	-0.000217219506097707
7058.888410519889	-0.00021454796183801
7059.18841051989	-0.000189594139312179
7059.48841051989	-0.00014596692868437
7059.78841051989	-9.618875346841619e-05
7060.088410519889	-4.78156637619277e-05
7060.388410519889	-5.07038016034305e-06
7060.68841051989	3.3403542342468e-05
7060.988410519881	6.00462467345683e-05
7061.28841051988	5.88231751905767e-05
7061.58841051988	1.65481668606649e-05
7061.88841051988	-6.717195382134351e-05
7062.188410519881	-0.000155905712709102
7062.488410519881	-0.000216120349970038
7062.78841051988	-0.000215691273258963
7063.08841051988	-0.000171915272506183
7063.38841051988	-0.000118041137912796
7063.688410519881	-9.169845618870309e-05
7063.98841051988	-0.000103091779916918
7064.28841051988	-0.000126179402934273
7064.58841051988	-0.00013168826244561
7064.88841051988	-9.765191582406961e-05
7065.188410519881	-4.00268234002041e-05
7065.48841051987	1.95577348691171e-05
7065.78841051987	5.72766621576582e-05
7066.08841051987	7.31525203659595e-05
7066.38841051987	7.198799485152879e-05
7066.68841051987	6.625133557824861e-05
7066.98841051987	6.175545423713329e-05
7067.28841051987	6.478141070179729e-05
7067.58841051987	7.632392398640089e-05
7067.888410519869	8.99550220836568e-05
7068.18841051987	0.000100984268637571
7068.48841051987	0.000104186196484793
7068.78841051987	0.00010852504407221
7069.08841051987	0.000112996483074632
7069.388410519869	0.000113993425931029
7069.68841051986	9.80702037100291e-05
7069.98841051986	5.98081611672523e-05
7070.28841051986	1.17061209690562e-05
7070.58841051986	-3.06203611041351e-05
7070.88841051986	-5.01128228261237e-05
7071.188410519861	-5.10567859401041e-05
7071.488410519861	-3.90779374230577e-05
7071.78841051986	-2.41961669084695e-05
7072.08841051986	-1.06601675270391e-05
7072.38841051986	-2.91646494833804e-06
7072.688410519861	-3.25519091048063e-06
7072.988410519861	-7.745757443067001e-06
7073.28841051986	-8.391428695037649e-06
7073.58841051986	4.02353486550218e-06
7073.88841051985	2.88356183343235e-05
7074.18841051985	5.9750872404925e-05
7074.48841051985	8.347641580407129e-05
7074.78841051985	9.30272112983222e-05
7075.08841051985	8.234883917252091e-05
7075.38841051985	5.78421175000934e-05
7075.68841051985	3.04037385684874e-05
7075.98841051985	1.80758840145338e-05
7076.28841051985	3.46242291543529e-05
7076.58841051985	7.8194690408081e-05
7076.88841051985	0.000134516631324969
7077.18841051985	0.000171761501516761
7077.48841051985	0.000170306102539935
7077.78841051985	0.000124781304431871
7078.088410519839	5.73901472141616e-05
7078.388410519839	-3.90118006113563e-06
7078.68841051984	-4.13681541915161e-05
7078.98841051984	-5.29374994039337e-05
7079.28841051984	-4.33850194334047e-05
7079.588410519839	-1.31630344816335e-05
7079.888410519839	3.62012608533593e-05
7080.18841051984	8.988776429019021e-05
7080.48841051984	0.000125742549479949
7080.78841051984	0.0001306728847206
7081.08841051984	0.000120149563055493
7081.38841051984	0.000125405878805863
7081.688410519841	0.000168999103608005
7081.988410519841	0.000234505120899707
7082.28841051984	0.000276584681051443
7082.58841051983	0.000246382089635733
7082.88841051983	0.000137919922072688
7083.188410519831	-5.95752907580895e-06
7083.48841051983	-0.000119241069628879
7083.78841051983	-0.000161900675618215
7084.08841051983	-0.000151428563573006
7084.38841051983	-0.000137869620118153
7084.68841051983	-0.00016441343234024
7084.98841051983	-0.000219041432760409
7085.28841051983	-0.000255387021651568
7085.58841051983	-0.000225526369115061
7085.88841051983	-0.000132683891035452
7086.18841051983	-3.1917059736189e-05
7086.48841051983	1.51404971563456e-05
7086.78841051982	-1.82632895984612e-05
7087.08841051982	-9.32057423435177e-05
7087.388410519819	-0.000149499355161294
7087.68841051982	-0.000140198057628061
7087.98841051982	-7.04097782240918e-05
7088.28841051982	1.38666301725253e-05
7088.588410519819	6.514571549332619e-05
7088.888410519819	6.40346236201986e-05
7089.18841051982	3.8412745190528e-05
7089.48841051982	2.91881417541003e-05
7089.78841051982	6.00171844453378e-05
7090.088410519819	0.000121110185399703
7090.388410519819	0.000183895287807539
7090.68841051982	0.000232372082303499
7090.988410519811	0.000274945376472573
7091.28841051981	0.000329244283627084
7091.58841051981	0.000410814046045294
7091.88841051981	0.0005113384332265111
7092.188410519811	0.00060850486527616
7092.48841051981	0.000674594566577249
7092.78841051981	0.000690458332724847
7093.08841051981	0.0006720091349097579
7093.38841051981	0.000660770084199769
7093.688410519811	0.000701458651830204
7093.98841051981	0.000804968473464782
7094.28841051981	0.000922578786938033
7094.58841051981	0.0009912621079085711
7094.88841051981	0.0009726123874844339
7095.188410519811	0.000913345801787924
7095.4884105198	0.000911643633733348
7095.7884105198	0.00108371701017466
7096.0884105198	0.00142618357678735
7096.388410519799	0.00149532301664052
7096.6884105198	0.00197132864169364
7096.9884105198	0.00206947227427021
7097.2884105198	0.00202322164726258
7097.5884105198	0.00176759907732422
7097.888410519799	0.00203930630925924
7098.1884105198	0.00196679587906286
7098.4884105198	0.00182566015919577
7098.7884105198	0.00175823031303707
7099.0884105198	0.0020823354381804
7099.388410519799	0.0022100230529293
7099.688410519791	0.00238577571408203
7099.988410519791	0.00286846832481739
7100.28841051979	0.0030088990625373
7100.58841051979	0.00293271386990867
7100.88841051979	0.00316701314600259
7101.188410519791	0.00325883026227563
7101.488410519791	0.00362197994462813
7101.78841051979	0.00409820357860881
7102.08841051979	0.00437735693237984
7102.38841051979	0.00436811390015484
7102.688410519791	0.00473221933079016
7102.98841051979	0.00461754894932186
7103.28841051979	0.00485133163852993
7103.58841051979	0.00488384741714047
7103.88841051978	0.00473480148088055
7104.18841051978	0.00489932924556012
7104.48841051978	0.0055543726397515
7104.78841051978	0.00588400696833573
7105.08841051978	0.00623631202318564
7105.38841051978	0.00627615727340082
7105.68841051978	0.00673004095701555
7105.98841051978	0.00713994915239518
7106.28841051978	0.00698752010151503
7106.58841051978	0.00757737684316004
7106.888410519779	0.00784466953192218
7107.18841051978	0.00811159142857174
7107.48841051978	0.008285633121555169
7107.78841051978	0.00908509079753953
7108.08841051978	0.00973876201592919
7108.38841051977	0.0103108033401842
7108.688410519771	0.0110430485094348
7108.988410519771	0.0117716734257494
7109.28841051977	0.0125867879464294
7109.58841051977	0.0140071726192208
7109.88841051977	0.0156449137420095
7110.188410519771	0.0174550349376998
7110.488410519771	0.0199880380369669
7110.78841051977	0.0225444620891785
7111.08841051977	0.0256321535165885
7111.38841051977	0.0291933574004136
7111.688410519771	0.0330990897731892
7111.988410519771	0.0386354308518125
7112.28841051977	0.043801324066317
7112.58841051976	0.0498690160348834
7112.88841051976	0.0538867727657437
7113.18841051976	0.0562548105633534
7113.48841051976	0.0575435238397766
7113.78841051976	0.0568635984000641
7114.08841051976	0.0548749722506391
7114.38841051976	0.0510553300489574
7114.68841051976	0.0486114619989085
7114.98841051976	0.0484200847350096
7115.28841051976	0.051011194906088
7115.58841051976	0.056531875895494
7115.88841051976	0.06622992181081901
7116.18841051976	0.07820949574628409
7116.48841051976	0.0941471950864974
7116.78841051975	0.113341808137202
7117.088410519749	0.128764560285253
7117.388410519749	0.139738854548745
7117.68841051975	0.148661010821896
7117.98841051975	0.155792740857966
7118.28841051975	0.163033885658519
7118.588410519749	0.175075840672219
7118.888410519749	0.18945771935695
7119.18841051975	0.205404680262687
7119.488410519751	0.221016036773856
7119.788410519751	0.23693229316132
7120.08841051975	0.251504930382804
7120.38841051975	0.268761275275348
7120.688410519751	0.28738318144558
7120.98841051974	0.304898575209547
7121.28841051974	0.328792527313531
7121.58841051974	0.353444722025479
7121.88841051974	0.37750834139679
7122.188410519741	0.413258514163333
7122.48841051974	0.450788966345685
7122.78841051974	0.489818798861884
7123.08841051974	0.530187912823635
7123.38841051974	0.571757668764567
7123.688410519741	0.605744859705255
7123.98841051974	0.643156362887039
7124.28841051974	0.673263586281171
7124.58841051974	0.707565995726539
7124.88841051974	0.740850582098295
7125.18841051974	0.7839646431651029
7125.48841051973	0.832072226390545
7125.78841051973	0.883510410624636
7126.08841051973	0.944439111300536
7126.388410519729	1.01147620992932
7126.68841051973	1.07358813894852
7126.98841051973	1.12863561426188
7127.28841051973	1.18461413652253
7127.588410519729	1.24423827571331
7127.888410519729	1.2970027460906
7128.18841051973	1.33625843546255
7128.48841051973	1.37808133040346
7128.78841051973	1.41244435041296
7129.088410519729	1.42279705514186
7129.388410519729	1.43217901160982
7129.68841051972	1.43330061340848
7129.988410519721	1.41674846792589
7130.28841051972	1.40934888603285
7130.58841051972	1.3985966009555
7130.88841051972	1.37611574694916
7131.18841051972	1.35979923321988
7131.48841051972	1.33754885126409
7131.78841051972	1.3239855497309
7132.08841051972	1.32575039025525
7132.38841051972	1.31996446718649
7132.68841051972	1.31799088291037
7132.98841051972	1.32183632773819
7133.28841051972	1.3264454147646
7133.58841051972	1.32749691727801
7133.888410519709	1.32989743537749
7134.18841051971	1.32577770701529
7134.48841051971	1.31639739208464
7134.78841051971	1.30779243236744
7135.08841051971	1.29050232188084
7135.388410519709	1.28166710824619
7135.68841051971	1.27197346733784
7135.98841051971	1.26713294733086
7136.28841051971	1.25757478960854
7136.58841051971	1.24564848056067
7136.888410519709	1.24322052324967
7137.18841051971	1.24149138347999
7137.48841051971	1.23627582894677
7137.78841051971	1.22965665876609
7138.08841051971	1.22455009530477
7138.3884105197	1.21980195092472
7138.6884105197	1.20696578014546
7138.988410519701	1.198661787004
7139.2884105197	1.20111205530563
7139.5884105197	1.19751521471742
7139.8884105197	1.19035853799399
7140.1884105197	1.18863791700551
7140.488410519701	1.18543803129928
7140.7884105197	1.17882615793458
7141.0884105197	1.17747586228981
7141.3884105197	1.17295129419525
7141.6884105197	1.16461775336218
7141.9884105197	1.15551613678932
7142.2884105197	1.14608311954489
7142.58841051969	1.1358684478175
7142.88841051969	1.12475170743835
7143.18841051969	1.11343123554008
7143.48841051969	1.10283157147262
7143.78841051969	1.09367164199206
7144.08841051969	1.08580136676748
7144.38841051969	1.07859616923523
7144.68841051969	1.07132598484895
7144.98841051969	1.0635745511879
7145.28841051969	1.05536506649276
7145.58841051969	1.04697552501547
7145.888410519689	1.03879307907735
7146.18841051969	1.03105116244001
7146.48841051969	1.02366023559105
7146.788410519681	1.0163294475419
7147.08841051968	1.00874725622667
7147.38841051968	1.00100591640741
7147.68841051968	0.993427515560382
7147.988410519681	0.986299408162305
7148.28841051968	0.97938001473031
7148.58841051968	0.972044542327935
7148.88841051968	0.963832385430173
7149.18841051968	0.955024460022726
7149.488410519681	0.946419487140667
7149.78841051968	0.938736442666393
7150.08841051968	0.931878772617676
7150.38841051968	0.925256590336745
7150.68841051968	0.918238644990199
7150.988410519681	0.910817926251873
7151.28841051967	0.903524447200415
7151.58841051967	0.896917076604746
7151.88841051967	0.891298997070628
7152.18841051967	0.886418512101421
7152.48841051967	0.881981729179702
7152.78841051967	0.877651795458513
7153.08841051967	0.873220564722053
7153.38841051967	0.868472959214599
7153.68841051967	0.863320836123727
7153.98841051967	0.857988717360417
7154.28841051967	0.852960250081219
7154.58841051967	0.848656400523499
7154.88841051967	0.845098397409737
7155.18841051967	0.842025902249679
7155.48841051966	0.839113637364563
7155.78841051966	0.8362852312674109
7156.088410519659	0.83341296635134
7156.388410519659	0.830265264846262
7156.68841051966	0.8265829784015249
7156.98841051966	0.822411637055903
7157.28841051966	0.81836610943859
7157.58841051966	0.8151110907203289
7157.88841051966	0.813079459022984
7158.18841051966	0.812065505831485
7158.488410519661	0.8116345080766389
7158.788410519661	0.8113982821869909
7159.08841051966	0.811242619099139
7159.38841051966	0.8112871244190299
7159.68841051965	0.811684328581102
7159.98841051965	0.812458858120985
7160.28841051965	0.813470965042828
7160.58841051965	0.814483248165936
7160.88841051965	0.815383022979105
7161.18841051965	0.816236046448591
7161.48841051965	0.817242416183746
7161.78841051965	0.818588763353667
7162.08841051965	0.820377146234389
7162.38841051965	0.822642615493316
7162.68841051965	0.82536940754609
7162.98841051965	0.8283974359766
7163.28841051965	0.831463232868596
7163.58841051965	0.83431327378888
7163.888410519639	0.836896539992708
7164.18841051964	0.839606370318858
7164.48841051964	0.842846417429846
7164.78841051964	0.846945493933475
7165.08841051964	0.851639995571714
7165.388410519639	0.856487380721534
7165.68841051964	0.8611282160067431
7165.98841051964	0.865540592254434
7166.28841051964	0.870082207827061
7166.588410519639	0.874997199802833
7166.888410519639	0.880400963531514
7167.18841051964	0.886224931654616
7167.48841051964	0.892408859959002
7167.78841051964	0.898968318159196
7168.088410519639	0.905607864730393
7168.38841051963	0.9118948895682411
7168.68841051963	0.91736196765796
7168.988410519631	0.922060442034804
7169.28841051963	0.9267050677211029
7169.58841051963	0.932064485631568
7169.88841051963	0.9386366403062401
7170.18841051963	0.945923588887474
7170.48841051963	0.953155700127823
7170.78841051963	0.959536876627001
7171.08841051963	0.96488147276015
7171.38841051963	0.969605093237258
7171.68841051963	0.974284822385538
7171.98841051963	0.979498378791768
7172.28841051963	0.9853364046437429
7172.58841051962	0.991613088340412
7172.888410519619	0.998092716655019
7173.18841051962	1.00469726926343
7173.48841051962	1.01155902366414
7173.78841051962	1.01865443492667
7174.08841051962	1.02544603716704
7174.388410519619	1.03125472481969
7174.68841051962	1.03555812864035
7174.98841051962	1.03856590353943
7175.28841051962	1.04104086517272
7175.58841051962	1.04359318814786
7175.888410519619	1.04648682743328
7176.18841051962	1.04936237273765
7176.48841051962	1.05188448255416
7176.78841051961	1.05385951402562
7177.08841051961	1.055107096776
7177.38841051961	1.05530940832211
7177.68841051961	1.05408530325808
7177.988410519611	1.05147196703883
7178.28841051961	1.04852783173191
7178.58841051961	1.04646769823338
7178.88841051961	1.0462913493947
7179.18841051961	1.04756630925988
7179.488410519611	1.04930736006505
7179.78841051961	1.05035744599297
7180.08841051961	1.05022212939741
7180.38841051961	1.04905674437812
7180.68841051961	1.04739836493006
7180.98841051961	1.04611892018426
7181.2884105196	1.04579165673544
7181.5884105196	1.04670873390181
7181.8884105196	1.04834008353666
7182.1884105196	1.04981572348352
7182.4884105196	1.05040813978585
7182.7884105196	1.04991097635432
7183.0884105196	1.0488505546897
7183.3884105196	1.04770038888329
7183.6884105196	1.04673763193304
7183.9884105196	1.04565892443985
7184.2884105196	1.04419078662027
7184.5884105196	1.04233210531623
7184.888410519599	1.04054541303112
7185.1884105196	1.03945084885713
7185.488410519591	1.0392281865585
7185.788410519591	1.03960342063726
7186.08841051959	1.03986444904007
7186.38841051959	1.0395722700209
7186.68841051959	1.03858966823585
7186.988410519591	1.03718137568164
7187.288410519591	1.03578306652294
7187.58841051959	1.03474896676545
7187.88841051959	1.0343589614566
7188.18841051959	1.03438963639332
7188.488410519591	1.03446330765022
7188.78841051959	1.0340211992848
7189.08841051959	1.03297290669674
7189.38841051959	1.03154538741997
7189.68841051958	1.03015847248914
7189.98841051958	1.02918278994923
7190.28841051958	1.02881861611752
7190.58841051958	1.02930897038695
7190.88841051958	1.03063043253668
7191.18841051958	1.03245336662738
7191.48841051958	1.03403331132162
7191.78841051958	1.03473898853082
7192.08841051958	1.03441036842481
7192.38841051958	1.03358541881045
7192.68841051958	1.03302116744775
7192.98841051958	1.03331386686249
7193.28841051958	1.03437735834877
7193.58841051958	1.03572478670763
7193.88841051958	1.03672952868175
7194.18841051957	1.03723294614045
7194.48841051957	1.03754374099676
7194.78841051957	1.0380201747527
7195.088410519569	1.03874185996534
7195.38841051957	1.03936009656317
7195.68841051957	1.03958276582066
7195.988410519571	1.03949240068696
7196.288410519571	1.03951452495919
7196.58841051957	1.0400922937713
7196.88841051957	1.04136631770017
7197.18841051957	1.04305157366662
7197.488410519571	1.04475103153365
7197.788410519571	1.04604612126457
7198.08841051957	1.04679413441191
7198.38841051956	1.04711556946184
7198.68841051956	1.04729821326447
7198.98841051956	1.0476758208242
7199.28841051956	1.04812352573336
7199.58841051956	1.04827351943623
7199.88841051956	1.04753321508381
7200.18841051956	1.04596327505875
7200.48841051956	1.04425274328815
7200.78841051956	1.04336810870637
7201.08841051956	1.04365282601673
7201.38841051956	1.04425749330215
7201.68841051956	1.04391425611407
7201.98841051956	1.04178911084318
7202.28841051956	1.03856733201432
7202.58841051955	1.03557233930749
7202.888410519549	1.03403134277807
7203.18841051955	1.03383729640581
7203.48841051955	1.03414166675831
7203.78841051955	1.03402930363191
7204.08841051955	1.03323446705609
7204.388410519549	1.03188162263776
7204.68841051955	1.03008179256059
7204.98841051955	1.02764684139159
7205.28841051955	1.02458339041672
7205.588410519549	1.021237846008
7205.888410519549	1.0182421101605
7206.18841051955	1.01600867654916
7206.48841051955	1.01425871126306
7206.78841051954	1.01241182154014
7207.08841051954	1.01005899883535
7207.38841051954	1.00753062450209
7207.68841051954	1.00553949933716
7207.988410519541	1.00457822647093
7208.28841051954	1.00433259368467
7208.58841051954	1.00408532674493
7208.88841051954	1.00316388121437
7209.18841051954	1.00170214458928
7209.48841051954	1.00011829952616
7209.78841051954	0.998919000994871
7210.08841051954	0.998027843346256
7210.38841051954	0.997282940967435
7210.68841051954	0.996511117400644
7210.98841051954	0.9957947292774409
7211.28841051953	0.995117740297646
7211.58841051953	0.994262960845035
7211.888410519529	0.9929921526418219
7212.188410519529	0.991477035132592
7212.48841051953	0.9903466527492401
7212.78841051953	0.99030416010117
7213.08841051953	0.99122766113934
7213.388410519529	0.992164321314872
7213.688410519529	0.991913578891934
7213.98841051953	0.9899811722326129
7214.28841051953	0.987142366714252
7214.58841051953	0.984484537598704
7214.888410519529	0.982944007749375
7215.188410519529	0.982359927505448
7215.488410519521	0.98217773947019
7215.78841051952	0.981744867166278
7216.08841051952	0.980791847481877
7216.38841051952	0.97940109093587
7216.68841051952	0.977741307722912
7216.988410519521	0.976043677449976
7217.28841051952	0.97454276199845
7217.58841051952	0.973465145028773
7217.88841051952	0.973056836500524
7218.18841051952	0.973268083674543
7218.488410519521	0.973820074444473
7218.78841051952	0.974244597652003
7219.08841051952	0.974112932639901
7219.38841051952	0.973375407484479
7219.688410519509	0.972232975254625
7219.98841051951	0.971230930336324
7220.28841051951	0.970857057686713
7220.58841051951	0.971387215246525
7220.88841051951	0.972607995343483
7221.188410519509	0.973874214369687
7221.48841051951	0.974554059136068
7221.78841051951	0.974408182902289
7222.08841051951	0.973758000227433
7222.38841051951	0.972952598888419
7222.688410519509	0.972123167676787
7222.98841051951	0.9710378755503279
7223.28841051951	0.9696950889418851
7223.58841051951	0.968353367204169
7223.888410519509	0.967422140415207
7224.1884105195	0.967068979092772
7224.488410519501	0.967111098811357
7224.788410519501	0.967369493530458
7225.0884105195	0.967614398753996
7225.3884105195	0.967628811103216
7225.6884105195	0.967168015651359
7225.988410519501	0.966099441936677
7226.288410519501	0.964965683827292
7226.5884105195	0.96441931784038
7226.8884105195	0.965051840020108
7227.1884105195	0.966413240664743
7227.488410519501	0.967542939565886
7227.7884105195	0.967475580607967
7228.0884105195	0.966003659835881
7228.38841051949	0.963789949577835
7228.68841051949	0.961642372006226
7228.98841051949	0.960265781260593
7229.28841051949	0.959864422075668
7229.58841051949	0.960420871037438
7229.88841051949	0.9616963600473
7230.188410519489	0.963061984444284
7230.48841051949	0.963823880339814
7230.78841051949	0.963450654620981
7231.08841051949	0.9620188905916049
7231.38841051949	0.960241705314827
7231.688410519489	0.958849382610782
7231.98841051949	0.958355790389552
7232.28841051949	0.958653978926514
7232.58841051948	0.959339288112415
7232.888410519479	0.959991009958613
7233.188410519479	0.960299734206731
7233.48841051948	0.960331666382077
7233.788410519481	0.960241236888864
7234.08841051948	0.96033152874457
7234.38841051948	0.960746183033954
7234.68841051948	0.961472921223
7234.988410519481	0.962392868854726
7235.288410519481	0.9633358953994871
7235.58841051948	0.964336706085307
7235.88841051948	0.965428359955204
7236.18841051948	0.966571189327817
7236.488410519481	0.967451890349187
7236.788410519481	0.967775685116911
7237.08841051947	0.967583902487911
7237.38841051947	0.967402271874326
7237.68841051947	0.967802394240504
7237.98841051947	0.969016133769799
7238.28841051947	0.970549088032394
7238.58841051947	0.97176524803386
7238.88841051947	0.972180263771134
7239.18841051947	0.9721199496765101
7239.48841051947	0.9724318499044809
7239.78841051947	0.973892774339621
7240.08841051947	0.9766902322115
7240.38841051947	0.979901349239904
7240.68841051947	0.982444199613843
7240.98841051947	0.983544093941337
7241.28841051946	0.983410976322168
7241.58841051946	0.982949390906542
7241.888410519459	0.982917413752244
7242.188410519459	0.983753706864257
7242.48841051946	0.985243002172846
7242.78841051946	0.987054288903384
7243.08841051946	0.98905329341846
7243.388410519459	0.9909850595995811
7243.688410519459	0.992780377144392
7243.98841051946	0.993994522935143
7244.28841051946	0.994473589879098
7244.58841051946	0.994232338733693
7244.88841051946	0.993562740831257
7245.18841051946	0.993082568836033
7245.488410519451	0.993345349932978
7245.78841051945	0.994887602017269
7246.08841051945	0.997722178283558
7246.38841051945	1.00113896731462
7246.68841051945	1.00403462317908
7246.988410519451	1.00532855824528
7247.28841051945	1.00494830182001
7247.58841051945	1.00361363308328
7247.88841051945	1.00244203253708
7248.18841051945	1.00224759737769
7248.48841051945	1.00318383465619
7248.78841051945	1.00509513257779
7249.08841051945	1.00739785813729
7249.38841051945	1.00944378359993
7249.68841051945	1.01050268355918
7249.98841051944	1.01027347789795
7250.28841051944	1.00926640043494
7250.58841051944	1.00852485125922
7250.88841051944	1.00907427048073
7251.188410519439	1.01103102148019
7251.48841051944	1.01350796475799
7251.78841051944	1.01527211974913
7252.08841051944	1.01547208464881
7252.388410519439	1.01452430197432
7252.688410519439	1.01344368716259
7252.98841051944	1.01331427980454
7253.28841051944	1.01428126313737
7253.58841051944	1.01568062610598
7253.888410519439	1.0167142537912
7254.18841051943	1.0170177831405
7254.488410519431	1.01695599437798
7254.78841051943	1.01704888816604
7255.08841051943	1.01748816718049
7255.38841051943	1.01794675519292
7255.68841051943	1.01791266242809
7255.988410519431	1.0172620899375
7256.28841051943	1.01636930339437
7256.58841051943	1.01587103866166
7256.88841051943	1.01607323175166
7257.18841051943	1.01665949730168
7257.488410519431	1.01703685600223
7257.78841051943	1.01665365188694
7258.08841051943	1.01568628574581
7258.38841051942	1.01470984871084
7258.688410519419	1.01443679822646
7258.98841051942	1.01508291115898
7259.28841051942	1.01593451137157
7259.58841051942	1.01587261835798
7259.88841051942	1.01415044547732
7260.188410519419	1.01185764933248
7260.48841051942	1.01174572502894
7260.78841051942	1.01610527647112
7261.08841051942	1.02236551017531
7261.38841051942	1.02201425646605
7261.688410519419	1.02085488509495
7261.98841051942	1.02458050042169
7262.28841051942	1.01363255838142
7262.58841051941	1.02423501772879
7262.88841051941	1.0136161550123
7263.18841051941	1.00776847011493
7263.488410519411	1.02425645842863
7263.788410519411	1.0268711011632
7264.08841051941	1.02570982251825
7264.38841051941	1.02581819819717
7264.68841051941	1.02512881462853
7264.988410519411	1.02509140735327
7265.288410519411	1.026306709815
7265.58841051941	1.02271819129931
7265.88841051941	1.01603813876274
7266.18841051941	1.02230167696118
7266.488410519411	1.02813853570641
7266.78841051941	1.01655200099635
7267.0884105194	1.01455645112447
7267.3884105194	1.02239541242564
7267.6884105194	1.0253289317958
7267.9884105194	1.01404814009508
7268.2884105194	1.01222333649155
7268.5884105194	1.01997409999375
7268.8884105194	1.00983264254495
7269.188410519399	1.00948963597902
7269.4884105194	1.02260275579469
7269.7884105194	1.01331664591485
7270.0884105194	1.0050638726827
7270.3884105194	1.0182184378716
7270.688410519399	1.01776462987737
7270.9884105194	1.01895810961184
7271.28841051939	1.0205435165884
7271.58841051939	1.01658259519808
7271.88841051939	1.01440282711526
7272.18841051939	1.01376023765212
7272.488410519391	1.01413517575757
7272.788410519391	1.0150348511951
7273.08841051939	1.01626163770194
7273.38841051939	1.01739717292035
7273.68841051939	1.01820584587856
7273.988410519391	1.0187235830429
7274.288410519391	1.01898936409873
7274.58841051939	1.01904216873138
7274.88841051939	1.01892097662619
7275.18841051939	1.01866476746851
7275.48841051938	1.01831252094368
7275.78841051938	1.01790321673703
7276.08841051938	1.01746205527841
7276.38841051938	1.01698259629997
7276.68841051938	1.01652170990944
7276.98841051938	1.01609458732074
7277.28841051938	1.01570175257437
7277.58841051938	1.01534372971086
7277.88841051938	1.01502104277072
7278.18841051938	1.01473421579446
7278.48841051938	1.01448377282259
7278.78841051938	1.01427023789563
7279.08841051938	1.01409424992806
7279.38841051938	1.01396448051306
7279.68841051938	1.01388282716941
7279.98841051937	1.01383145365931
7280.28841051937	1.01380678491228
7280.58841051937	1.01380650313237
7280.888410519369	1.01382829052365
7281.188410519369	1.01386982929017
7281.48841051937	1.01392880163599
7281.78841051937	1.01400288976517
7282.08841051937	1.01408977588175
7282.388410519369	1.0141867400557
7282.688410519369	1.01428705455166
7282.988410519371	1.01439149813076
7283.288410519371	1.01449993214934
7283.58841051937	1.01460715773705
7283.88841051937	1.0147079226177
7284.18841051936	1.01479697451508
7284.488410519361	1.01486906115296
7284.78841051936	1.01491893025516
7285.08841051936	1.01494132954544
7285.38841051936	1.01493100674762
7285.68841051936	1.01488335864517
7285.988410519361	1.01479468432822
7286.28841051936	1.01465923511523
7286.58841051936	1.01447796064457
7286.88841051936	1.01425340107395
7287.18841051936	1.01398809656105
7287.48841051936	1.01368458726353
7287.78841051936	1.0133454133391
7288.08841051936	1.01297311494543
7288.38841051935	1.01257023224022
7288.688410519349	1.01213930272533
7288.98841051935	1.01168298937873
7289.28841051935	1.01120975379706
7289.58841051935	1.01073081980479
7289.88841051935	1.01025336648987
7290.188410519349	1.00978428419326
7290.48841051935	1.00933046325589
7290.78841051935	1.0088987940187
7291.08841051935	1.00849616682263
7291.388410519349	1.00812947200862
7291.688410519349	1.00780559991762
7291.98841051935	1.00753148689588
7292.28841051935	1.0073128845765
7292.58841051935	1.00714423941411
7292.88841051934	1.00701611110237
7293.18841051934	1.00691999654021
7293.488410519341	1.00684740212657
7293.78841051934	1.00678983426038
7294.08841051934	1.00673879934058
7294.38841051934	1.00668580376607
7294.68841051934	1.0066223539358
7294.988410519341	1.0065399562487
7295.28841051934	1.00642992396437
7295.58841051934	1.00628560739595
7295.88841051934	1.00610501178902
7296.18841051934	1.00588726725327
7296.488410519341	1.00563174128162
7296.78841051934	1.00533780136701
7297.08841051933	1.00500481500239
7297.38841051933	1.00463214968068
7297.688410519329	1.00421917289482
7297.98841051933	1.00376525213775
7298.28841051933	1.00326974080652
7298.58841051933	1.00273094565705
7298.88841051933	1.00214994220645
7299.188410519329	1.00154017744098
7299.48841051933	1.00091504013487
7299.78841051933	1.00028776597773
7300.08841051933	0.999671590659117
7300.38841051933	0.999079749868632
7300.688410519329	0.998525479295858
7300.98841051933	0.998022014630379
7301.288410519321	0.997582591561781
7301.58841051932	0.997220686054482
7301.88841051932	0.996951892660377
7302.18841051932	0.996776432627057
7302.48841051932	0.9966795935781519
7302.788410519321	0.996647091391716
7303.08841051932	0.996664651178931
7303.38841051932	0.9967179980509761
7303.68841051932	0.996792857119032
7303.98841051932	0.996874953494278
7304.288410519321	0.996950012287894
7304.58841051932	0.9970037586110601
7304.88841051932	0.997021415632264
7305.18841051932	0.996988651930343
7305.48841051931	0.996905513923187
7305.78841051931	0.996778535023973
7306.08841051931	0.9966144461130521
7306.38841051931	0.996419978070774
7306.68841051931	0.996201861777489
7306.98841051931	0.995966828113549
7307.28841051931	0.995721607959304
7307.58841051931	0.995472932195103
7307.88841051931	0.995227525507942
7308.188410519309	0.994991804088395
7308.48841051931	0.994772025823104
7308.78841051931	0.994570344164312
7309.08841051931	0.994384323410662
7309.38841051931	0.994211259927721
7309.688410519309	0.994048450081057
7309.9884105193	0.993893190236238
7310.288410519301	0.993742776758831
7310.588410519301	0.993594506014405
7310.8884105193	0.993445674368527
7311.1884105193	0.993293824070422
7311.4884105193	0.993138234523092
7311.788410519301	0.992974634274404
7312.0884105193	0.992803960818165
7312.3884105193	0.992630952514325
7312.6884105193	0.992460375875407
7312.9884105193	0.992296997413936
7313.288410519301	0.992145583642434
7313.5884105193	0.992010901073425
7313.8884105193	0.991897716219431
7314.18841051929	0.991810795592482
7314.48841051929	0.991753339705319
7314.78841051929	0.991725576497634
7315.08841051929	0.991727135369733
7315.38841051929	0.991749696757076
7315.68841051929	0.991783614889073
7315.98841051929	0.991819243995137
7316.28841051929	0.991846938304676
7316.58841051929	0.991857052047101
7316.88841051929	0.991839939451823
7317.18841051929	0.991785954748253
7317.48841051929	0.991685537491797
7317.78841051929	0.991533500528092
7318.08841051929	0.991329345097807
7318.388410519279	0.99108030162132
7318.688410519279	0.990798837741514
7318.98841051928	0.990497662965814
7319.28841051928	0.990189486801643
7319.58841051928	0.989887018756425
7319.888410519279	0.989602968337584
7320.188410519279	0.989350045052544
7320.48841051928	0.989140958408728
7320.78841051928	0.988987914097022
7321.08841051928	0.988898442030305
7321.38841051928	0.988874217100675
7321.68841051928	0.98890441632263
7321.98841051928	0.988974531750865
7322.288410519281	0.989070032965059
7322.588410519281	0.989176389544893
7322.88841051927	0.989279071070044
7323.18841051927	0.989363547120194
7323.48841051927	0.989415287275021
7323.78841051927	0.9894197611161351
7324.08841051927	0.989362824443676
7324.38841051927	0.989230870034655
7324.68841051927	0.989020923095965
7324.98841051927	0.98874448494992
7325.28841051927	0.988414955283932
7325.58841051927	0.9880457337854071
7325.88841051927	0.987650220141756
7326.18841051927	0.987241814040387
7326.48841051927	0.986833915168709
7326.78841051927	0.986439923214131
7327.08841051926	0.986073264729776
7327.38841051926	0.985749113241286
7327.688410519259	0.985484490525726
7327.98841051926	0.985282808195631
7328.28841051926	0.985139526889149
7328.58841051926	0.985049752889504
7328.88841051926	0.985008592479926
7329.188410519259	0.985011151943638
7329.48841051926	0.985052537563869
7329.78841051926	0.985127855623844
7330.08841051926	0.98523221240679
7330.388410519259	0.985360343100369
7330.688410519259	0.985501997099882
7330.98841051926	0.9856449093899911
7331.288410519251	0.985782562375926
7331.58841051925	0.985909398522156
7331.88841051925	0.9860198646352329
7332.18841051925	0.986108407521707
7332.48841051925	0.986169473988128
7332.78841051925	0.986197510841047
7333.08841051925	0.986186964887013
7333.38841051925	0.986132282955888
7333.68841051925	0.9860291966194989
7333.98841051925	0.985880234557979
7334.28841051925	0.985692444240527
7334.58841051925	0.985476756244387
7334.88841051925	0.985244880120017
7335.18841051925	0.985008525417878
7335.48841051925	0.984779401688428
7335.78841051924	0.984569218482129
7336.08841051924	0.984389685349437
7336.38841051924	0.984252511840815
7336.688410519239	0.984169375365995
7336.98841051924	0.984150135765951
7337.28841051924	0.984198533724277
7337.58841051924	0.98431084867083
7337.88841051924	0.984478223678186
7338.188410519239	0.984691531600849
7338.48841051924	0.984941645293322
7338.78841051924	0.985219437610108
7339.08841051924	0.9855157814057099
7339.38841051924	0.98582154953463
7339.688410519239	0.986127614851372
7339.98841051923	0.986424792811277
7340.288410519231	0.986704455534712
7340.58841051923	0.986963909848801
7340.88841051923	0.987205756089737
7341.18841051923	0.987434120349453
7341.48841051923	0.987653136610353
7341.788410519231	0.987866938854839
7342.08841051923	0.988079661065313
7342.38841051923	0.988295437224178
7342.68841051923	0.9885184013138369
7342.98841051923	0.988752687356796
7343.288410519231	0.989003250718598
7343.58841051923	0.989274122676019
7343.88841051923	0.989561895782518
7344.18841051922	0.989863164670837
7344.48841051922	0.9901747608313221
7344.78841051922	0.990493515754316
7345.08841051922	0.9908162609301669
7345.38841051922	0.9911398278492179
7345.68841051922	0.991461048001815
7345.98841051922	0.991776752878303
7346.28841051922	0.992083730939798
7346.58841051922	0.9923772955958861
7346.88841051922	0.992656953584354
7347.188410519219	0.992924170709515
7347.48841051922	0.993177043468597
7347.78841051922	0.993413489527289
7348.08841051922	0.993631426551279
7348.38841051921	0.993828772206256
7348.68841051921	0.994003444157908
7348.98841051921	0.994153360071924
7349.288410519211	0.994276437613992
7349.588410519211	0.99437078594436
7349.88841051921	0.994435339343211
7350.18841051921	0.994469968213086
7350.48841051921	0.994482375964292
7350.788410519211	0.994482582525513
7351.08841051921	0.994480617752158
7351.38841051921	0.994486511499638
7351.68841051921	0.994510293623362
7351.98841051921	0.99456199397874
7352.288410519211	0.994651642421182
7352.58841051921	0.994789268768716
7352.8884105192	0.994984507387087
7353.1884105192	0.995243819321382
7353.4884105192	0.995561336929296
7353.7884105192	0.995924659248999
7354.0884105192	0.996320941603982
7354.3884105192	0.996737339317737
7354.6884105192	0.997161007713757
7354.9884105192	0.997579102115532
7355.2884105192	0.997978777846555
7355.5884105192	0.998347190230317
7355.8884105192	0.998671510763714
7356.1884105192	0.99893996522331
7356.4884105192	0.999150302508941
7356.7884105192	0.999312145948102
7357.08841051919	0.999436692875838
7357.388410519189	0.999535167492051
7357.688410519189	0.999618793996642
7357.98841051919	0.999698796589514
7358.28841051919	0.999786399470569
7358.58841051919	0.999892826839709
7358.88841051919	1.00002930289684
7359.18841051919	1.00020710810166
7359.48841051919	1.00043607959416
7359.788410519191	1.00071368465606
7360.088410519191	1.00102967056079
7360.38841051919	1.00137295261149
7360.68841051919	1.00173244323627
7360.98841051919	1.00209705486325
7361.28841051918	1.00245569992054
7361.58841051918	1.00279729083626
7361.88841051918	1.00311074003851
7362.18841051918	1.00338495977156
7362.48841051918	1.00360777326011
7362.78841051918	1.00376823579509
7363.08841051918	1.00387003267844
7363.38841051918	1.00392298794859
7363.68841051918	1.00393737391983
7363.98841051918	1.00392346290648
7364.28841051918	1.00389152722284
7364.58841051918	1.00385183918322
7364.88841051918	1.00381467110191
7365.18841051918	1.00379029529323
7365.48841051918	1.00378907643498
7365.78841051917	1.00382465151305
7366.08841051917	1.0039053594511
7366.38841051917	1.00402465989598
7366.688410519169	1.00417266726458
7366.98841051917	1.00433939430508
7367.28841051917	1.00451485376566
7367.58841051917	1.00468905839452
7367.88841051917	1.00485202093984
7368.188410519169	1.0049937541498
7368.48841051917	1.0051042707726
7368.78841051917	1.00517297130306
7369.08841051917	1.00518544807511
7369.388410519169	1.00513561802379
7369.688410519169	1.00502625559825
7369.98841051916	1.00486191455551
7370.288410519161	1.004647154554
7370.58841051916	1.0043865352522
7370.88841051916	1.00408461630854
7371.18841051916	1.0037459573815
7371.48841051916	1.00337511812951
7371.78841051916	1.00297665854971
7372.08841051916	1.0025564165974
7372.38841051916	1.00212309732557
7372.68841051916	1.00168698257669
7372.98841051916	1.00125565069429
7373.28841051916	1.00083597921128
7373.58841051916	1.00043484566056
7373.88841051916	1.00005912757506
7374.18841051915	0.999715702487686
7374.48841051915	0.9994114479313519
7374.78841051915	0.999153241438969
7375.08841051915	0.998947949601216
7375.38841051915	0.99880199195951
7375.688410519149	0.998715174853022
7375.98841051915	0.998676738171985
7376.28841051915	0.998676070343849
7376.58841051915	0.998702626591715
7376.88841051915	0.998745862138686
7377.188410519149	0.998795232207865
7377.48841051915	0.998840192022354
7377.78841051915	0.998870196805255
7378.08841051915	0.998874701779672
7378.38841051915	0.998843077364471
7378.68841051914	0.998765434958848
7378.98841051914	0.998644022555112
7379.288410519141	0.998489856922406
7379.58841051914	0.998314638385329
7379.88841051914	0.998130068801685
7380.18841051914	0.99794785002928
7380.48841051914	0.997779683925918
7380.788410519141	0.997637272349405
7381.08841051914	0.997532317157547
7381.38841051914	0.997476520126559
7381.68841051914	0.997481319270532
7381.98841051914	0.997552402351402
7382.288410519141	0.9976807748237581
7382.58841051914	0.997852406031578
7382.88841051913	0.998052962174413
7383.18841051913	0.998268109451816
7383.48841051913	0.998483514063337
7383.78841051913	0.99868484220853
7384.08841051913	0.998857760086946
7384.38841051913	0.998987933898136
7384.68841051913	0.999061056215606
7384.98841051913	0.9990643701437421
7385.28841051913	0.99899724161548
7385.58841051913	0.998871798253354
7385.88841051913	0.998701818419449
7386.18841051913	0.998501113944145
7386.48841051913	0.998283496657819
7386.78841051913	0.99806277839085
7387.088410519121	0.997852770973616
7387.38841051912	0.997667286236495
7387.68841051912	0.997520136009867
7387.98841051912	0.997424984070403
7388.288410519121	0.997391652534973
7388.588410519121	0.99741512579248
7388.88841051912	0.997483650814921
7389.18841051912	0.997585115680151
7389.48841051912	0.997707407787861
7389.788410519121	0.997838414537742
7390.08841051912	0.997966023329485
7390.38841051912	0.998078121562783
7390.68841051912	0.998162596637326
7390.98841051912	0.99820733624527
7391.288410519121	0.998200844635209
7391.58841051911	0.998138751548594
7391.88841051911	0.998028829847358
7392.18841051911	0.99788086538676
7392.48841051911	0.997704638943651
7392.78841051911	0.997509931294882
7393.08841051911	0.997306523217302
7393.38841051911	0.997104195487761
7393.68841051911	0.996912728883109
7393.988410519109	0.996741904180197
7394.28841051911	0.996601503191282
7394.58841051911	0.99650074442156
7394.88841051911	0.996439923291326
7395.18841051911	0.996411919489986
7395.488410519109	0.996410072980383
7395.7884105191	0.996427761876819
7396.0884105191	0.996458364293594
7396.388410519099	0.996495258345008
7396.688410519099	0.996531822145361
7396.988410519099	0.996561433808953
7397.288410519101	0.996577471450085
7397.588410519101	0.996572896673127
7397.8884105191	0.996539445901225
7398.1884105191	0.9964772538404409
7398.4884105191	0.9963879698977079
7398.788410519101	0.996272492597849
7399.088410519101	0.996131718803508
7399.3884105191	0.995966545377331
7399.6884105191	0.995777869181962
7399.98841051909	0.995566587080048
7400.28841051909	0.995333595934232
7400.58841051909	0.995079793702754
7400.88841051909	0.994807538446229
7401.18841051909	0.994520578005316
7401.48841051909	0.994220926689603
7401.78841051909	0.993913717166819
7402.08841051909	0.993604527446477
7402.38841051909	0.99329893553809
7402.68841051909	0.99300251945117
7402.98841051909	0.99272085719523
7403.28841051909	0.992459526779784
7403.58841051909	0.992224106214344
7403.88841051909	0.9920201434654859
7404.188410519079	0.991852421672119
7404.488410519079	0.991725294953538
7404.78841051908	0.9916383041090669
7405.08841051908	0.991587364504354
7405.38841051908	0.991568262040076
7405.688410519079	0.991576782616912
7405.988410519079	0.991608712135537
7406.28841051908	0.99165983649663
7406.58841051908	0.991725941600866
7406.88841051908	0.991802813348924
7407.188410519079	0.991886166584524
7407.488410519079	0.99197053773056
7407.78841051908	0.992048408038258
7408.08841051908	0.992116003951048
7408.38841051908	0.992171221342484
7408.68841051907	0.992211959019916
7408.98841051907	0.992236115790692
7409.288410519071	0.992241590462161
7409.58841051907	0.9922262818416711
7409.88841051907	0.992188088736571
7410.18841051907	0.992124909830386
7410.48841051907	0.992034545005714
7410.78841051907	0.991916737521475
7411.08841051907	0.991775302034591
7411.38841051907	0.991612808121951
7411.68841051907	0.991431535826358
7411.98841051907	0.991233765190618
7412.28841051907	0.991021776257534
7412.58841051907	0.990797849069912
7412.88841051906	0.9905642636705559
7413.18841051906	0.990323300102269
7413.488410519059	0.990077238407858
7413.78841051906	0.989828358630125
7414.08841051906	0.989578940811876
7414.38841051906	0.9893312649959149
7414.688410519059	0.989087611225046
7414.988410519059	0.988850259542074
7415.28841051906	0.988621489989804
7415.58841051906	0.988403582611039
7415.88841051906	0.988198817448585
7416.188410519059	0.988009474545245
7416.488410519059	0.987837833943824
