#%Name: Hematite
#%Formula: alpha-Fe2O3
#%Mineral class: oxides
#%Xtal system: trigonal 
#%Edge: K
#%Sample prep: powder on Kapton tape
#%Beamline: ALS 10.3.2, HxV slits = 200x20 um
#%Det:  I0=N2, Transmission mode
#%Ref/notes:  Chemplex standard
#%Temp: Room temp (28C)
#%Time&date: 11:32 AM 06/06/2024. Sirine C. Fakra
#%============================================================
7.010882259,-2.02328879175313e-05
7.011182259,3.53630283793861e-05
7.011482259,7.72501954410706e-05
7.011782259,0.000105351330516677
7.012082259,0.000119589150855362
7.012382259,0.00011988140364173
7.012682259,0.00010564136403394
7.01298225899999,7.78963592497381e-05
7.01328225899999,3.83240162876033e-05
7.01358225899999,-1.10934035481817e-05
7.01388225899999,-6.73481611914037e-05
7.01418225899999,-0.000121908725511618
7.01448225899999,-0.000162659243820749
7.01478225899999,-0.000178137206300924
7.01508225899999,-0.000164598225052456
7.01538225899999,-0.000130790562870695
7.01568225899999,-8.6563149900241e-05
7.01598225899999,-4.48986288221952e-05
7.01628225899999,-1.0028654984696e-05
7.01658225899999,1.75391447094193e-05
7.01688225899999,4.43892357188255e-05
7.01718225899999,7.5572696923592e-05
7.01748225899998,0.00010761376407013
7.01778225899998,0.000131235184641499
7.01808225899998,0.000133723917727827
7.01838225899998,0.000113044781221898
7.01868225899998,7.18744701165219e-05
7.01898225899998,2.28089725696968e-05
7.01928225899998,-1.69632171940217e-05
7.01958225899998,-3.20378969619997e-05
7.01988225899998,-1.67212016431855e-05
7.02018225899998,1.1830232992294e-05
7.02048225899998,2.92026878596509e-05
7.02078225899998,1.75662301823612e-05
7.02108225899998,-1.48518618213708e-05
7.02138225899998,-4.50777325455359e-05
7.02168225899997,-5.2637866035234e-05
7.02198225899997,-3.6206897949108e-05
7.02228225899997,-7.5827415573206e-06
7.02258225899997,1.90306757384559e-05
7.02288225899997,3.88520907094618e-05
7.02318225899997,4.80105381681158e-05
7.02348225899997,4.68160478619834e-05
7.02378225899997,3.53460151032162e-05
7.02408225899997,2.08312011182924e-05
7.02438225899997,9.4435226265962e-06
7.02468225899997,-1.01878176479499e-07
7.02498225899997,-1.65161319315326e-05
7.02528225899997,-4.24076043962101e-05
7.02558225899997,-7.00484797257289e-05
7.02588225899996,-7.96501722994671e-05
7.02618225899996,-6.33701795142418e-05
7.02648225899996,-2.66547105515225e-05
7.02678225899996,1.16803853185116e-05
7.02708225899996,3.37975016596819e-05
7.02738225899996,3.2780341869889e-05
7.02768225899996,1.02709921556954e-05
7.02798225899996,-2.0849467364227e-05
7.02828225899996,-4.81367435821658e-05
7.02858225899996,-6.11565540913129e-05
7.02888225899996,-5.98550650787887e-05
7.02918225899996,-5.19961829530702e-05
7.02948225899996,-4.6061424030377e-05
7.02978225899996,-4.71897003517063e-05
7.03008225899995,-4.82521806535915e-05
7.03038225899995,-4.1135926859971e-05
7.03068225899995,-1.80161224969902e-05
7.03098225899995,1.51498492448254e-05
7.03128225899995,4.30088608990832e-05
7.03158225899995,5.02868197053836e-05
7.03188225899995,3.1662134104777e-05
7.03218225899995,6.31727224203275e-06
7.03248225899995,-7.55986358831521e-07
7.03278225899995,3.25801529694412e-05
7.03308225899995,9.56563144717883e-05
7.03338225899995,0.000150107904654681
7.03368225899995,0.000153076845022642
7.03398225899995,8.44195544489518e-05
7.03428225899995,-1.89001921289254e-05
7.03458225899994,-0.00010286872515203
7.03488225899994,-0.000118393508665798
7.03518225899994,-7.25799778351097e-05
7.03548225899994,-7.28862057144722e-06
7.03578225899994,3.10893099621406e-05
7.03608225899994,2.51613541405535e-05
7.03638225899994,-5.16686900475122e-07
7.03668225899994,-1.49825984049688e-05
7.03698225899994,3.40626245891702e-06
7.03728225899994,3.7442926263225e-05
7.03758225899994,6.06049850359174e-05
7.03788225899994,5.14479549296971e-05
7.03818225899994,1.97180137112147e-05
7.03848225899994,-7.92453582811343e-06
7.03878225899993,-1.07207730800103e-05
7.03908225899993,8.87741699026595e-06
7.03938225899993,2.80117117259906e-05
7.03968225899993,2.63719114620497e-05
7.03998225899993,3.1530559141857e-06
7.04028225899993,-2.27817874094906e-05
7.04058225899993,-2.93489169906207e-05
7.04088225899993,-7.45873225243278e-06
7.04118225899993,3.09148314714763e-05
7.04148225899993,6.5517960591137e-05
7.04178225899993,8.02063511023331e-05
7.04208225899993,7.45691068072146e-05
7.04238225899993,5.78138762319031e-05
7.04268225899993,3.76346390728127e-05
7.04298225899992,1.30031776097627e-05
7.04328225899992,-1.69600193433271e-05
7.04358225899992,-4.87105689193149e-05
7.04388225899992,-6.839762423632e-05
7.04418225899992,-6.86543792407754e-05
7.04448225899992,-5.50741439281824e-05
7.04478225899992,-4.42847676649259e-05
7.04508225899992,-5.38490244803588e-05
7.04538225899992,-8.2157404105614e-05
7.04568225899992,-0.000117376019865278
7.04598225899992,-0.000137518870765755
7.04628225899992,-0.000135039248318439
7.04658225899992,-0.000113751706604452
7.04688225899992,-8.95411375881981e-05
7.04718225899992,-7.52323582911523e-05
7.04748225899991,-7.20955557630858e-05
7.04778225899991,-7.07419758761283e-05
7.04808225899991,-5.44516367319853e-05
7.04838225899991,-1.45843598894667e-05
7.04868225899991,5.00882690598655e-05
7.04898225899991,0.000121562376389335
7.04928225899991,0.000173945179882442
7.04958225899991,0.000182422685167488
7.04988225899991,0.00014143071909188
7.05018225899991,7.51533511225587e-05
7.05048225899991,1.78823214370807e-05
7.05078225899991,-5.90780103910754e-06
7.05108225899991,8.48131138808425e-07
7.05138225899991,1.54092445552362e-05
7.0516822589999,1.76805391398671e-05
7.0519822589999,7.56837707840848e-07
7.0522822589999,-2.14559811831593e-05
7.0525822589999,-3.361207019776e-05
7.0528822589999,-2.19282152367616e-05
7.0531822589999,8.86475807851286e-06
7.0534822589999,4.67536076443321e-05
7.0537822589999,7.58848271884097e-05
7.0540822589999,8.69017797692055e-05
7.0543822589999,8.41925826542496e-05
7.0546822589999,7.26019936412698e-05
7.0549822589999,6.44926613090256e-05
7.0552822589999,6.52786567049335e-05
7.0555822589999,8.26519503389018e-05
7.05588225899989,0.000111007084528741
7.05618225899989,0.000126345530579259
7.05648225899989,9.53104273384055e-05
7.05678225899989,-3.23019081437843e-06
7.05708225899989,-0.000145748241157436
7.05738225899989,-0.000272685161051582
7.05768225899989,-0.000327321785036642
7.05798225899989,-0.000292192781782758
7.05828225899989,-0.000205647472391844
7.05858225899989,-0.000115960346550245
7.05888225899989,-5.42546517216897e-05
7.05918225899989,-1.56757581219361e-05
7.05948225899989,1.62158304440234e-05
7.05978225899989,5.20316544192568e-05
7.06008225899989,8.65765157487556e-05
7.06038225899988,0.000115498631774393
7.06068225899988,0.000138762897076669
7.06098225899988,0.000164374806491523
7.06128225899988,0.000186549238849478
7.06158225899988,0.000189641821246587
7.06188225899988,0.000154451656782229
7.06218225899988,8.61027261336716e-05
7.06248225899988,1.14837400266747e-05
7.06278225899988,-3.6991614444181e-05
7.06308225899988,-4.3834986461849e-05
7.06338225899988,-2.36005359673782e-05
7.06368225899988,3.10588398332608e-06
7.06398225899988,1.37867422529886e-05
7.06428225899988,4.78458253740373e-06
7.06458225899987,-2.24964907514924e-05
7.06488225899987,-6.0940839112488e-05
7.06518225899987,-9.57846017218352e-05
7.06548225899987,-0.000111313668270127
7.06578225899987,-9.29746162059734e-05
7.06608225899987,-4.99711998227716e-05
7.06638225899987,-8.7139523818257e-06
7.06668225899987,-1.21325702810778e-06
7.06698225899987,-4.08461910710945e-05
7.06728225899987,-0.000115165096263831
7.06758225899987,-0.000197662460613676
7.06788225899987,-0.000264210387338678
7.06818225899987,-0.000290954934235361
7.06848225899987,-0.000260462276121998
7.06878225899986,-0.000162447366952812
7.06908225899986,-1.66563414075011e-05
7.06938225899986,0.000123533389605107
7.06968225899986,0.000208601786095814
7.06998225899986,0.000212018850109225
7.07028225899986,0.000172085885636763
7.07058225899986,0.00013846547717231
7.07088225899986,0.000151812532850339
7.07118225899986,0.000198236461911204
7.07148225899986,0.000232098098027518
7.07178225899986,0.000213647748266755
7.07208225899986,0.000140359704372345
7.07238225899986,5.60374803568102e-05
7.07268225899986,4.31378634054293e-06
7.07298225899985,4.99475637452669e-06
7.07328225899985,3.13991563996577e-05
7.07358225899985,4.38832746424558e-05
7.07388225899985,1.41275532261191e-05
7.07418225899985,-5.49916129326608e-05
7.07448225899985,-0.000135948591767455
7.07478225899985,-0.000200320625314048
7.07508225899985,-0.000227032746367758
7.07538225899985,-0.000213442871957377
7.07568225899985,-0.000163664298421988
7.07598225899985,-8.91357755589336e-05
7.07628225899985,-8.76314400485687e-06
7.07658225899985,5.98865304901009e-05
7.07688225899985,0.000103840472652808
7.07718225899985,0.00012231081932794
7.07748225899984,0.000121528316135254
7.07778225899984,0.000108303620506167
7.07808225899984,8.86329766869265e-05
7.07838225899984,6.69157620102787e-05
7.07868225899984,4.5001644898026e-05
7.07898225899984,2.06921579204969e-05
7.07928225899984,-7.85283952886028e-06
7.07958225899984,-4.18814872463053e-05
7.07988225899984,-7.13031001785008e-05
7.08018225899984,-8.69932758057092e-05
7.08048225899984,-8.06622300214632e-05
7.08078225899984,-5.40442920401349e-05
7.08108225899984,-1.875744256943e-05
7.08138225899984,1.43500326987722e-05
7.08168225899983,3.58723275953019e-05
7.08198225899983,4.53895754752166e-05
7.08228225899983,4.26850956521043e-05
7.08258225899983,2.95035900315916e-05
7.08288225899983,9.16664490520067e-06
7.08318225899983,-7.35670877710309e-06
7.08348225899983,-6.7694431465768e-06
7.08378225899983,2.00072751362337e-05
7.08408225899983,6.04434124119156e-05
7.08438225899983,8.41502405182371e-05
7.08468225899983,5.91755191608318e-05
7.08498225899983,-2.4045685646896e-05
7.08528225899983,-0.00013080076920094
7.08558225899983,-0.000213195700993568
7.08588225899982,-0.000228995108603912
7.08618225899982,-0.00018227412739659
7.08648225899982,-0.000101901766526568
7.08678225899982,-2.34082733725312e-05
7.08708225899982,3.53741669279676e-05
7.08738225899982,7.10621833097856e-05
7.08768225899982,8.67170745832055e-05
7.08798225899982,8.43535426340559e-05
7.08828225899982,7.29401780513067e-05
7.08858225899982,6.39694675106463e-05
7.08888225899982,6.65079002703831e-05
7.08918225899982,7.83601909212466e-05
7.08948225899982,8.33991157867923e-05
7.08978225899982,6.95376877829431e-05
7.09008225899982,3.71053803815578e-05
7.09038225899981,5.15211858449273e-06
7.09068225899981,-8.31513510452065e-06
7.09098225899981,1.58676680356415e-06
7.09128225899981,1.99075532000767e-05
7.09158225899981,2.78721223491659e-05
7.09188225899981,1.52438062659701e-05
7.09218225899981,-1.17070696481211e-05
7.09248225899981,-3.84649235543638e-05
7.09278225899981,-5.43727280704183e-05
7.09308225899981,-5.88362862876081e-05
7.09338225899981,-5.87051586658857e-05
7.09368225899981,-6.01540385718885e-05
7.09398225899981,-6.01113893378414e-05
7.09428225899981,-3.93259133329251e-05
7.0945822589998,2.44989151731021e-05
7.0948822589998,0.000149546784501125
7.0951822589998,0.000207584974826277
7.0954822589998,-6.63596189980694e-06
7.0957822589998,-6.18162143355491e-05
7.0960822589998,1.9195287817459e-05
7.0963822589998,3.02970186995248e-05
7.0966822589998,-0.000253525514014289
7.0969822589998,-1.6086889684968e-05
7.0972822589998,-1.24480137406328e-05
7.0975822589998,-7.57299490454464e-05
7.0978822589998,-2.76700912214312e-05
7.0981822589998,0.000187010736871967
7.0984822589998,0.000164995446730529
7.09878225899979,7.18132132404762e-06
7.09908225899979,0.000183021881558312
7.09938225899979,7.68358368366501e-05
7.09968225899979,-7.27581087915219e-05
7.09998225899979,-5.79427023841339e-05
7.10028225899979,-0.00014024806120584
7.10058225899979,-5.96995166776613e-05
7.10088225899979,3.49523444307151e-05
7.10118225899979,-0.000202220624420331
7.10148225899979,-6.56954933693587e-05
7.10178225899979,0.000141140454214233
7.10208225899979,-5.14864445323011e-05
7.10238225899979,3.11705236781423e-05
7.10268225899979,0.000164452778946438
7.10298225899979,-1.91307769929666e-05
7.10328225899978,-1.05238998127239e-05
7.10358225899978,7.22039188085041e-05
7.10388225899978,-0.000127104634389603
7.10418225899978,7.50949277220694e-05
7.10448225899978,-5.25216972750873e-05
7.10478225899978,4.6721254593941e-05
7.10508225899978,0.00022548809413524
7.10538225899978,0.000298760541277779
7.10568225899978,0.000564071050509127
7.10598225899978,0.000641695819675507
7.10628225899978,0.00083074471888314
7.10658225899978,0.00114654455326322
7.10688225899978,0.001366386441076
7.10718225899978,0.00152043040406693
7.10748225899977,0.00168032874807615
7.10778225899977,0.00203684748066925
7.10808225899977,0.00231161896021785
7.10838225899977,0.00259091278264827
7.10868225899977,0.00315256850863845
7.10898225899977,0.00383419553169553
7.10928225899977,0.00442763726319049
7.10958225899977,0.00491864046707039
7.10988225899977,0.00604095816048162
7.11018225899977,0.00733246841254228
7.11048225899977,0.00907989781401813
7.11078225899977,0.0115595944480156
7.11108225899977,0.0152701379271674
7.11138225899977,0.0203284562869464
7.11168225899976,0.0269262130878504
7.11198225899976,0.0343095136256732
7.11228225899976,0.040457082125669
7.11258225899976,0.0456146898520298
7.11288225899976,0.0499816864167682
7.11318225899976,0.054610734880257
7.11348225899976,0.0588874021447679
7.11378225899976,0.0602732694016373
7.11408225899976,0.0589595797922973
7.11438225899976,0.056260020605423
7.11468225899976,0.054256461953669
7.11498225899976,0.0536325750926686
7.11528225899976,0.0538765514978391
7.11558225899976,0.0545718797456279
7.11588225899976,0.0557768897235627
7.11618225899975,0.0574381748536248
7.11648225899975,0.0591179014956999
7.11678225899975,0.0600755813094156
7.11708225899975,0.0612044916059524
7.11738225899975,0.0626176466244637
7.11768225899975,0.0645349903090243
7.11798225899975,0.0676273773521402
7.11828225899975,0.0719062234180436
7.11858225899975,0.0772374521976959
7.11888225899975,0.0847872912639215
7.11918225899975,0.0943130574612233
7.11948225899975,0.105556873849129
7.11978225899975,0.119737903106416
7.12008225899975,0.137384337460223
7.12038225899974,0.159298513411726
7.12068225899974,0.186035628083747
7.12098225899974,0.218220384640015
7.12128225899974,0.254984823990925
7.12158225899974,0.2978273809488
7.12188225899974,0.344252883295327
7.12218225899974,0.391899027444386
7.12248225899974,0.438224037170937
7.12278225899974,0.482135311261458
7.12308225899974,0.522623701143171
7.12338225899974,0.559163177802094
7.12368225899974,0.595589614211804
7.12398225899974,0.63488763222724
7.12428225899974,0.674837185128161
7.12458225899973,0.716716982448678
7.12488225899973,0.761941451733113
7.12518225899973,0.811790996169068
7.12548225899973,0.862226952539293
7.12578225899973,0.913999460422707
7.12608225899973,0.965892769069778
7.12638225899973,1.01379141343365
7.12668225899973,1.05836298139732
7.12698225899973,1.10214591858971
7.12728225899973,1.14711038699026
7.12758225899973,1.18944899969026
7.12788225899973,1.22741492742871
7.12818225899973,1.26260139365557
7.12848225899973,1.29073648036887
7.12878225899972,1.31230174302477
7.12908225899972,1.32575221988887
7.12938225899972,1.33299115476876
7.12968225899972,1.33793533105513
7.12998225899972,1.3423787736921
7.13028225899972,1.34515542553615
7.13058225899972,1.35067878092916
7.13088225899972,1.36061782282572
7.13118225899972,1.37219095878328
7.13148225899972,1.38451939091985
7.13178225899972,1.39864535292897
7.13208225899972,1.40996946476722
7.13238225899972,1.41871472780437
7.13268225899972,1.42318016380892
7.13298225899972,1.42014088039631
7.13328225899971,1.41311297743374
7.13358225899971,1.40309763042591
7.13388225899971,1.39069687387641
7.13418225899971,1.37421457400989
7.13448225899971,1.35727795006836
7.13478225899971,1.33841218629845
7.13508225899971,1.32083454263481
7.13538225899971,1.30598763229551
7.13568225899971,1.29093707558037
7.13598225899971,1.28043935434865
7.13628225899971,1.27078217641147
7.13658225899971,1.26105057937415
7.13688225899971,1.25330774666658
7.13718225899971,1.2411740397923
7.1374822589997,1.23099624348145
7.1377822589997,1.22000860680448
7.1380822589997,1.20579800491858
7.1383822589997,1.19320255586367
7.1386822589997,1.18085810920025
7.1389822589997,1.16517284351998
7.1392822589997,1.15120252863916
7.1395822589997,1.13783776045672
7.1398822589997,1.12441195537659
7.1401822589997,1.1121609261185
7.1404822589997,1.09967213420815
7.1407822589997,1.08788040893359
7.1410822589997,1.07710236979473
7.1413822589997,1.06721140928779
7.14168225899969,1.05812701136913
7.14198225899969,1.04982037982937
7.14228225899969,1.04243667593989
7.14258225899969,1.0361962863581
7.14288225899969,1.03127293912179
7.14318225899969,1.02760945877577
7.14348225899969,1.02495289434913
7.14378225899969,1.02303735311506
7.14408225899969,1.02172695915543
7.14438225899969,1.02108025133568
7.14468225899969,1.02121118965871
7.14498225899969,1.02211932570916
7.14528225899969,1.02351439306971
7.14558225899969,1.02497916879354
7.14588225899969,1.0261126922263
7.14618225899968,1.02662581721512
7.14648225899968,1.02632180678187
7.14678225899968,1.02502884436933
7.14708225899968,1.02268384369143
7.14738225899968,1.01935600839004
7.14768225899968,1.01513490044541
7.14798225899968,1.01013311033493
7.14828225899968,1.00449507166468
7.14858225899968,0.998378325769479
7.14888225899968,0.991922648769178
7.14918225899968,0.985274024980416
7.14948225899968,0.978570252920715
7.14978225899968,0.971950394473063
7.15008225899968,0.965525243708082
7.15038225899967,0.959344092238984
7.15068225899967,0.953470544216342
7.15098225899967,0.94790780298098
7.15128225899967,0.94255133860828
7.15158225899967,0.937235484042698
7.15188225899967,0.931821720226921
7.15218225899967,0.926373961567737
7.15248225899967,0.921095006368963
7.15278225899967,0.916184323620535
7.15308225899967,0.911652329488317
7.15338225899967,0.907243578859045
7.15368225899967,0.902685188490204
7.15398225899967,0.897805685229306
7.15428225899967,0.892742211091418
7.15458225899966,0.887701965096638
7.15488225899966,0.882856044654112
7.15518225899966,0.878178742703511
7.15548225899966,0.873519467793255
7.15578225899966,0.868741241746894
7.15608225899966,0.863823451704005
7.15638225899966,0.858940819272431
7.15668225899966,0.85429485240527
7.15698225899966,0.850079127824837
7.15728225899966,0.846351385626955
7.15758225899966,0.843086993244417
7.15788225899966,0.840222121694392
7.15818225899966,0.83768844578496
7.15848225899966,0.835512679208493
7.15878225899966,0.83376417192291
7.15908225899965,0.832540348066113
7.15938225899965,0.831841682555605
7.15968225899965,0.831611830379248
7.15998225899965,0.831736852406238
7.16028225899965,0.832097270133147
7.16058225899965,0.832621170939213
7.16088225899965,0.833270141005585
7.16118225899965,0.834093023263892
7.16148225899965,0.835147556433024
7.16178225899965,0.836480779727398
7.16208225899965,0.838091945712391
7.16238225899965,0.839926590749079
7.16268225899965,0.841940046228321
7.16298225899965,0.844101087556936
7.16328225899964,0.846398051591285
7.16358225899964,0.848815808859851
7.16388225899964,0.85130938113025
7.16418225899964,0.853838547354855
7.16448225899964,0.85636545466061
7.16478225899964,0.858870839032848
7.16508225899964,0.861391877375109
7.16538225899964,0.864007858260131
7.16568225899964,0.866827779738504
7.16598225899964,0.869897675019384
7.16628225899964,0.873130873274058
7.16658225899964,0.876361528307307
7.16688225899964,0.879440054195094
7.16718225899964,0.882425844251866
7.16748225899963,0.885535050691665
7.16778225899963,0.889022572758825
7.16808225899963,0.893011951064249
7.16838225899963,0.897441253670735
7.16868225899963,0.902193522335929
7.16898225899963,0.907151183547348
7.16928225899963,0.912289189802229
7.16958225899963,0.917603901572277
7.16988225899963,0.923124258878232
7.17018225899963,0.928854917784282
7.17048225899963,0.934802587527517
7.17078225899963,0.940971603567131
7.17108225899963,0.94736880717862
7.17138225899963,0.953999647992466
7.17168225899962,0.960835264779015
7.17198225899962,0.967833256512631
7.17228225899962,0.974967299416532
7.17258225899962,0.982283511103603
7.17288225899962,0.989832297254065
7.17318225899962,0.997562113531767
7.17348225899962,1.00526716965238
7.17378225899962,1.01272229846081
7.17408225899962,1.01972909187538
7.17438225899962,1.02618881993535
7.17468225899962,1.03203230943591
7.17498225899962,1.03722173364174
7.17528225899962,1.04182308139531
7.17558225899962,1.04591651639234
7.17588225899962,1.04959392214318
7.17618225899961,1.0529246510685
7.17648225899961,1.05598577259434
7.17678225899961,1.05885365060014
7.17708225899961,1.06157754446413
7.17738225899961,1.06412619906176
7.17768225899961,1.06644225397572
7.17798225899961,1.0684385891163
7.17828225899961,1.07006723262513
7.17858225899961,1.07131809650773
7.17888225899961,1.07223497692078
7.17918225899961,1.07297372217526
7.17948225899961,1.07371557325078
7.17978225899961,1.07461160379837
7.18008225899961,1.07564701254983
7.1803822589996,1.07660098101872
7.1806822589996,1.07723603343729
7.1809822589996,1.07735427908056
7.1812822589996,1.07699921224612
7.1815822589996,1.07630028115684
7.1818822589996,1.07544824306104
7.1821822589996,1.07465570448058
7.1824822589996,1.07406368841588
7.1827822589996,1.07375158882532
7.1830822589996,1.07361355656068
7.1833822589996,1.07348296766589
7.1836822589996,1.07321240435002
7.1839822589996,1.07278713320649
7.1842822589996,1.07224351818508
7.18458225899959,1.07162449876597
7.18488225899959,1.07090880628946
7.18518225899959,1.0701024912958
7.18548225899959,1.06926575292951
7.18578225899959,1.06848417328294
7.18608225899959,1.06779915386432
7.18638225899959,1.06711751618232
7.18668225899959,1.06630980037665
7.18698225899959,1.06533654530038
7.18728225899959,1.06445296981308
7.18758225899959,1.06401224419776
7.18788225899959,1.06425930484923
7.18818225899959,1.06492836439405
7.18848225899959,1.06547853266924
7.18878225899959,1.0654337971232
7.18908225899958,1.06473584026641
7.18938225899958,1.06375995412482
7.18968225899958,1.06288078272327
7.18998225899958,1.06229315834948
7.19028225899958,1.06187411935284
7.19058225899958,1.06144399328
7.19088225899958,1.06087952201576
7.19118225899958,1.06011036116883
7.19148225899958,1.05909243842561
7.19178225899958,1.05776046479494
7.19208225899958,1.05615631555707
7.19238225899958,1.0544640083044
7.19268225899958,1.05287525228811
7.19298225899958,1.05147670024985
7.19328225899957,1.05006045533925
7.19358225899957,1.04838107646866
7.19388225899957,1.04627966045978
7.19418225899957,1.04397069633188
7.19448225899957,1.04182090748343
7.19478225899957,1.04013486566067
7.19508225899957,1.03886918604515
7.19538225899957,1.03763154688561
7.19568225899957,1.0360643331256
7.19598225899957,1.0339955959649
7.19628225899957,1.0316551317823
7.19658225899957,1.02930397541006
7.19688225899957,1.0271532802028
7.19718225899957,1.02529513565685
7.19748225899956,1.0237791239429
7.19778225899956,1.02266458495286
7.19808225899956,1.02185652881745
7.19838225899956,1.02108175563344
7.19868225899956,1.02003782364187
7.19898225899956,1.01855771284567
7.19928225899956,1.01679403372744
7.19958225899956,1.01502515745187
7.19988225899956,1.01345595260876
7.20018225899956,1.01210769368407
7.20048225899956,1.01082589429076
7.20078225899956,1.0094762099256
7.20108225899956,1.00801953450989
7.20138225899956,1.00653731251297
7.20168225899956,1.00514521698463
7.20198225899955,1.00389750963655
7.20228225899955,1.00273959744176
7.20258225899955,1.00155907342272
7.20288225899955,1.00026997934977
7.20318225899955,0.998889733629643
7.20348225899955,0.997515525083446
7.20378225899955,0.996243916588769
7.20408225899955,0.995104566459939
7.20438225899955,0.994113802773727
7.20468225899955,0.993261935909447
7.20498225899955,0.992550115132574
7.20528225899955,0.991831379658905
7.20558225899955,0.990946045641711
7.20588225899955,0.989759211921418
7.20618225899954,0.98838737501004
7.20648225899954,0.9870866503495
7.20678225899954,0.986095800133578
7.20708225899954,0.985495946746119
7.20738225899954,0.985157031292902
7.20768225899954,0.984938748329836
7.20798225899954,0.984705512818841
7.20828225899954,0.984352181458127
7.20858225899954,0.983769197234204
7.20888225899954,0.982862591802387
7.20918225899954,0.981669899692127
7.20948225899954,0.980342688623317
7.20978225899954,0.979050820926056
7.21008225899954,0.977918974445533
7.21038225899953,0.976994736217643
7.21068225899953,0.976300226192441
7.21098225899953,0.975876991021377
7.21128225899953,0.975753340788645
7.21158225899953,0.975911761118026
7.21188225899953,0.976293812842987
7.21218225899953,0.976755411942188
7.21248225899953,0.977245120038965
7.21278225899953,0.977772150549595
7.21308225899953,0.978416971578124
7.21338225899953,0.979110216580648
7.21368225899953,0.97964861676672
7.21398225899953,0.979816007083311
7.21428225899953,0.979672889472131
7.21458225899952,0.979587570873497
7.21488225899952,0.979906404948351
7.21518225899952,0.980756999501171
7.21548225899952,0.981822512579893
7.21578225899952,0.982760032049883
7.21608225899952,0.983385055346422
7.21638225899952,0.983798414644749
7.21668225899952,0.984240297172317
7.21698225899952,0.984786027481952
7.21728225899952,0.98553185180177
7.21758225899952,0.986488214691625
7.21788225899952,0.987780286196744
7.21818225899952,0.989345948661629
7.21848225899952,0.990880397220543
7.21878225899952,0.992003014012993
7.21908225899951,0.992366981123184
7.21938225899951,0.992147191323678
7.21968225899951,0.991671738776377
7.21998225899951,0.991451350198796
7.22028225899951,0.991703376359124
7.22058225899951,0.992378099971367
7.22088225899951,0.993229018366
7.22118225899951,0.993933871045906
7.22148225899951,0.994369656063475
7.22178225899951,0.994521709281075
7.22208225899951,0.994523023742488
7.22238225899951,0.994449539592969
7.22268225899951,0.99437521399982
7.22298225899951,0.994344356565816
7.2232822589995,0.994466089033954
7.2235822589995,0.994741519035587
7.2238822589995,0.995111388545963
7.2241822589995,0.995358017709128
7.2244822589995,0.995417945125647
7.2247822589995,0.995363001133352
7.2250822589995,0.995405831347557
7.2253822589995,0.99558909273874
7.2256822589995,0.995757043356787
7.2259822589995,0.995653664854806
7.2262822589995,0.995234131279241
7.2265822589995,0.994720090873801
7.2268822589995,0.994399657422489
7.2271822589995,0.994425200775905
7.22748225899949,0.994608853678085
7.22778225899949,0.994713474996677
7.22808225899949,0.994528575819453
7.22838225899949,0.994096645308676
7.22868225899949,0.993549641719141
7.22898225899949,0.993010429319443
7.22928225899949,0.992495858772137
7.22958225899949,0.991928216825391
7.22988225899949,0.991239201407637
7.23018225899949,0.990469891442147
7.23048225899949,0.989787281691385
7.23078225899949,0.989325302474883
7.23108225899949,0.98914617652312
7.23138225899949,0.989099611960718
7.23168225899949,0.989076712474849
7.23198225899948,0.988971387617964
7.23228225899948,0.988726111344285
7.23258225899948,0.988322232305203
7.23288225899948,0.987756612526558
7.23318225899948,0.987198210066176
7.23348225899948,0.986859980449733
7.23378225899948,0.98686853498593
7.23408225899948,0.98718726577636
7.23438225899948,0.987525628792104
7.23468225899948,0.987699120958285
7.23498225899948,0.987600728097585
7.23528225899948,0.987404739786875
7.23558225899948,0.987298017384949
7.23588225899948,0.987422267887379
7.23618225899947,0.987752713909047
7.23648225899947,0.988118243599572
7.23678225899947,0.988372830716621
7.23708225899947,0.988390652293846
7.23738225899947,0.988244048339151
7.23768225899947,0.988046465338867
7.23798225899947,0.987968229356417
7.23828225899947,0.988038768693065
7.23858225899947,0.988083740943677
7.23888225899947,0.987871095154537
7.23918225899947,0.987302135159765
7.23948225899947,0.986795555752302
7.23978225899947,0.986938532611445
7.24008225899947,0.988169482300007
7.24038225899946,0.990074680335095
7.24068225899946,0.991719120628103
7.24098225899946,0.99221528051434
7.24128225899946,0.991399615270408
7.24158225899946,0.989956263794507
7.24188225899946,0.988686665079044
7.24218225899946,0.988079955970617
7.24248225899946,0.987909348263783
7.24278225899946,0.987707328933024
7.24308225899946,0.987103628521308
7.24338225899946,0.986084659948889
7.24368225899946,0.9848771920978
7.24398225899946,0.98368445972047
7.24428225899946,0.98266561637796
7.24458225899946,0.981916350917708
7.24488225899945,0.981545530381361
7.24518225899945,0.981571179339523
7.24548225899945,0.981771262695033
7.24578225899945,0.981821987901776
7.24608225899945,0.981455441016917
7.24638225899945,0.980741149231299
7.24668225899945,0.979966739989893
7.24698225899945,0.979441918540988
7.24728225899945,0.979217024766991
7.24758225899945,0.979109077063276
7.24788225899945,0.978872924278615
7.24818225899945,0.978392123093541
7.24848225899945,0.977840749530133
7.24878225899945,0.97743830078694
7.24908225899944,0.977393951100598
7.24938225899944,0.977621269463937
7.24968225899944,0.977912730184646
7.24998225899944,0.978064817193338
7.25028225899944,0.978011600741387
7.25058225899944,0.977960865673972
7.25088225899944,0.978110193298195
7.25118225899944,0.97863568369207
7.25148225899944,0.979324979862118
7.25178225899944,0.979865780745296
7.25208225899944,0.979917553681728
7.25238225899944,0.979526042131346
7.25268225899944,0.979090352106328
7.25298225899944,0.979069692869037
7.25328225899943,0.979719564344391
7.25358225899943,0.980749282012858
7.25388225899943,0.981744577026576
7.25418225899943,0.982287571036585
7.25448225899943,0.982341639842453
7.25478225899943,0.982083590953741
7.25508225899943,0.981786964109762
7.25538225899943,0.981638579530338
7.25568225899943,0.981690589021389
7.25598225899943,0.981860432532045
7.25628225899943,0.982026707886517
7.25658225899943,0.982079655040391
7.25688225899943,0.982017246340847
7.25718225899943,0.981998272938301
7.25748225899943,0.982305920033687
7.25778225899942,0.983197842849538
7.25808225899942,0.984605005103044
7.25838225899942,0.985813118558006
7.25868225899942,0.985783567593991
7.25898225899942,0.984093481073536
7.25928225899942,0.982275727912945
7.25958225899942,0.983708400058179
7.25988225899942,0.990919794836554
7.26018225899942,1.00065007454916
7.26048225899942,1.00305851126701
7.26078225899942,0.997151332766962
7.26108225899942,0.998025525652729
7.26138225899942,1.00035292809118
7.26168225899942,1.00743206253137
7.26198225899941,1.00702474225049
7.26228225899941,0.99550443466297
7.26258225899941,0.98668037898055
7.26288225899941,1.00553389307743
7.26318225899941,0.99172926668249
7.26348225899941,0.985809392847755
7.26378225899941,0.990825299930344
7.26408225899941,1.0070304354515
7.26438225899941,1.01023116523322
7.26468225899941,1.02297777539291
7.26498225899941,1.01954976763201
7.26528225899941,1.03020699626252
7.26558225899941,1.01774617212865
7.26588225899941,1.01108706642714
7.2661822589994,1.01804047945084
7.2664822589994,1.01150517678827
7.2667822589994,1.02224618408043
7.2670822589994,1.01897664604051
7.2673822589994,1.01814117967005
7.2676822589994,1.01444077618197
7.2679822589994,1.02421601413659
7.2682822589994,1.02563686790648
7.2685822589994,1.013047567281
7.2688822589994,1.0229459854732
7.2691822589994,1.02348406569028
7.2694822589994,1.01516142400398
7.2697822589994,1.03206188380317
7.2700822589994,1.03391303114021
7.27038225899939,1.03040362428399
7.27068225899939,1.02671228129543
7.27098225899939,1.02298384168714
7.27128225899939,1.01955431420955
7.27158225899939,1.01675581837307
7.27188225899939,1.01488232019206
7.27218225899939,1.01378219818215
7.27248225899939,1.01329076148773
7.27278225899939,1.01332976540066
7.27308225899939,1.01381518723883
7.27338225899939,1.01466296185431
7.27368225899939,1.01578902409917
7.27398225899939,1.01710930882549
7.27428225899939,1.01853975088534
7.27458225899939,1.01999628513078
7.27488225899938,1.0213948464139
7.27518225899938,1.02267141052879
7.27548225899938,1.02383461030848
7.27578225899938,1.02489132257004
7.27608225899938,1.02585087880958
7.27638225899938,1.0267230628218
7.27668225899938,1.0275176584014
7.27698225899938,1.0282444493431
7.27728225899938,1.02891321944159
7.27758225899938,1.02953375249158
7.27788225899938,1.03011583228777
7.27818225899938,1.0306690832751
7.27848225899938,1.03119166507049
7.27878225899938,1.03167416038032
7.27908225899937,1.03211837368834
7.27938225899937,1.03252613569141
7.27968225899937,1.03289921465618
7.27998225899937,1.03323937884927
7.28028225899937,1.03354839653734
7.28058225899937,1.033828035987
7.28088225899937,1.0340800654649
7.28118225899937,1.03430625323767
7.28148225899937,1.03450872331539
7.28178225899937,1.03469298181014
7.28208225899937,1.03485795958945
7.28238225899937,1.03499757853507
7.28268225899937,1.03510614180182
7.28298225899937,1.0351779581031
7.28328225899936,1.0352073361523
7.28358225899936,1.03518858466282
7.28388225899936,1.03511601234805
7.28418225899936,1.03498392792138
7.28448225899936,1.03478664009621
7.28478225899936,1.03451832327549
7.28508225899936,1.03417563894961
7.28538225899936,1.03376733676336
7.28568225899936,1.03330552703647
7.28598225899936,1.03280220033053
7.28628225899936,1.03226934720708
7.28658225899936,1.03171895822771
7.28688225899936,1.03116302395397
7.28718225899936,1.03061353494743
7.28748225899936,1.03008248176966
7.28778225899935,1.02958185044133
7.28808225899935,1.02912311109871
7.28838225899935,1.02871086491507
7.28868225899935,1.02833997735125
7.28898225899935,1.02800463603327
7.28928225899935,1.02769905962845
7.28958225899935,1.02741746680412
7.28988225899935,1.0271540762276
7.29018225899935,1.02690310656621
7.29048225899935,1.02665877648728
7.29078225899935,1.02641530465814
7.29108225899935,1.02616696145456
7.29138225899935,1.02590935863179
7.29168225899935,1.02564239233704
7.29198225899934,1.02536653599087
7.29228225899934,1.02508184291772
7.29258225899934,1.02478836265067
7.29288225899934,1.02448614472278
7.29318225899934,1.02417523866709
7.29348225899934,1.02385569401669
7.29378225899934,1.02352756030462
7.29408225899934,1.02319088706394
7.29438225899934,1.02284551808517
7.29468225899934,1.02248895052205
7.29498225899934,1.02211619427466
7.29528225899934,1.02172311175024
7.29558225899934,1.02130574725004
7.29588225899934,1.02086014507532
7.29618225899933,1.02038234952733
7.29648225899933,1.01986840490734
7.29678225899933,1.0193143555166
7.29708225899933,1.01871624565636
7.29738225899933,1.01807012113735
7.29768225899933,1.01737234153315
7.29798225899933,1.01662473898487
7.29828225899933,1.01583570293252
7.29858225899933,1.01501369257777
7.29888225899933,1.01416712993848
7.29918225899933,1.01330443703246
7.29948225899933,1.01243403587755
7.29978225899933,1.01156434849159
7.30008225899933,1.01070379689239
7.30038225899933,1.00986080309781
7.30068225899932,1.00904387465128
7.30098225899932,1.0082617327998
7.30128225899932,1.0075176488104
7.30158225899932,1.00681200021577
7.30188225899932,1.00614543026873
7.30218225899932,1.00551858516708
7.30248225899932,1.00493211110859
7.30278225899932,1.00438665429104
7.30308225899932,1.00388286091223
7.30338225899932,1.00342137716992
7.30368225899932,1.00300284926191
7.30398225899932,1.00262747787552
7.30428225899932,1.00229354473078
7.30458225899932,1.00199676585302
7.30488225899931,1.00173112522852
7.30518225899931,1.00149043550547
7.30548225899931,1.00126850933207
7.30578225899931,1.0010591593565
7.30608225899931,1.00085619822695
7.30638225899931,1.00065343859163
7.30668225899931,1.00044469309872
7.30698225899931,1.00022378279248
7.30728225899931,0.999985071566453
7.30758225899931,0.99972500664269
7.30788225899931,0.999442172627184
7.30818225899931,0.999135356407882
7.30848225899931,0.998803342667238
7.30878225899931,0.998444916087703
7.3090822589993,0.998058861351731
7.3093822589993,0.997643963141774
7.3096822589993,0.997199006140285
7.3099822589993,0.996722775029716
7.3102822589993,0.996214092295485
7.3105822589993,0.995672448218055
7.3108822589993,0.995100752680786
7.3111822589993,0.994505664961925
7.3114822589993,0.993894594431894
7.3117822589993,0.993274955352789
7.3120822589993,0.992654161986704
7.3123822589993,0.992039628595734
7.3126822589993,0.991438769441972
7.3129822589993,0.990858998787513
7.31328225899929,0.990307730894354
7.31358225899929,0.989792055800546
7.31388225899929,0.989316266599155
7.31418225899929,0.988877903059975
7.31448225899929,0.98847073791874
7.31478225899929,0.988088158112874
7.31508225899929,0.987723550579801
7.31538225899929,0.987370302256944
7.31568225899929,0.987021800081728
7.31598225899929,0.986671430991576
7.31628225899929,0.986312581923913
7.31658225899929,0.985938654878269
7.31688225899929,0.985544015708928
7.31718225899929,0.985127804676476
7.31748225899929,0.984695776746607
7.31778225899928,0.984255916723844
7.31808225899928,0.983816308173099
7.31838225899928,0.983385034659285
7.31868225899928,0.982970179747313
7.31898225899928,0.982579827002095
7.31928225899928,0.982222059988544
7.31958225899928,0.981904962271571
7.31988225899928,0.981636521039917
7.32018225899928,0.981423177519411
7.32048225899928,0.981267413772954
7.32078225899928,0.981168857390179
7.32108225899928,0.981126474354907
7.32138225899928,0.98113922649005
7.32168225899928,0.981206075618521
7.32198225899927,0.981325983563234
7.32228225899927,0.981497912147101
7.32258225899927,0.981720823193037
7.32288225899927,0.981993678524462
7.32318225899927,0.982315554928287
7.32348225899927,0.982686023709707
7.32378225899927,0.983102604938275
7.32408225899927,0.983561731428968
7.32438225899927,0.984059837812805
7.32468225899927,0.984593358720805
7.32498225899927,0.985158728783987
7.32528225899927,0.985752382633372
7.32558225899927,0.986370754899977
7.32588225899927,0.987010280214824
7.32618225899926,0.987667390805598
7.32648225899926,0.988338354884927
7.32678225899926,0.989019923355486
7.32708225899926,0.989711417643862
7.32738225899926,0.9904127092734
7.32768225899926,0.991123679210575
7.32798225899926,0.991844208421862
7.32828225899926,0.992574177873736
7.32858225899926,0.993313468532672
7.32888225899926,0.994061961365146
7.32918225899926,0.994819537337631
7.32948225899926,0.995586116212759
7.32978225899926,0.996362043395325
7.33008225899926,0.997147178728609
7.33038225899926,0.997940989898967
7.33068225899925,0.998743159128697
7.33098225899925,0.99955337011504
7.33128225899925,1.00037130655523
7.33158225899925,1.00119665214652
7.33188225899925,1.00202909058613
7.33218225899925,1.00286830557132
7.33248225899925,1.00371398079633
7.33278225899925,1.00456563683918
7.33308225899925,1.00542218910655
7.33338225899925,1.00628286293784
7.33368225899925,1.0071462445263
7.33398225899925,1.00801074026442
7.33428225899925,1.00887475654466
7.33458225899925,1.00973669975949
7.33488225899924,1.01059497630138
7.33518225899924,1.01144799256281
7.33548225899924,1.01229415493624
7.33578225899924,1.01313187425831
7.33608225899924,1.01395981921924
7.33638225899924,1.01477676439259
7.33668225899924,1.01558077497422
7.33698225899924,1.01637046370293
7.33728225899924,1.01714448506501
7.33758225899924,1.01790149354674
7.33788225899924,1.01864014363442
7.33818225899924,1.01935908981433
7.33848225899924,1.02005698657276
7.33878225899924,1.02073248839598
7.33908225899923,1.02138424500401
7.33938225899923,1.02201076670858
7.33968225899923,1.0226116977711
7.33998225899923,1.02318751433582
7.34028225899923,1.02373835819037
7.34058225899923,1.02426436903071
7.34088225899923,1.02476568655281
7.34118225899923,1.02524245045263
7.34148225899923,1.02569480042615
7.34178225899923,1.02612287616931
7.34208225899923,1.02652681737886
7.34238225899923,1.02690678541682
7.34268225899923,1.02726296417277
7.34298225899923,1.0275933279087
7.34328225899923,1.02789468552028
7.34358225899922,1.028163811546
7.34388225899922,1.02839748052437
7.34418225899922,1.02859246699386
7.34448225899922,1.02874554549299
7.34478225899922,1.02885349056024
7.34508225899922,1.0289130767341
7.34538225899922,1.02892107706672
7.34568225899922,1.02887420443896
7.34598225899922,1.02877061935152
7.34628225899922,1.02861297140251
7.34658225899922,1.02840580487536
7.34688225899922,1.02815374075888
7.34718225899922,1.02786140004189
7.34748225899922,1.02753340371319
7.34778225899921,1.02717437276158
7.34808225899921,1.02678892817587
7.34838225899921,1.02638169094487
7.34868225899921,1.02595731174329
7.34898225899921,1.02552067974169
7.34928225899921,1.02507615359856
7.34958225899921,1.02462605223878
7.34988225899921,1.0241719033001
7.35018225899921,1.02371523082176
7.35048225899921,1.02325755884303
7.35078225899921,1.02280041140316
7.35108225899921,1.02234531254141
7.35138225899921,1.02189378629705
7.35168225899921,1.0214473566993
7.3519822589992,1.02100744037485
7.3522822589992,1.02057470370424
7.3525822589992,1.02014783590228
7.3528822589992,1.01972504830801
7.3531822589992,1.01930457954476
7.3534822589992,1.01888466823584
7.3537822589992,1.01846355300456
7.3540822589992,1.01803947247424
7.3543822589992,1.0176106652682
7.3546822589992,1.01717537000975
7.3549822589992,1.01673182711592
7.3552822589992,1.01627830900625
7.3555822589992,1.01581378334788
7.3558822589992,1.0153396264435
7.35618225899919,1.01485782027485
7.35648225899919,1.0143703614241
7.35678225899919,1.01387924647342
7.35708225899919,1.01338647200498
7.35738225899919,1.01289403460096
7.35768225899919,1.01240393084353
7.35798225899919,1.01191815731487
7.35828225899919,1.01143870545205
7.35858225899919,1.01096782909023
7.35888225899919,1.01050636448497
7.35918225899919,1.01005292075504
7.35948225899919,1.0096061361989
7.35978225899919,1.00916464961356
7.36008225899919,1.00872709979604
7.36038225899919,1.00829212554335
7.36068225899918,1.00785836565253
7.36098225899918,1.00742445892059
7.36128225899918,1.00698904415048
7.36158225899918,1.00655077862497
7.36188225899918,1.00610789060395
7.36218225899918,1.00566066424185
7.36248225899918,1.00521015462511
7.36278225899918,1.00475733464751
7.36308225899918,1.00430317720285
7.36338225899918,1.00384865518495
7.36368225899918,1.00339474148759
7.36398225899918,1.00294240900458
7.36428225899918,1.00249263062971
7.36458225899918,1.00204637724584
7.36488225899917,1.0016046422647
7.36518225899917,1.00116802382949
7.36548225899917,1.00073459713111
7.36578225899917,1.00030203572614
7.36608225899917,0.999868012805902
7.36638225899917,0.999430201561731
7.36668225899917,0.99898627518496
7.36698225899917,0.998533906866918
7.36728225899917,0.998070769798939
7.36758225899917,0.997594537172353
7.36788225899917,0.997102891452058
7.36818225899917,0.99659362563739
7.36848225899917,0.996068135321289
7.36878225899917,0.995531728316177
7.36908225899916,0.994990029242058
7.36938225899916,0.994448663457084
7.36968225899916,0.993913256319406
7.36998225899916,0.993389433187177
7.37028225899916,0.992882819418548
7.37058225899916,0.992399040371671
7.37088225899916,0.991943721411615
7.37118225899916,0.991522519780475
7.37148225899916,0.991140246289719
7.37178225899916,0.990795511094659
7.37208225899916,0.990484286964918
7.37238225899916,0.990202450348277
7.37268225899916,0.989945877692516
7.37298225899916,0.989710445445417
7.37328225899916,0.989492030054762
7.37358225899915,0.98928650796833
7.37388225899915,0.989089755633903
7.37418225899915,0.988897644952573
7.37448225899915,0.988705862456424
7.37478225899915,0.988510940185659
7.37508225899915,0.988312358946345
7.37538225899915,0.988110488121617
7.37568225899915,0.987905723878824
7.37598225899915,0.987698462385316
7.37628225899915,0.987489099808442
7.37658225899915,0.987278032315555
7.37688225899915,0.987065656074001
7.37718225899915,0.986852367251133
7.37748225899915,0.986638571832638
7.37778225899914,0.986424947236762
7.37808225899914,0.986213293004521
7.37838225899914,0.986004683172997
7.37868225899914,0.985799621676963
7.37898225899914,0.985598610709769
7.37928225899914,0.985402152464763
7.37958225899914,0.985210749135293
7.37988225899914,0.985024902914709
7.38018225899914,0.98484511599636
7.38048225899914,0.984671890585629
7.38078225899914,0.984505753212635
7.38108225899914,0.984346452145083
7.38138225899914,0.984191741051763
7.38168225899914,0.984040311909858
7.38198225899913,0.983891091583673
7.38228225899913,0.983743006937508
7.38258225899913,0.983594984835666
7.38288225899913,0.983445952142448
7.38318225899913,0.983294835722158
7.38348225899913,0.983140562439097
7.38378225899913,0.982982060463643
7.38408225899913,0.982818387715301
7.38438225899913,0.982650544541459
7.38468225899913,0.982481337435096
7.38498225899913,0.982313124313677
7.38528225899913,0.98214823517946
7.38558225899913,0.981989000034708
7.38588225899913,0.981837748881679
7.38618225899913,0.981696811722636
7.38648225899912,0.981568518559839
7.38678225899912,0.981455199395547
7.38708225899912,0.981359145454306
7.38738225899912,0.981282043568903
7.38768225899912,0.981222774355779
7.38798225899912,0.981178461709065
7.38828225899912,0.981146182668871
7.38858225899912,0.981123014257356
7.38888225899912,0.981106033496676
7.38918225899912,0.981092317408992
7.38948225899912,0.981078943016459
7.38978225899912,0.981062987341236
7.39008225899912,0.981041527493385
7.39038225899912,0.981011800498287
7.39068225899911,0.980972140197135
7.39098225899911,0.980924926271844
7.39128225899911,0.980874276644151
7.39158225899911,0.980824387365227
7.39188225899911,0.980779454486245
7.39218225899911,0.980743674058377
7.39248225899911,0.980721242132795
7.39278225899911,0.98071635476067
7.39308225899911,0.980733207993175
7.39338225899911,0.980775990981228
7.39368225899911,0.98084870291473
7.39398225899911,0.980953407493154
7.39428225899911,0.981088274475582
7.39458225899911,0.981251041495656
7.3948822589991,0.981439446967857
7.3951822589991,0.981651229306662
7.3954822589991,0.981884126926554
7.3957822589991,0.982135878242011
7.3960822589991,0.982404221667513
7.3963822589991,0.982686895617541
7.3966822589991,0.982981641877329
7.3969822589991,0.983286235301344
7.3972822589991,0.983600156824603
7.3975822589991,0.983923541753752
7.3978822589991,0.984256157441225
7.3981822589991,0.984597770365063
7.3984822589991,0.98494814700331
7.3987822589991,0.985307053834006
7.39908225899909,0.985674257335194
7.39938225899909,0.986049523984917
7.39968225899909,0.98643262024893
7.39998225899909,0.986823296564513
7.40028225899909,0.987220791910427
7.40058225899909,0.987622484050069
7.40088225899909,0.98802612062432
7.40118225899909,0.988429596375595
7.40148225899909,0.988830806046308
7.40178225899909,0.989227644378873
7.40208225899909,0.989618006115705
7.40238225899909,0.989999785999219
7.40268225899909,0.99037087877183
7.40298225899909,0.99072918445962
7.40328225899909,0.991072817968808
7.40358225899908,0.991401460769616
7.40388225899908,0.991716496438076
7.40418225899908,0.992019227565449
7.40448225899908,0.99231094691485
7.40478225899908,0.992592947249392
7.40508225899908,0.992866521332188
7.40538225899908,0.993132961926352
7.40568225899908,0.993393561794999
7.40598225899908,0.99364961370124
7.40628225899908,0.993902362814417
7.40658225899908,0.99415237686269
7.40688225899908,0.994398439233027
7.40718225899908,0.994638420322757
7.40748225899908,0.994870085742054
7.40778225899907,0.995091200933422
7.40808225899907,0.995299531339366
7.40838225899907,0.995492842402389
7.40868225899907,0.995668899564996
7.40898225899907,0.99582546826969
7.40928225899907,0.995960314102695
7.40958225899907,0.996071364944846
7.40988225899907,0.996157813459077
7.41018225899907,0.996221196177014
7.41048225899907,0.996263973731546
7.41078225899907,0.996288677291141
7.41108225899907,0.996297838024271
7.41138225899907,0.996293987099402
7.41168225899907,0.996279655685006
7.41198225899906,0.99625737494955
7.41228225899906,0.996229676061505
7.41258225899906,0.99619909018934
7.41288225899906,0.996168148501523
7.41318225899906,0.996139382166524
7.41348225899906,0.996115322352813
7.41378225899906,0.996098500228859
7.41408225899906,0.99609144696313
7.41438225899906,0.996096693724097
7.41468225899906,0.996116771680227
7.41498225899906,0.996154211999992
7.41528225899906,0.99621154585186
7.41558225899906,0.996291304404299
