#%Name: Hematite
#%Formula: alpha-Fe2O3
#%Mineral class: oxides
#%Xtal system: trigonal 
#%Edge: K
#%Sample prep: powder mixed with DI water, air dried on Cu TEM grid, then plunged in liquid ethane and cryo-transfered. sample mounted at 40 deg.
#%Beamline: ALS 10.3.2. HxV slits = 50x20 um
#%Det:  I0=N2, Fluorescence mode, Amptek C2
#%Ref/notes:  Chemplex standard, average of three qxas scans, overabsorption corrected
#%Temp: -173 Celcius, pressure=1 10^-6 torr 
#%Time&date: 8:04 PM 3/29/2023. Sirine C. Fakra
#%============================================================
7.01114581582,-0.000406779559159397
7.01144581582,-0.000401880475769168
7.01174581582,-0.000394976439870079
7.01204581582,-0.000387522612663031
7.01234581582,-0.000380974155348923
7.01264581582,-0.000376786229128656
7.01294581582,-0.000376413743355985
7.01324581582,-0.000380900445300536
7.01354581581999,-0.000389107500921045
7.01384581581999,-0.0003981281999307
7.01414581581999,-0.000404948204106485
7.01444581581999,-0.00040741233202253
7.01474581581999,-0.000406053617693717
7.01504581581999,-0.000402115572674378
7.01534581581999,-0.000398565977975865
7.01564581581999,-0.000398119096529115
7.01594581581999,-0.000401915236124024
7.01624581581999,-0.000409202460567078
7.01654581581999,-0.000415785763083917
7.01684581581999,-0.000420103309249353
7.01714581581999,-0.000421471188113916
7.01744581581999,-0.000422500209583865
7.01774581581998,-0.000422473806274592
7.01804581581998,-0.000419218899643668
7.01834581581998,-0.000410491250119675
7.01864581581998,-0.00039827763576909
7.01894581581998,-0.000387711597231395
7.01924581581998,-0.000382943767796075
7.01954581581998,-0.000383076998803728
7.01984581581998,-0.000383546743743958
7.02014581581998,-0.000380060620367213
7.02044581581998,-0.000373431651792928
7.02074581581998,-0.000368443247327164
7.02104581581998,-0.00037018474075729
7.02134581581998,-0.000379597631759155
7.02164581581998,-0.00039098153094184
7.02194581581997,-0.000397219906636757
7.02224581581997,-0.000392831246268205
7.02254581581997,-0.000379165272761886
7.02284581581997,-0.000361351879850292
7.02314581581997,-0.000344638160203418
7.02344581581997,-0.000332762298285681
7.02374581581997,-0.000327501844409402
7.02404581581997,-0.000330232173830546
7.02434581581997,-0.000340502172608835
7.02464581581997,-0.000353025763493793
7.02494581581997,-0.000360479179770398
7.02524581581997,-0.000356872881866935
7.02554581581997,-0.000343938011230142
7.02584581581997,-0.000330001847634656
7.02614581581997,-0.000323557052913971
7.02644581581996,-0.000327979095780301
7.02674581581996,-0.000337027878737756
7.02704581581996,-0.000342379541475888
7.02734581581996,-0.00033755587860938
7.02764581581996,-0.000325905517694624
7.02794581581996,-0.000316561848268074
7.02824581581996,-0.000318345296148031
7.02854581581996,-0.000332396579335561
7.02884581581996,-0.000348731380820545
7.02914581581996,-0.00035640116122396
7.02944581581996,-0.000348185977301697
7.02974581581996,-0.000331033569414582
7.03004581581996,-0.000315644855224971
7.03034581581996,-0.000312257434207577
7.03064581581995,-0.000320138353976238
7.03094581581995,-0.000330623072064961
7.03124581581995,-0.000334719393779764
7.03154581581995,-0.000329046136331211
7.03184581581995,-0.000320793850527708
7.03214581581995,-0.000318088992691531
7.03244581581995,-0.000325956698242731
7.03274581581995,-0.000338773004844726
7.03304581581995,-0.000348151393407197
7.03334581581995,-0.000347379614262447
7.03364581581995,-0.000337506502011631
7.03394581581995,-0.000324020319409218
7.03424581581995,-0.000311841943059308
7.03454581581995,-0.000302595505520095
7.03484581581994,-0.000295465458921097
7.03514581581994,-0.000289753628291453
7.03544581581994,-0.000287168730644981
7.03574581581994,-0.000288897223935393
7.03604581581994,-0.000295501767392399
7.03634581581994,-0.000305086106342165
7.03664581581994,-0.000314006381002324
7.03694581581994,-0.000319547560540525
7.03724581581994,-0.000319906791648652
7.03754581581994,-0.000315646026836137
7.03784581581994,-0.000306897915837268
7.03814581581994,-0.000293646002897117
7.03844581581994,-0.000276248077426788
7.03874581581994,-0.0002584598600974
7.03904581581993,-0.000245034327496398
7.03934581581993,-0.000239780509002275
7.03964581581993,-0.000241460588595308
7.03994581581993,-0.000245773584874705
7.04024581581993,-0.000248726281166552
7.04054581581993,-0.000248676630467028
7.04084581581993,-0.000246206792381002
7.04114581581993,-0.00024203094066885
7.04144581581993,-0.000236873959480878
7.04174581581993,-0.000233884090049115
7.04204581581993,-0.000236975958253183
7.04234581581993,-0.000249251794076597
7.04264581581993,-0.000266859780419514
7.04294581581993,-0.000281224064023943
7.04324581581993,-0.000284172172410523
7.04354581581992,-0.000274059573681964
7.04384581581992,-0.000258276988550712
7.04414581581992,-0.000244953469495015
7.04444581581992,-0.000239096992247806
7.04474581581992,-0.000236686339661675
7.04504581581992,-0.000231346365143174
7.04534581581992,-0.000218228084403153
7.04564581581992,-0.000200351868340287
7.04594581581992,-0.000185529764120935
7.04624581581992,-0.000180633307325405
7.04654581581992,-0.000186236980132815
7.04684581581992,-0.00019723785537752
7.04714581581992,-0.0002084655830446
7.04744581581992,-0.000218615328545135
7.04774581581991,-0.000227014434818977
7.04804581581991,-0.000232433367939877
7.04834581581991,-0.000230926410640611
7.04864581581991,-0.000219650416468851
7.04894581581991,-0.000199392903262983
7.04924581581991,-0.000173058159366543
7.04954581581991,-0.000149054254784709
7.04984581581991,-0.000134442177663407
7.05014581581991,-0.000135149871877183
7.05044581581991,-0.000148345389844626
7.05074581581991,-0.000164249217206409
7.05104581581991,-0.000172491577895222
7.05134581581991,-0.000167899628095813
7.05164581581991,-0.000156435051660328
7.0519458158199,-0.00014780828316556
7.0522458158199,-0.000150283421138186
7.0525458158199,-0.000162863186471359
7.0528458158199,-0.000176145374295615
7.0531458158199,-0.000180240880392723
7.0534458158199,-0.000169701696579598
7.0537458158199,-0.000148758162498133
7.0540458158199,-0.000124037511151205
7.0543458158199,-0.000101134657586432
7.0546458158199,-8.30700515598795e-05
7.0549458158199,-7.18239043826281e-05
7.0552458158199,-6.95092064371795e-05
7.0555458158199,-7.58257943701989e-05
7.0558458158199,-8.50103163909706e-05
7.0561458158199,-9.07013690128211e-05
7.05644581581989,-8.8234624925748e-05
7.05674581581989,-8.12212000409612e-05
7.05704581581989,-7.57618448334868e-05
7.05734581581989,-7.77302771566079e-05
7.05764581581989,-8.77512297685188e-05
7.05794581581989,-0.000102316846221102
7.05824581581989,-0.000117055749683167
7.05854581581989,-0.000126076336257624
7.05884581581989,-0.000125202852421781
7.05914581581989,-0.000110897318074295
7.05944581581989,-8.44002305276041e-05
7.05974581581989,-5.31149898961701e-05
7.06004581581989,-2.56099576829746e-05
7.06034581581989,-9.23005201950224e-06
7.06064581581988,-4.75060938495104e-06
7.06094581581988,-8.75230565915035e-06
7.06124581581988,-1.71159821242951e-05
7.06154581581988,-2.5218471348667e-05
7.06184581581988,-3.1154265888097e-05
7.06214581581988,-3.3429411256963e-05
7.06244581581988,-3.13082372664745e-05
7.06274581581988,-2.50840750567843e-05
7.06304581581988,-1.53017411785824e-05
7.06334581581988,-4.61286865396065e-06
7.06364581581988,3.49234036895681e-06
7.06394581581988,7.1622379585631e-06
7.06424581581988,5.94411524651103e-06
7.06454581581988,3.80440251053252e-06
7.06484581581987,4.73263187752272e-06
7.06514581581987,1.24168052560506e-05
7.06544581581987,2.7484306762274e-05
7.06574581581987,4.35051111652491e-05
7.06604581581987,5.22005177494002e-05
7.06634581581987,4.64586606346468e-05
7.06664581581987,3.0755908886913e-05
7.06694581581987,1.81981744757089e-05
7.06724581581987,2.13307122385458e-05
7.06754581581987,4.28517179491422e-05
7.06784581581987,7.12884082051418e-05
7.06814581581987,9.38859714983416e-05
7.06844581581987,0.000102304997161728
7.06874581581987,9.92715888878402e-05
7.06904581581987,9.05303418654187e-05
7.06934581581986,8.16623095471793e-05
7.06964581581986,7.45566644426655e-05
7.06994581581986,6.80887992938517e-05
7.07024581581986,6.10533989595372e-05
7.07054581581986,5.38889129453925e-05
7.07084581581986,5.02716322893026e-05
7.07114581581986,5.38724691274966e-05
7.07144581581986,6.38625590808603e-05
7.07174581581986,7.48927807333344e-05
7.07204581581986,8.10256252901133e-05
7.07234581581986,8.06075857044562e-05
7.07264581581986,7.8777765482198e-05
7.07294581581986,8.15478689919e-05
7.07324581581986,9.32349234883966e-05
7.07354581581985,0.000110973156645414
7.07384581581985,0.000129072253828183
7.07414581581985,0.000142149161864843
7.07444581581985,0.000149951662459976
7.07474581581985,0.000155882756907552
7.07504581581985,0.000163507423908385
7.07534581581985,0.000173669586666511
7.07564581581985,0.000183867275072487
7.07594581581985,0.000191930322083249
7.07624581581985,0.000196655878410383
7.07654581581985,0.000200330986919586
7.07684581581985,0.00020573368808052
7.07714581581985,0.000215182593264848
7.07744581581985,0.000226291127998289
7.07774581581984,0.000233479179963346
7.07804581581984,0.000231124811623819
7.07834581581984,0.000218567133014603
7.07864581581984,0.000203383355134277
7.07894581581984,0.000194389771446514
7.07924581581984,0.000198130023037289
7.07954581581984,0.000211599552885515
7.07984581581984,0.000228512740872211
7.08014581581984,0.000242803155688562
7.08044581581984,0.000252351779738217
7.08074581581984,0.000257529259056093
7.08104581581984,0.000258748183377333
7.08134581581984,0.000257248553852259
7.08164581581984,0.00025600092429048
7.08194581581983,0.000258496173940873
7.08224581581983,0.000267497925470748
7.08254581581983,0.000282508011379341
7.08284581581983,0.000301653583326365
7.08314581581983,0.000322839543130986
7.08344581581983,0.000342630482629076
7.08374581581983,0.000358399368478565
7.08404581581983,0.000368200724584142
7.08434581581983,0.000373756668723628
7.08464581581983,0.000378935847567569
7.08494581581983,0.000384844871209414
7.08524581581983,0.000390577768813472
7.08554581581983,0.00039004489475578
7.08584581581983,0.00038049854653822
7.08614581581983,0.000360232519345059
7.08644581581982,0.000332406074712298
7.08674581581982,0.00030420124628423
7.08704581581982,0.000283168329671923
7.08734581581982,0.000275959964718417
7.08764581581982,0.000282480013238303
7.08794581581982,0.000297588563383265
7.08824581581982,0.000314833020479377
7.08854581581982,0.000327835763648834
7.08884581581982,0.000339131609712821
7.08914581581982,0.000353375119537208
7.08944581581982,0.000381956148342096
7.08974581581982,0.000422789733448887
7.09004581581982,0.000466831880884753
7.09034581581982,0.000499142677898951
7.09064581581981,0.000520193276200536
7.09094581581981,0.000552709880008338
7.09124581581981,0.000620707263063522
7.09154581581981,0.00073399601480214
7.09184581581981,0.000867979112395922
7.09214581581981,0.000994132681134255
7.09244581581981,0.00109322731529138
7.09274581581981,0.0011708602536662
7.09304581581981,0.0012399859188135
7.09334581581981,0.00131112157046286
7.09364581581981,0.00138626281632215
7.09394581581981,0.00146273334896464
7.09424581581981,0.00153730865770942
7.09454581581981,0.0016034193683934
7.0948458158198,0.00165050319781671
7.0951458158198,0.00166813473680535
7.0954458158198,0.00167015017528894
7.0957458158198,0.00176979505636595
7.0960458158198,0.00202632499612518
7.0963458158198,0.00217884186317056
7.0966458158198,0.00247654653995262
7.0969458158198,0.00251729886748365
7.0972458158198,0.00253578640733829
7.0975458158198,0.00238120149747594
7.0978458158198,0.00267633149322804
7.0981458158198,0.00277405950472933
7.0984458158198,0.00307294581741021
7.0987458158198,0.00308969155035742
7.0990458158198,0.00320592199852374
7.09934581581979,0.00348014089081186
7.09964581581979,0.00366730634111718
7.09994581581979,0.00370149136442963
7.10024581581979,0.00380397720985694
7.10054581581979,0.00405236854701442
7.10084581581979,0.00434604471050229
7.10114581581979,0.00446040735977656
7.10144581581979,0.00455590580444137
7.10174581581979,0.00490442363196682
7.10204581581979,0.00500829283217361
7.10234581581979,0.00502775903680189
7.10264581581979,0.00508369057977282
7.10294581581979,0.00552143641944891
7.10324581581979,0.00552396663472459
7.10354581581978,0.00580144567571658
7.10384581581978,0.00613275919720131
7.10414581581978,0.00667211881465398
7.10444581581978,0.00667980793154926
7.10474581581978,0.00695627173216455
7.10504581581978,0.00694187369622951
7.10534581581978,0.00727577129018603
7.10564581581978,0.00768729145835645
7.10594581581978,0.00807510762940383
7.10624581581978,0.00814846299406989
7.10654581581978,0.00871918268063374
7.10684581581978,0.0091706318408046
7.10714581581978,0.00968888677668114
7.10744581581978,0.0100599698024171
7.10774581581977,0.0103007770969019
7.10804581581977,0.0106377857687473
7.10834581581977,0.0113006421456589
7.10864581581977,0.0120972903356785
7.10894581581977,0.0126963159974008
7.10924581581977,0.0137963865325372
7.10954581581977,0.014492469611984
7.10984581581977,0.0154344426941093
7.11014581581977,0.0167824096070142
7.11044581581977,0.0186597716797914
7.11074581581977,0.0204394377322271
7.11104581581977,0.0237421468522917
7.11134581581977,0.0284928059170836
7.11164581581977,0.0348109054040894
7.11194581581977,0.0431613558312382
7.11224581581976,0.0498909965707119
7.11254581581976,0.0545449552772116
7.11284581581976,0.0588778516814307
7.11314581581976,0.0622008342179496
7.11344581581976,0.0699375726301005
7.11374581581976,0.0710195556251848
7.11404581581976,0.0719396529385295
7.11434581581976,0.0694871939000366
7.11464581581976,0.0673564427987151
7.11494581581976,0.0653283031031636
7.11524581581976,0.0661888063189128
7.11554581581976,0.0666256967740013
7.11584581581976,0.0699174160371895
7.11614581581976,0.0707910813584649
7.11644581581975,0.0735922067785789
7.11674581581975,0.0738040284916082
7.11704581581975,0.0748907652518422
7.11734581581975,0.0759933702403208
7.11764581581975,0.078196814372558
7.11794581581975,0.0812775332393681
7.11824581581975,0.0846021422670957
7.11854581581975,0.0896201303662346
7.11884581581975,0.0964648478723867
7.11914581581975,0.103726720784766
7.11944581581975,0.11415284467217
7.11974581581975,0.130208644335685
7.12004581581975,0.145496301642751
7.12034581581975,0.167809228083826
7.12064581581974,0.188107239001489
7.12094581581974,0.221701106225277
7.12124581581974,0.251039411667923
7.12154581581974,0.293541230783166
7.12184581581974,0.3322848190969
7.12214581581974,0.389611742431503
7.12244581581974,0.429860129807862
7.12274581581974,0.484461325420292
7.12304581581974,0.517423859328016
7.12334581581974,0.559903810861958
7.12364581581974,0.596494667215766
7.12394581581974,0.634592080818375
7.12424581581974,0.668641912726777
7.12454581581974,0.707081603370333
7.12484581581973,0.759930010403202
7.12514581581973,0.792468868365538
7.12544581581973,0.856243195615492
7.12574581581973,0.899294789224653
7.12604581581973,0.966334672318654
7.12634581581973,0.999805137824699
7.12664581581973,1.05367063100565
7.12694581581973,1.08451249128054
7.12724581581973,1.14278671613601
7.12754581581973,1.15313434731025
7.12784581581973,1.20811793869932
7.12814581581973,1.21939678216578
7.12844581581973,1.25207946110337
7.12874581581973,1.26016697135356
7.12904581581973,1.27740194790554
7.12934581581972,1.28311881081403
7.12964581581972,1.29330972389065
7.12994581581972,1.27925156751231
7.13024581581972,1.28454327669874
7.13054581581972,1.3042403081891
7.13084581581972,1.29024990440571
7.13114581581972,1.32247220625677
7.13144581581972,1.32724967640698
7.13174581581972,1.3514060943364
7.13204581581972,1.3761018903705
7.13234581581972,1.35890434256038
7.13264581581972,1.36496169573401
7.13294581581972,1.3901259501387
7.13324581581972,1.35474365614892
7.13354581581971,1.35967833334511
7.13384581581971,1.3488066937382
7.13414581581971,1.33276306601495
7.13444581581971,1.33111689059468
7.13474581581971,1.32371590642465
7.13504581581971,1.28896826188211
7.13534581581971,1.26725244759159
7.13564581581971,1.26405314502003
7.13594581581971,1.25560495117385
7.13624581581971,1.25224679934185
7.13654581581971,1.23563416190737
7.13684581581971,1.23069194975759
7.13714581581971,1.21775929216772
7.13744581581971,1.22480052221736
7.1377458158197,1.20570771796136
7.1380458158197,1.19543301331101
7.1383458158197,1.18503018428083
7.1386458158197,1.17725236456812
7.1389458158197,1.14982933066432
7.1392458158197,1.15513966724519
7.1395458158197,1.14511305359303
7.1398458158197,1.11676101822938
7.1401458158197,1.12228486901152
7.1404458158197,1.11177018650254
7.1407458158197,1.09829031176289
7.1410458158197,1.08790123981062
7.1413458158197,1.07747847160858
7.1416458158197,1.06764929195725
7.1419458158197,1.05905353446247
7.14224581581969,1.05194355060125
7.14254581581969,1.04554187477026
7.14284581581969,1.03984402091339
7.14314581581969,1.03502718501712
7.14344581581969,1.03154620347899
7.14374581581969,1.02958061916218
7.14404581581969,1.02913277443062
7.14434581581969,1.03033989695127
7.14464581581969,1.03283971458347
7.14494581581969,1.03560795762867
7.14524581581969,1.03739015290184
7.14554581581969,1.03715190974323
7.14584581581969,1.03599380428907
7.14614581581969,1.03540425155141
7.14644581581968,1.03727323751995
7.14674581581968,1.04045778099865
7.14704581581968,1.0425012126757
7.14734581581968,1.0404387221708
7.14764581581968,1.033613144046
7.14794581581968,1.02426225815322
7.14824581581968,1.01499935047229
7.14854581581968,1.00813521333835
7.14884581581968,1.00312401176033
7.14914581581968,0.998947108288842
7.14944581581968,0.993995656180332
7.14974581581968,0.987593870895185
7.15004581581968,0.979594258033598
7.15034581581968,0.970413757404151
7.15064581581967,0.961341260883171
7.15094581581967,0.953707819384608
7.15124581581967,0.948565797839819
7.15154581581967,0.945405383710784
7.15184581581967,0.942558103966346
7.15214581581967,0.938302387831237
7.15244581581967,0.931865544614449
7.15274581581967,0.924415488039486
7.15304581581967,0.917644508592394
7.15334581581967,0.913015171946793
7.15364581581967,0.910296431742159
7.15394581581967,0.907971060290853
7.15424581581967,0.904478320744747
7.15454581581967,0.899040274205396
7.15484581581967,0.892581462400755
7.15514581581966,0.886256710249356
7.15544581581966,0.881161399648873
7.15574581581966,0.877264108883135
7.15604581581966,0.874100377834432
7.15634581581966,0.871085826349231
7.15664581581966,0.867678490982408
7.15694581581966,0.863542973754999
7.15724581581966,0.858403786578065
7.15754581581966,0.852634173490898
7.15784581581966,0.84759176139588
7.15814581581966,0.844744722992994
7.15844581581966,0.845079244327109
7.15874581581966,0.847331491178632
7.15904581581966,0.849468958114843
7.15934581581965,0.849524428791932
7.15964581581965,0.847310908862477
7.15994581581965,0.844238340751875
7.16024581581965,0.841839259903671
7.16054581581965,0.841206605668575
7.16084581581965,0.841930746732321
7.16114581581965,0.843355782177449
7.16144581581965,0.844500003808272
7.16174581581965,0.845298717583263
7.16204581581965,0.846139836085338
7.16234581581965,0.84778347164578
7.16264581581965,0.850531292676292
7.16294581581965,0.853732449654392
7.16324581581965,0.85658794548937
7.16354581581964,0.858427103946197
7.16384581581964,0.859770170354897
7.16414581581964,0.861305711378931
7.16444581581964,0.863564866743672
7.16474581581964,0.866179961589929
7.16504581581964,0.868470321932504
7.16534581581964,0.869985646562339
7.16564581581964,0.871291383263573
7.16594581581964,0.873595434739328
7.16624581581964,0.878026539514484
7.16654581581964,0.884610094302935
7.16684581581964,0.891783576781079
7.16714581581964,0.897799079445303
7.16744581581964,0.901306822186649
7.16774581581963,0.903012613722585
7.16804581581963,0.904337236267324
7.16834581581963,0.906802407284645
7.16864581581963,0.911002115494467
7.16894581581963,0.916510691222235
7.16924581581963,0.92283557026463
7.16954581581963,0.929553523300012
7.16984581581963,0.936646600105684
7.17014581581963,0.944118534067768
7.17044581581963,0.951536978583703
7.17074581581963,0.958136924256483
7.17104581581963,0.963141992762087
7.17134581581963,0.966422328592777
7.17164581581963,0.96921346834228
7.17194581581963,0.973146139507252
7.17224581581962,0.979553461064112
7.17254581581962,0.988181822249328
7.17284581581962,0.997809777829363
7.17314581581962,1.00717968888834
7.17344581581962,1.01557832734469
7.17374581581962,1.02267334222889
7.17404581581962,1.02814712650258
7.17434581581962,1.03191303475264
7.17464581581962,1.03500938223642
7.17494581581962,1.03922021943204
7.17524581581962,1.04607313514833
7.17554581581962,1.05507204073024
7.17584581581962,1.06359001224999
7.17614581581962,1.06886962803111
7.17644581581961,1.06981719330168
7.17674581581961,1.06846862364665
7.17704581581961,1.06766524365537
7.17734581581961,1.06950258307717
7.17764581581961,1.07356123219824
7.17794581581961,1.07807535578634
7.17824581581961,1.08141245371779
7.17854581581961,1.08310937256209
7.17884581581961,1.08382973856677
7.17914581581961,1.0843575926241
7.17944581581961,1.08535595697114
7.17974581581961,1.08671585372218
7.18004581581961,1.08804701580035
7.18034581581961,1.08858716714966
7.1806458158196,1.08807678613863
7.1809458158196,1.08725091249546
7.1812458158196,1.08714357135308
7.1815458158196,1.08881958827152
7.1818458158196,1.09130036777954
7.1821458158196,1.09323865050407
7.1824458158196,1.09286473559195
7.1827458158196,1.09036946340772
7.1830458158196,1.08683434399443
7.1833458158196,1.08371299566885
7.1836458158196,1.08180261486146
7.1839458158196,1.08076084118655
7.1842458158196,1.08005793074675
7.1845458158196,1.07899204963485
7.1848458158196,1.07766597601317
7.18514581581959,1.07634737507316
7.18544581581959,1.0756555742282
7.18574581581959,1.07564659422848
7.18604581581959,1.07605783713899
7.18634581581959,1.07627449733074
7.18664581581959,1.07592984880388
7.18694581581959,1.07538246381856
7.18724581581959,1.07516830740868
7.18754581581959,1.07573233441862
7.18784581581959,1.07611264810914
7.18814581581959,1.07513721705841
7.18844581581959,1.0719588054809
7.18874581581959,1.06812993179183
7.18904581581959,1.06606508165155
7.18934581581958,1.06766631780017
7.18964581581958,1.0718026398637
7.18994581581958,1.07518020660428
7.19024581581958,1.07474061399087
7.19054581581958,1.07000379832121
7.19084581581958,1.06361600335872
7.19114581581958,1.05850559449151
7.19144581581958,1.05630600086024
7.19174581581958,1.05586689824469
7.19204581581958,1.05527122397872
7.19234581581958,1.0530354833293
7.19264581581958,1.04933786551956
7.19294581581958,1.04532825221995
7.19324581581958,1.04209518045033
7.19354581581957,1.04027273896533
7.19384581581957,1.04024917176122
7.19414581581957,1.04239473447162
7.19444581581957,1.04674008290502
7.19474581581957,1.0513758647093
7.19504581581957,1.0537123180888
7.19534581581957,1.05139365895178
7.19564581581957,1.04487960711514
7.19594581581957,1.0369743003396
7.19624581581957,1.03049311224397
7.19654581581957,1.02693787034064
7.19684581581957,1.02550498513888
7.19714581581957,1.02514484567974
7.19744581581957,1.02524492741473
7.19774581581957,1.02527333144082
7.19804581581956,1.02461183869525
7.19834581581956,1.02226567947447
7.19864581581956,1.01809516037764
7.19894581581956,1.0132960280053
7.19924581581956,1.00933832328113
7.19954581581956,1.00762262987244
7.19984581581956,1.00757959823383
7.20014581581956,1.00829421708936
7.20044581581956,1.00838975735327
7.20074581581956,1.0077049618663
7.20104581581956,1.00668229588778
7.20134581581956,1.00602404801117
7.20164581581956,1.00588846756691
7.20194581581956,1.00555678381524
7.20224581581955,1.00421583538496
7.20254581581955,1.0013335148023
7.20284581581955,0.997493491456541
7.20314581581955,0.993450744803776
7.20344581581955,0.990074935686017
7.20374581581955,0.987656023771095
7.20404581581955,0.986220790230209
7.20434581581955,0.985505057381694
7.20464581581955,0.984897040098171
7.20494581581955,0.983859891552617
7.20524581581955,0.98203898878045
7.20554581581955,0.979876610007721
7.20584581581955,0.978111505349767
7.20614581581955,0.977454660696974
7.20644581581954,0.978019194115271
7.20674581581954,0.979027352119067
7.20704581581954,0.979501345248777
7.20734581581954,0.978537090423874
7.20764581581954,0.976203997519653
7.20794581581954,0.973392166005491
7.20824581581954,0.971174884698081
7.20854581581954,0.970667539298348
7.20884581581954,0.971828870939472
7.20914581581954,0.974360811750536
7.20944581581954,0.977029858878513
7.20974581581954,0.978687580366273
7.21004581581954,0.978470173015913
7.21034581581954,0.97637053375503
7.21064581581954,0.97389117461131
7.21094581581953,0.972774436101114
7.21124581581953,0.974414614169565
7.21154581581953,0.978295367721427
7.21184581581953,0.982628030545032
7.21214581581953,0.98556258693103
7.21244581581953,0.986086162678114
7.21274581581953,0.984513558770562
7.21304581581953,0.981481887362502
7.21334581581953,0.977795901527714
7.21364581581953,0.974629181241485
7.21394581581953,0.973255875174171
7.21424581581953,0.974723988058898
7.21454581581953,0.978524584069641
7.21484581581953,0.982763460038752
7.21514581581952,0.985443222396973
7.21544581581952,0.985631914859059
7.21574581581952,0.984316466867461
7.21604581581952,0.983015489222796
7.21634581581952,0.982870670930638
7.21664581581952,0.983923729663747
7.21694581581952,0.98575003100362
7.21724581581952,0.988014703373808
7.21754581581952,0.990766218111324
7.21784581581952,0.993546702544741
7.21814581581952,0.995744310953072
7.21844581581952,0.99648480115198
7.21874581581952,0.996092960686992
7.21904581581952,0.995691282820658
7.21934581581951,0.996574193206583
7.21964581581951,0.999045047926641
7.21994581581951,1.00160204178586
7.22024581581951,1.00258067311733
7.22054581581951,1.00087613055144
7.22084581581951,0.99810137613531
7.22114581581951,0.996459834096415
7.22144581581951,0.997870197173934
7.22174581581951,1.00157529190328
7.22204581581951,1.00529436768094
7.22234581581951,1.00691839951025
7.22264581581951,1.00605139879335
7.22294581581951,1.0041880066566
7.22324581581951,1.00287928269618
7.2235458158195,1.00281721438012
7.2238458158195,1.00367004577622
7.2241458158195,1.00494682767389
7.2244458158195,1.00650038286645
7.2247458158195,1.00810037323577
7.2250458158195,1.00917838178143
7.2253458158195,1.00902977439862
7.2256458158195,1.007318799322
7.2259458158195,1.00497323788946
7.2262458158195,1.00310100766415
7.2265458158195,1.00289743546605
7.2268458158195,1.00393375208456
7.2271458158195,1.00523743108897
7.2274458158195,1.00546041253142
7.2277458158195,1.00410241580228
7.22804581581949,1.00174911692026
7.22834581581949,0.999272756979405
7.22864581581949,0.997584766046445
7.22894581581949,0.9960219669874
7.22924581581949,0.99365767506466
7.22954581581949,0.989362785779582
7.22984581581949,0.984243475430729
7.23014581581949,0.980279540424971
7.23044581581949,0.979573935240767
7.23074581581949,0.982227536110072
7.23104581581949,0.986316597408809
7.23134581581949,0.989713644004913
7.23164581581949,0.990694558444361
7.23194581581949,0.989580996020947
7.23224581581948,0.987044225060567
7.23254581581948,0.98440072499494
7.23284581581948,0.982482686488737
7.23314581581948,0.981725556493136
7.23344581581948,0.982262441514525
7.23374581581948,0.984023941052789
7.23404581581948,0.987246034472111
7.23434581581948,0.992091878159454
7.23464581581948,0.997871965334864
7.23494581581948,1.00272244885374
7.23524581581948,1.00467211960832
7.23554581581948,1.00282831939839
7.23584581581948,0.998575665413438
7.23614581581948,0.994001190298822
7.23644581581947,0.990943061902886
7.23674581581947,0.990126309243066
7.23704581581947,0.991511747492191
7.23734581581947,0.994894351119492
7.23764581581947,0.999292552342747
7.23794581581947,1.00339289913602
7.23824581581947,1.00593557848561
7.23854581581947,1.00694890932079
7.23884581581947,1.00740687616149
7.23914581581947,1.00818029145597
7.23944581581947,1.00932514071794
7.23974581581947,1.00983072342567
7.24004581581947,1.00958817726813
7.24034581581947,1.00878538918171
7.24064581581947,1.00849290641933
7.24094581581946,1.00833035833201
7.24124581581946,1.00747463760501
7.24154581581946,1.0049668704557
7.24184581581946,1.00109493785604
7.24214581581946,0.997025160432116
7.24244581581946,0.993774887284479
7.24274581581946,0.991740287078455
7.24304581581946,0.990969835693566
7.24334581581946,0.991551884377054
7.24364581581946,0.993620973290697
7.24394581581946,0.995823446000242
7.24424581581946,0.996385627374087
7.24454581581946,0.993644256275486
7.24484581581946,0.98865900032097
7.24514581581945,0.984370497044246
7.24544581581945,0.983666879144541
7.24574581581945,0.986998365888747
7.24604581581945,0.991048213916611
7.24634581581945,0.992182983164957
7.24664581581945,0.988055027896475
7.24694581581945,0.980921959933824
7.24724581581945,0.97429200702044
7.24754581581945,0.971467133347376
7.24784581581945,0.972649943475811
7.24814581581945,0.975713298403894
7.24844581581945,0.978313291516655
7.24874581581945,0.978694423429403
7.24904581581945,0.977267847368635
7.24934581581944,0.974789139287378
7.24964581581944,0.972804203211685
7.24994581581944,0.972425132824795
7.25024581581944,0.974414650667602
7.25054581581944,0.97868086349215
7.25084581581944,0.983393847825394
7.25114581581944,0.986249118224303
7.25144581581944,0.985294551418815
7.25174581581944,0.980916743539487
7.25204581581944,0.975620483788709
7.25234581581944,0.972065724261499
7.25264581581944,0.971638177337981
7.25294581581944,0.972845877230082
7.25324581581944,0.97334867232472
7.25354581581944,0.971265206627638
7.25384581581943,0.967322553685051
7.25414581581943,0.964198303002534
7.25444581581943,0.964481676429234
7.25474581581943,0.968849833738474
7.25504581581943,0.974999179035913
7.25534581581943,0.980240767589272
7.25564581581943,0.982702913884398
7.25594581581943,0.982969139177188
7.25624581581943,0.982512074498925
7.25654581581943,0.982750752365622
7.25684581581943,0.984003788743311
7.25714581581943,0.985409735840142
7.25744581581943,0.985937158944374
7.25774581581943,0.98452357357451
7.25804581581942,0.981631759659812
7.25834581581942,0.978086621640543
7.25864581581942,0.975598824378292
7.25894581581942,0.975966272619704
7.25924581581942,0.980600619311086
7.25954581581942,0.989929736075881
7.25984581581942,0.999905468456588
7.26014581581942,1.00328638401777
7.26044581581942,0.993426806644238
7.26074581581942,0.975364366169919
7.26104581581942,0.97651846769784
7.26134581581942,1.00080480477963
7.26164581581942,0.997566726154733
7.26194581581942,1.000000056457323
7.26224581581941,1.01481988499581
7.26254581581941,1.00004354622164
7.26284581581941,1.01212790348815
7.26314581581941,1.01652295157905
7.26344581581941,1.01000674362624
7.26374581581941,1.010005435646132
7.26404581581941,0.995654745727582
7.26434581581941,1.000054613511146
7.26464581581941,1.00824065054516
7.26494581581941,1.00660180376505
7.26524581581941,0.985125645760002
7.26554581581941,0.983274728971323
7.26584581581941,0.993590305228046
7.26614581581941,1.02043079236516
7.2664458158194,1.01067453700956
7.2667458158194,0.998681190588933
7.2670458158194,0.988744044291373
7.2673458158194,0.992255046733994
7.2676458158194,0.989268017867424
7.2679458158194,1.01102856891886
7.2682458158194,1.00617469116354
7.2685458158194,0.995652130750571
7.2688458158194,1.00170777444241
7.2691458158194,1.00259159529528
7.2694458158194,1.0044740137753
7.2697458158194,1.01830578752736
7.2700458158194,0.996965731641197
7.2703458158194,0.98677437393714
7.2706458158194,1.01782978830863
7.27094581581939,1.01184689619038
7.27124581581939,1.00545896948659
7.27154581581939,1.00031941846031
7.27184581581939,0.996672369732537
7.27214581581939,0.994761949924273
7.27244581581939,0.994785866605859
7.27274581581939,0.995922810583652
7.27304581581939,0.997423282116382
7.27334581581939,0.999190963173764
7.27364581581939,1.00113723648382
7.27394581581939,1.00317348477457
7.27424581581939,1.00521109077404
7.27454581581939,1.00716143721024
7.27484581581939,1.00893590681121
7.27514581581938,1.01044588230496
7.27544581581938,1.01160274641952
7.27574581581938,1.01234993927842
7.27604581581938,1.01281126459719
7.27634581581938,1.01306498387414
7.27664581581938,1.01316040471025
7.27694581581938,1.01314683470649
7.27724581581938,1.01307358146383
7.27754581581938,1.01298995258327
7.27784581581938,1.01294525566578
7.27814581581938,1.01298879831234
7.27844581581938,1.01316988812392
7.27874581581938,1.0135377638802
7.27904581581938,1.01411485111109
7.27934581581937,1.01486258489477
7.27964581581937,1.01574097610179
7.27994581581937,1.01671065647481
7.28024581581937,1.01773225775652
7.28054581581937,1.01876641168959
7.28084581581937,1.01977375001671
7.28114581581937,1.02071490448054
7.28144581581937,1.02155050682376
7.28174581581937,1.02224118878906
7.28204581581937,1.02274819992271
7.28234581581937,1.02305060321138
7.28264581581937,1.02317215933851
7.28294581581937,1.02315350512387
7.28324581581937,1.02303543810741
7.28354581581937,1.02285875582904
7.28384581581936,1.02266425582871
7.28414581581936,1.02249273564634
7.28444581581936,1.02238499282185
7.28474581581936,1.02238182489519
7.28504581581936,1.02252402940627
7.28534581581936,1.02285188453645
7.28564581581936,1.02338674393628
7.28594581581936,1.02409796754064
7.28624581581936,1.0249445939332
7.28654581581936,1.02588566169762
7.28684581581936,1.02688020941759
7.28714581581936,1.02788727567678
7.28744581581936,1.02886589905886
7.28774581581936,1.02977511814751
7.28804581581935,1.03057397152639
7.28834581581935,1.03122150374633
7.28864581581935,1.03167947859821
7.28894581581935,1.03194225458991
7.28924581581935,1.03204054222606
7.28954581581935,1.03200739204605
7.28984581581935,1.03187585458922
7.29014581581935,1.03167898039495
7.29044581581935,1.03144982000259
7.29074581581935,1.03122142395151
7.29104581581935,1.03102684278106
7.29134581581935,1.03089912703061
7.29164581581935,1.03087096231319
7.29194581581935,1.03096378439302
7.29224581581934,1.0311637124142
7.29254581581934,1.03144217000804
7.29284581581934,1.03177045146137
7.29314581581934,1.03211985106107
7.29344581581934,1.03246166309398
7.29374581581934,1.03276718184696
7.29404581581934,1.03300770160687
7.29434581581934,1.03315451666055
7.29464581581934,1.03317892129487
7.29494581581934,1.03305389129661
7.29524581581934,1.03277129781195
7.29554581581934,1.03235276145082
7.29584581581934,1.03182493979489
7.29614581581934,1.03121449042583
7.29644581581934,1.03054807092531
7.29674581581933,1.02985233887501
7.29704581581933,1.02915395185661
7.29734581581933,1.02847956745177
7.29764581581933,1.02785584324217
7.29794581581933,1.02730942496935
7.29824581581933,1.02686302904493
7.29854581581933,1.02651188616165
7.29884581581933,1.02622574084949
7.29914581581933,1.02597280414426
7.29944581581933,1.02572128708179
7.29974581581933,1.02543940069788
7.30004581581933,1.02509535602837
7.30034581581933,1.02465736410907
7.30064581581933,1.02409363597579
7.30094581581932,1.02337238266436
7.30124581581932,1.02246211125126
7.30154581581932,1.02134116964122
7.30184581581932,1.02002419152035
7.30214581581932,1.01854153682639
7.30244581581932,1.01692369182689
7.30274581581932,1.01520114278937
7.30304581581932,1.01340437598139
7.30334581581932,1.01156387767048
7.30364581581932,1.00971013412418
7.30394581581932,1.00787363161002
7.30424581581932,1.00608485639556
7.30454581581932,1.00437266830632
7.30484581581932,1.00275133147505
7.30514581581931,1.0012176347522
7.30544581581931,0.99976576493524
7.30574581581931,0.998389908821628
7.30604581581931,0.997084253208821
7.30634581581931,0.995842984894275
7.30664581581931,0.994660290675451
7.30694581581931,0.993530357349805
7.30724581581931,0.992447371714796
7.30754581581931,0.991405546721655
7.30784581581931,0.990405346289014
7.30814581581931,0.989454455641625
7.30844581581931,0.988553255911361
7.30874581581931,0.987701559353401
7.30904581581931,0.986899178222923
7.3093458158193,0.986145924775103
7.3096458158193,0.98544161126512
7.3099458158193,0.984786049948151
7.3102458158193,0.984179053079374
7.3105458158193,0.983620432913965
7.3108458158193,0.983109141537408
7.3111458158193,0.98262822762298
7.3114458158193,0.982158833124889
7.3117458158193,0.981688763044644
7.3120458158193,0.981205876090411
7.3123458158193,0.980698030970357
7.3126458158193,0.980153086392648
7.3129458158193,0.979558901065451
7.3132458158193,0.978903333696932
7.3135458158193,0.978174242995259
7.31384581581929,0.977359487668598
7.31414581581929,0.976450884490364
7.31444581581929,0.975462292080971
7.31474581581929,0.974410492152778
7.31504581581929,0.973311140692965
7.31534581581929,0.97217989368871
7.31564581581929,0.971032407127193
7.31594581581929,0.969884336995592
7.31624581581929,0.968751339281087
7.31654581581929,0.967649069970856
7.31684581581929,0.966593185052079
7.31714581581929,0.965599309963142
7.31744581581929,0.964676552632086
7.31774581581929,0.96382229221283
7.31804581581928,0.963035562964161
7.31834581581928,0.96231561208132
7.31864581581928,0.961661686759547
7.31894581581928,0.961073034194081
7.31924581581928,0.960548901580164
7.31954581581928,0.960088536113034
7.31984581581928,0.959691184987932
7.32014581581928,0.959356095400098
7.32044581581928,0.959082788943388
7.32074581581928,0.958874661023264
7.32104581581928,0.958727799420745
7.32134581581928,0.95863254481132
7.32164581581928,0.958579198773354
7.32194581581928,0.958558062885213
7.32224581581927,0.958559438725263
7.32254581581927,0.958573627871869
7.32284581581927,0.958590931903397
7.32314581581927,0.958601652398212
7.32344581581927,0.958596090934681
7.32374581581927,0.958563661364283
7.32404581581927,0.958497156949263
7.32434581581927,0.958412560960812
7.32464581581927,0.958330381211277
7.32494581581927,0.958271125513005
7.32524581581927,0.958255301678342
7.32554581581927,0.958303417519637
7.32584581581927,0.958435980849234
7.32614581581927,0.958673499479482
7.32644581581927,0.959036481222726
7.32674581581926,0.959545451204155
7.32704581581926,0.960223498364481
7.32734581581926,0.961078624772103
7.32764581581926,0.962094065830053
7.32794581581926,0.963251628407117
7.32824581581926,0.96453311937208
7.32854581581926,0.965920345593729
7.32884581581926,0.967395113940849
7.32914581581926,0.968939231282227
7.32944581581926,0.970534504486647
7.32974581581926,0.972162740422897
7.33004581581926,0.973805443345961
7.33034581581926,0.975441026504417
7.33064581581926,0.977063131974197
7.33094581581925,0.978674786865531
7.33124581581925,0.980279074523908
7.33154581581925,0.98187907829482
7.33184581581925,0.983477881523755
7.33214581581925,0.985078567556203
7.33244581581925,0.986684219737655
7.33274581581925,0.988297921413601
7.33304581581925,0.989922755929529
7.33334581581925,0.991561521499084
7.33364581581925,0.993214243145356
7.33394581581925,0.994877129336099
7.33424581581925,0.996545821636706
7.33454581581925,0.998215961612567
7.33484581581925,0.999883190829073
7.33514581581924,1.00154315085162
7.33544581581924,1.00319148324559
7.33574581581924,1.00482382957639
7.33604581581924,1.00643583140939
7.33634581581924,1.00802315097679
7.33664581581924,1.00958474333844
7.33694581581924,1.01112121970788
7.33724581581924,1.01262768138513
7.33754581581924,1.0140988865229
7.33784581581924,1.01552959327386
7.33814581581924,1.01691455979072
7.33844581581924,1.01824854422616
7.33874581581924,1.01952630473288
7.33904581581924,1.02074259946356
7.33934581581924,1.02189218657091
7.33964581581923,1.02296950212008
7.33994581581923,1.02396522460382
7.34024581581923,1.0248804034635
7.34054581581923,1.02572297124021
7.34084581581923,1.02650089721631
7.34114581581923,1.02722215067411
7.34144581581923,1.02789470089597
7.34174581581923,1.02852651716423
7.34204581581923,1.02912556876121
7.34234581581923,1.02969982496927
7.34264581581923,1.03025725507073
7.34294581581923,1.03080729215427
7.34324581581923,1.0313596752787
7.34354581581923,1.03190545163482
7.34384581581922,1.03243202997331
7.34414581581922,1.03292681904483
7.34444581581922,1.03337722760006
7.34474581581922,1.03377066438965
7.34504581581922,1.03409453816429
7.34534581581922,1.03433625767462
7.34564581581922,1.03448323167133
7.34594581581922,1.03452284494827
7.34624581581922,1.03443950711565
7.34654581581922,1.03422751530773
7.34684581581922,1.03389920862488
7.34714581581922,1.03346789064199
7.34744581581922,1.03294686493396
7.34774581581922,1.03234943507571
7.34804581581921,1.03168890464214
7.34834581581921,1.03097857720816
7.34864581581921,1.03023175634866
7.34894581581921,1.02946174563857
7.34924581581921,1.02868240836449
7.34954581581921,1.02791433345148
7.34984581581921,1.02716489783972
7.35014581581921,1.02643223112705
7.35044581581921,1.02571441931734
7.35074581581921,1.02500954841446
7.35104581581921,1.0243157044223
7.35134581581921,1.02363097334474
7.35164581581921,1.02295344118565
7.35194581581921,1.02228119394892
7.3522458158192,1.02161231763842
7.3525458158192,1.02094107073238
7.3528458158192,1.02024893593992
7.3531458158192,1.01953135140682
7.3534458158192,1.01878717112581
7.3537458158192,1.01801524908966
7.3540458158192,1.01721443929112
7.3543458158192,1.01638359572294
7.3546458158192,1.01552157237787
7.3549458158192,1.01462722324868
7.3552458158192,1.01369940232812
7.3555458158192,1.0127370441895
7.3558458158192,1.01174961165551
7.3561458158192,1.01075885352002
7.3564458158192,1.00977896835574
7.35674581581919,1.00882366126071
7.35704581581919,1.00790663733299
7.35734581581919,1.00704160167064
7.35764581581919,1.00624225937171
7.35794581581919,1.00552231553426
7.35824581581919,1.00489547525634
7.35854581581919,1.00437544363601
7.35884581581919,1.00397495673868
7.35914581581919,1.00369019146985
7.35944581581919,1.00350014069601
7.35974581581919,1.00338164772845
7.36004581581919,1.0033115488155
7.36034581581919,1.00326668020546
7.36064581581919,1.00322387814664
7.36094581581918,1.00315997888735
7.36124581581918,1.0030518186759
7.36154581581918,1.0028762337606
7.36184581581918,1.00261006038976
7.36214581581918,1.00223330563756
7.36244581581918,1.00174571852822
7.36274581581918,1.00116082286206
7.36304581581918,1.00049348534469
7.36334581581918,0.999758572681716
7.36364581581918,0.998970951578746
7.36394581581918,0.998145488741385
7.36424581581918,0.99729705087524
7.36454581581918,0.996440504685917
7.36484581581918,0.995590716879024
7.36514581581917,0.994762497993819
7.36544581581917,0.99396401064311
7.36574581581917,0.993194990956324
7.36604581581917,0.992458724058968
7.36634581581917,0.991758731148558
7.36664581581917,0.99109853342261
7.36694581581917,0.990481652078643
7.36724581581917,0.989911608314173
7.36754581581917,0.989391923326716
7.36784581581917,0.98892611831379
7.36814581581917,0.988517714472911
7.36844581581917,0.988170721694045
7.36874581581917,0.987893685644718
7.36904581581917,0.987679326985647
7.36934581581917,0.987511283248567
7.36964581581916,0.987373159828705
7.36994581581916,0.987248562121286
7.37024581581916,0.987121095521536
7.37054581581916,0.986974365424683
7.37084581581916,0.986791977225952
7.37114581581916,0.986557536320571
7.37144581581916,0.986254648103764
7.37174581581916,0.985867057710966
7.37204581581916,0.985388119261837
7.37234581581916,0.984833962174611
7.37264581581916,0.984224194171347
7.37294581581916,0.983578422974109
7.37324581581916,0.982916256304956
7.37354581581916,0.98225730188595
7.37384581581915,0.981621167439152
7.37414581581915,0.981027460686624
7.37444581581915,0.980495789350426
7.37474581581915,0.980045723355975
7.37504581581915,0.979692246183382
7.37534581581915,0.979432754484652
7.37564581581915,0.979253974455888
7.37594581581915,0.979142198486787
7.37624581581915,0.979083718967044
7.37654581581915,0.979064828286355
7.37684581581915,0.979071818834415
7.37714581581915,0.979090983000921
7.37744581581915,0.979108613175569
7.37774581581915,0.979111001748053
7.37804581581914,0.9790847878348
7.37834581581914,0.979022745589306
7.37864581581914,0.978927522100679
7.37894581581914,0.978804232994781
7.37924581581914,0.978658000930761
7.37954581581914,0.978493948567771
7.37984581581914,0.97831719856496
7.38014581581914,0.978132873581478
7.38044581581914,0.977946096276474
7.38074581581914,0.9777619893091
7.38104581581914,0.977585675338504
7.38134581581914,0.977421687861233
7.38164581581914,0.977270389500516
7.38194581581914,0.977128089682087
7.38224581581914,0.976990623667931
7.38254581581913,0.976853826720034
7.38284581581913,0.976713534100381
7.38314581581913,0.97656558107096
7.38344581581913,0.976405802893755
7.38374581581913,0.976230034830752
7.38404581581913,0.976034112143937
7.38434581581913,0.97581390897956
7.38464581581913,0.975569314043974
7.38494581581913,0.9753098534603
7.38524581581913,0.975048237091141
7.38554581581913,0.974797276608253
7.38584581581913,0.97456978368339
7.38614581581913,0.974378569988308
7.38644581581913,0.974236447194762
7.38674581581912,0.974156226974508
7.38704581581912,0.974150720999302
7.38734581581912,0.974232740940897
7.38764581581912,0.974414235599881
7.38794581581912,0.974694122261226
7.38824581581912,0.975058952864503
7.38854581581912,0.975493918947742
7.38884581581912,0.975984209205696
7.38914581581912,0.976515012333119
7.38944581581912,0.977071517024765
7.38974581581912,0.977638911975385
7.39004581581912,0.978202385879734
7.39034581581912,0.978747127432565
7.39064581581912,0.979258325328631
7.39094581581911,0.97972556375492
7.39124581581911,0.980157008314304
7.39154581581911,0.98056153416041
7.39184581581911,0.980947225224505
7.39214581581911,0.981322165437858
7.39244581581911,0.981694438731736
7.39274581581911,0.982072129037408
7.39304581581911,0.982463320286142
7.39334581581911,0.982876096409207
7.39364581581911,0.983318541337869
7.39394581581911,0.983798576389993
7.39424581581911,0.984309875292689
7.39454581581911,0.984833583430381
7.39484581581911,0.985361651530818
7.39514581581911,0.985886576437749
7.3954458158191,0.986400854994929
7.3957458158191,0.98689698404611
7.3960458158191,0.987367460435043
7.3963458158191,0.987804781005482
7.3966458158191,0.988201442601177
7.3969458158191,0.988549942065883
7.3972458158191,0.988844888435876
7.3975458158191,0.989106763563097
7.3978458158191,0.989354424618515
7.3981458158191,0.989598191186874
7.3984458158191,0.989848363668679
7.3987458158191,0.990115242464429
7.3990458158191,0.990409127974626
7.3993458158191,0.990740320599773
7.39964581581909,0.99111912074037
7.39994581581909,0.99155582879692
7.40024581581909,0.992060745169924
7.40054581581909,0.9926382791725
7.40084581581909,0.993272657345314
7.40114581581909,0.99395650125018
7.40144581581909,0.994684700944766
7.40174581581909,0.995452146486741
7.40204581581909,0.996253727933772
7.40234581581909,0.997084335343529
7.40264581581909,0.997938858773679
7.40294581581909,0.99881218828189
7.40324581581909,0.99969921392583
7.40354581581909,1.00059484204576
7.40384581581908,1.00149520490139
7.40414581581908,1.00239591564131
7.40444581581908,1.00329011807687
7.40474581581908,1.00417085239905
7.40504581581908,1.00503115879882
7.40534581581908,1.00586407746713
7.40564581581908,1.00666264859497
7.40594581581908,1.0074199123733
7.40624581581908,1.00812890899308
7.40654581581908,1.00878267864529
7.40684581581908,1.00937538889201
7.40714581581908,1.00991567934612
7.40744581581908,1.01041865284906
7.40774581581908,1.01089798536937
7.40804581581907,1.01136734995553
7.40834581581907,1.01184041965602
7.40864581581907,1.01233086751933
7.40894581581907,1.01285236659395
7.40924581581907,1.01341858992838
7.40954581581907,1.01404321057108
7.40984581581907,1.01473990157055
7.41014581581907,1.01551831306576
7.41044581581907,1.01637060897975
7.41074581581907,1.01728501927169
7.41104581581907,1.01824991964526
7.41134581581907,1.01925368580418
7.41164581581907,1.02028469345214
7.41194581581907,1.02133131829284
7.41224581581907,1.02238193602998
7.41254581581906,1.02342492236727
7.41284581581906,1.02444865300841
7.41314581581906,1.0254415036571
7.41344581581906,1.02639185001703
7.41374581581906,1.02728806779192
7.41404581581906,1.02811853268545
7.41434581581906,1.02887162040134
7.41464581581906,1.02953570664329
7.41494581581906,1.03009916711499
7.41524581581906,1.03055037752015
7.41554581581906,1.03087771356246
7.41584581581906,1.03106955094564
7.41614581581906,1.03111426537337
