#%Name: Hornblende
#%Formula: Ca2(Mg,Fe,Al)5(Al,Si)8O22(OH)2
#%Mineral class: silicates
#%Xtal system: monoclinic
#%Edge: K
#%Sample prep: powder on kapton tape
#%Beamline: ALS 10.3.2, HxV slits= 200x20 um
#%Det:  I0=N2, fluorescence mode. 7 elts SDD Canberra-Mirion
#%Ref/notes: from Chemplex. average of several scans 
#%Temp: Room temp (28C)
#%Time&date: 7:26 AM 05/31/2024. Sirine C. Fakra
#%============================================================
7.00996610748,9.34695997488248e-05
7.01026610748,0.000177720556856422
7.01056610748,0.000158668129303484
7.01086610748,7.61993926877512e-05
7.01116610748,-2.97985773930382e-05
7.01146610748,-0.000119438705341145
7.01176610748,-0.000152844919141445
7.01206610747999,-0.000107483414906501
7.01236610747999,-1.81213788299138e-05
7.01266610747999,6.26528965087752e-05
7.01296610747999,8.78285410099512e-05
7.01326610747999,6.45677470073087e-05
7.01356610747999,3.16831692863708e-05
7.01386610747999,2.85210157874738e-05
7.01416610747999,6.2109606127574e-05
7.01446610747999,9.98788249300835e-05
7.01476610747999,0.000106702152424708
7.01506610747999,6.054318064231e-05
7.01536610747999,-1.57626507243999e-05
7.01566610747999,-8.380879850251e-05
7.01596610747999,-0.00010758932324583
7.01626610747998,-8.24562693702582e-05
7.01656610747998,-3.6964630426526e-05
7.01686610747998,-4.47086533806338e-06
7.01716610747998,-4.69655210437729e-06
7.01746610747998,-2.73558825423105e-05
7.01776610747998,-5.14744218733994e-05
7.01806610747998,-5.97581401398367e-05
7.01836610747998,-5.1280423484517e-05
7.01866610747998,-3.48027994469735e-05
7.01896610747998,-1.91389279491715e-05
7.01926610747998,-7.52219265995832e-06
7.01956610747998,6.72507103620796e-07
7.01986610747998,6.38476726603131e-06
7.02016610747998,1.05367419391287e-05
7.02046610747998,1.47038444611578e-05
7.02076610747997,2.09563239790179e-05
7.02106610747997,2.76285200567136e-05
7.02136610747997,2.33654052641304e-05
7.02166610747997,-2.03817429543276e-06
7.02196610747997,-5.51080715494024e-05
7.02226610747997,-0.000113682723807217
7.02256610747997,-0.000143934592528411
7.02286610747997,-0.000113765219058067
7.02316610747997,-2.39851017766416e-05
7.02346610747997,7.72549017291781e-05
7.02376610747997,0.000134727799985191
7.02406610747997,0.000111657693186772
7.02436610747997,3.90228506184058e-05
7.02466610747997,-2.53228881699526e-05
7.02496610747996,-2.76339005171369e-05
7.02526610747996,3.30500733769896e-05
7.02556610747996,0.000116478950142025
7.02586610747996,0.000178627019359556
7.02616610747996,0.00019621599443484
7.02646610747996,0.000177198939891243
7.02676610747996,0.000134901542516259
7.02706610747996,8.26821024673342e-05
7.02736610747996,3.3168069764687e-05
7.02766610747996,-2.07719653504105e-06
7.02796610747996,-1.33421345449257e-05
7.02826610747996,-6.4414412906401e-06
7.02856610747996,5.74165948168013e-06
7.02886610747996,1.08064706485145e-05
7.02916610747995,4.06981060100696e-06
7.02946610747995,-8.21030599350599e-06
7.02976610747995,-1.83410642836343e-05
7.03006610747995,-2.15768609770733e-05
7.03036610747995,-2.55559340612243e-05
7.03066610747995,-4.46528442910697e-05
7.03096610747995,-9.09346257620312e-05
7.03126610747995,-0.000150087902099373
7.03156610747995,-0.000189485150280876
7.03186610747995,-0.000175915005776554
7.03216610747995,-0.000108955601223272
7.03246610747995,-3.39929963895424e-05
7.03276610747995,-1.74938455007837e-06
7.03306610747995,-4.43434055076385e-05
7.03336610747994,-0.000127499019046587
7.03366610747994,-0.000195481230927592
7.03396610747994,-0.000196579134543218
7.03426610747994,-0.000128233674829297
7.03456610747994,-2.94646636629002e-05
7.03486610747994,5.61757307764664e-05
7.03516610747994,0.000101758895197216
7.03546610747994,0.000111496626787079
7.03576610747994,9.83267477005973e-05
7.03606610747994,7.39742792817403e-05
7.03636610747994,4.79276414723066e-05
7.03666610747994,3.28186335072015e-05
7.03696610747994,4.08241652868267e-05
7.03726610747994,7.16183522187171e-05
7.03756610747994,0.000100576310750008
7.03786610747993,9.7757469879311e-05
7.03816610747993,4.62255018630333e-05
7.03846610747993,-3.23429811749303e-05
7.03876610747993,-9.8320666188306e-05
7.03906610747993,-0.000116554321375705
7.03936610747993,-8.41830370882193e-05
7.03966610747993,-3.03704959778343e-05
7.03996610747993,1.34234173821671e-05
7.04026610747993,2.69311473040719e-05
7.04056610747993,1.98154816324649e-05
7.04086610747993,9.30686153309867e-06
7.04116610747993,7.78308567544498e-06
7.04146610747993,1.14948062440533e-05
7.04176610747993,8.61224393396427e-06
7.04206610747992,-5.80315694773925e-06
7.04236610747992,-1.4211679816144e-05
7.04266610747992,3.17715559903967e-06
7.04296610747992,6.10967839530366e-05
7.04326610747992,0.00013059461123017
7.04356610747992,0.0001679607589934
7.04386610747992,0.000133404517928561
7.04416610747992,3.13717935147222e-05
7.04446610747992,-7.38118843979956e-05
7.04476610747992,-0.000113593314236446
7.04506610747992,-4.15792445784711e-05
7.04536610747992,0.000101038246019978
7.04566610747992,0.000236273552821197
7.04596610747992,0.000289819169549499
7.04626610747991,0.000249979157965477
7.04656610747991,0.000165619187666127
7.04686610747991,9.35504892780708e-05
7.04716610747991,6.00383720224062e-05
7.04746610747991,4.18119578096459e-05
7.04776610747991,6.3410246387445e-06
7.04806610747991,-6.57158099493028e-05
7.04836610747991,-0.000149053306442771
7.04866610747991,-0.000211745088759971
7.04896610747991,-0.000225784381463048
7.04926610747991,-0.000198116237553467
7.04956610747991,-0.000154116802216858
7.04986610747991,-0.000118561558450009
7.05016610747991,-0.000102195845013602
7.05046610747991,-9.32650285581221e-05
7.0507661074799,-7.60702034582879e-05
7.0510661074799,-3.88852995028239e-05
7.0513661074799,1.17256898553122e-05
7.0516661074799,5.8539676042328e-05
7.0519661074799,8.44514497355838e-05
7.0522661074799,8.36828876406521e-05
7.0525661074799,6.60912691500509e-05
7.0528661074799,4.45415770983558e-05
7.0531661074799,2.60788636432719e-05
7.0534661074799,5.37249632338831e-06
7.0537661074799,-2.7009256878204e-05
7.0540661074799,-7.47447598537227e-05
7.0543661074799,-0.000123459196547096
7.0546661074799,-0.000159446324472545
7.05496610747989,-0.0001713190905715
7.05526610747989,-0.000162553811033652
7.05556610747989,-0.000132486026622935
7.05586610747989,-7.63627854779635e-05
7.05616610747989,1.99827245127813e-06
7.05646610747989,7.79387902856298e-05
7.05676610747989,0.000118611880995688
7.05706610747989,0.000102233612861214
7.05736610747989,4.81327468784012e-05
7.05766610747989,-1.44126459831456e-05
7.05796610747989,-5.91656678864888e-05
7.05826610747989,-8.94256907469945e-05
7.05856610747989,-0.000113839126440713
7.05886610747989,-0.000136776374560653
7.05916610747988,-0.000147857202596011
7.05946610747988,-0.000132400040084631
7.05976610747988,-8.82355087831368e-05
7.06006610747988,-2.04739437279065e-05
7.06036610747988,4.6779528452249e-05
7.06066610747988,9.57987860604734e-05
7.06096610747988,0.000112284904725879
7.06126610747988,0.000105474791883313
7.06156610747988,0.000105182798503214
7.06186610747988,0.000143249494813936
7.06216610747988,0.000229313502375589
7.06246610747988,0.000324119832697027
7.06276610747988,0.000371601181684253
7.06306610747988,0.000328331339047648
7.06336610747988,0.000211119082916328
7.06366610747987,7.1108073283293e-05
7.06396610747987,-4.01067025015343e-05
7.06426610747987,-9.60816605750282e-05
7.06456610747987,-9.68071835571523e-05
7.06486610747987,-4.66494271118802e-05
7.06516610747987,3.84014893248714e-05
7.06546610747987,0.000119986083166756
7.06576610747987,0.000153762039876867
7.06606610747987,0.000107193406476271
7.06636610747987,3.42189327960059e-06
7.06666610747987,-0.000102597937145686
7.06696610747987,-0.000156605230030467
7.06726610747987,-0.000143704647647906
7.06756610747987,-9.92699207561448e-05
7.06786610747986,-6.80854172822814e-05
7.06816610747986,-7.99578731675042e-05
7.06846610747986,-0.000122845425391334
7.06876610747986,-0.000165794319659652
7.06906610747986,-0.000180898113233547
7.06936610747986,-0.000159437587439302
7.06966610747986,-0.000107343964793309
7.06996610747986,-3.24044002750591e-05
7.07026610747986,4.96060105029851e-05
7.07056610747986,0.000109171242085176
7.07086610747986,0.00011390504276995
7.07116610747986,5.30231080451381e-05
7.07146610747986,-3.24433171633325e-05
7.07176610747986,-8.16595204876712e-05
7.07206610747985,-4.74192631000865e-05
7.07236610747985,4.53465094967578e-05
7.07266610747985,0.000123001614584114
7.07296610747985,0.000112367346615392
7.07326610747985,1.08431238361706e-06
7.07356610747985,-0.000140633375308932
7.07386610747985,-0.000226266255101214
7.07416610747985,-0.000200220199049871
7.07446610747985,-9.08052945356817e-05
7.07476610747985,3.68066682037128e-05
7.07506610747985,0.000123149995020086
7.07536610747985,0.000150182073502285
7.07566610747985,0.000137423149891256
7.07596610747985,0.000108014388214963
7.07626610747984,8.22743653299801e-05
7.07656610747984,6.7712786039654e-05
7.07686610747984,6.75594059167382e-05
7.07716610747984,7.45024678132027e-05
7.07746610747984,6.76344509627941e-05
7.07776610747984,2.69099570287838e-05
7.07806610747984,-5.6896691212144e-05
7.07836610747984,-0.000150728136197753
7.07866610747984,-0.000211317738595939
7.07896610747984,-0.000199184573682973
7.07926610747984,-0.000120324977790681
7.07956610747984,-2.07159766130709e-05
7.07986610747984,4.93933688954223e-05
7.08016610747984,5.70429405809025e-05
7.08046610747984,1.55490509244121e-05
7.08076610747983,-4.17590186780763e-05
7.08106610747983,-8.17159109245511e-05
7.08136610747983,-8.60210100912866e-05
7.08166610747983,-6.19525276773333e-05
7.08196610747983,-2.08922027094042e-05
7.08226610747983,1.60423999296539e-05
7.08256610747983,3.66011862751335e-05
7.08286610747983,3.43607306081994e-05
7.08316610747983,1.50630643971313e-05
7.08346610747983,-6.66622691977735e-06
7.08376610747983,-2.37499156049092e-05
7.08406610747983,-3.20282118887268e-05
7.08436610747983,-3.20957749102082e-05
7.08466610747983,-1.49780184025691e-05
7.08496610747982,2.86899231572242e-05
7.08526610747982,9.39245141526013e-05
7.08556610747982,0.000160137080332923
7.08586610747982,0.00020432890573392
7.08616610747982,0.0002117952544251
7.08646610747982,0.000182195673413727
7.08676610747982,0.000117534687056527
7.08706610747982,2.5495930922916e-05
7.08736610747982,-6.26423353969957e-05
7.08766610747982,-0.000108597557378814
7.08796610747982,-7.77670093987286e-05
7.08826610747982,1.68918735141213e-05
7.08856610747982,0.000122515486749504
7.08886610747982,0.000182814807956478
7.08916610747981,0.00016899847234071
7.08946610747981,0.000107713999858935
7.08976610747981,4.03655911504161e-05
7.09006610747981,1.21247271332703e-06
7.09036610747981,-9.48931056344877e-06
7.09066610747981,-5.82643163374883e-06
7.09096610747981,-1.69896922123646e-06
7.09126610747981,-9.43252929768884e-07
7.09156610747981,-9.65906986983381e-06
7.09186610747981,-3.73381106452769e-05
7.09216610747981,-9.31502316297703e-05
7.09246610747981,-0.000174967930119862
7.09276610747981,-0.000270479531722535
7.09306610747981,-0.000362696438397718
7.09336610747981,-0.000415538676761451
7.0936661074798,-0.000386213766590697
7.0939661074798,-0.000240955039939154
7.0942661074798,-7.06805614481536e-05
7.0945661074798,-8.49491914719861e-05
7.0948661074798,-0.000126485458378821
7.0951661074798,-9.92332207114038e-07
7.0954661074798,0.000127659379078296
7.0957661074798,0.000340694131248599
7.0960661074798,-0.000137868745476783
7.0963661074798,-4.24876900901401e-05
7.0966661074798,9.9222289019078e-05
7.0969661074798,0.000249951606941366
7.0972661074798,0.000379469402288513
7.0975661074798,0.000246289003940001
7.09786610747979,1.04959812695044e-05
7.09816610747979,-0.000419575202443666
7.09846610747979,0.000159820182432083
7.09876610747979,4.42009942447214e-05
7.09906610747979,-0.000505824912173965
7.09936610747979,-0.000413783360097237
7.09966610747979,-5.7494338801815e-05
7.09996610747979,7.55288391053556e-05
7.10026610747979,5.67285273312331e-05
7.10056610747979,0.000220729963137074
7.10086610747979,-0.000181128930403536
7.10116610747979,0.00018779640575675
7.10146610747979,0.000469108443695871
7.10176610747979,0.000338805533794926
7.10206610747978,7.20265083690516e-05
7.10236610747978,-0.000290984585772386
7.10266610747978,-0.000238819555519407
7.10296610747978,-2.67112760379903e-05
7.10326610747978,-0.000472826117579033
7.10356610747978,-0.000165955479718354
7.10386610747978,0.000252370352833845
7.10416610747978,0.000320285163613379
7.10446610747978,0.00016034098741947
7.10476610747978,0.000410123457229517
7.10506610747978,0.000870644222431806
7.10536610747978,0.00084974542458065
7.10566610747978,0.0007479581843749
7.10596610747978,0.00198222188593174
7.10626610747978,0.00237410085029773
7.10656610747977,0.00247293948127434
7.10686610747977,0.00285552038102759
7.10716610747977,0.00323185280603065
7.10746610747977,0.0039276994062292
7.10776610747977,0.00443266653178965
7.10806610747977,0.00482512062025456
7.10836610747977,0.00614034775304519
7.10866610747977,0.00687012076224668
7.10896610747977,0.00785309920141982
7.10926610747977,0.00982277116200687
7.10956610747977,0.0104802651704618
7.10986610747977,0.0127565265436173
7.11016610747977,0.0154611411036666
7.11046610747977,0.0180172265243323
7.11076610747976,0.0211663917902145
7.11106610747976,0.0237836504085441
7.11136610747976,0.0264498199739075
7.11166610747976,0.0301526880152743
7.11196610747976,0.0343251185761764
7.11226610747976,0.0378991757465955
7.11256610747976,0.0407329707494695
7.11286610747976,0.0439455132573461
7.11316610747976,0.0465246148571542
7.11346610747976,0.0495727660713866
7.11376610747976,0.0499507707376946
7.11406610747976,0.0479859750677034
7.11436610747976,0.0451614455007948
7.11466610747976,0.0423101606912499
7.11496610747975,0.0414524205509407
7.11526610747975,0.0424548512107677
7.11556610747975,0.0446712878242786
7.11586610747975,0.0486019598889612
7.11616610747975,0.0540534024193827
7.11646610747975,0.0618918760221664
7.11676610747975,0.0705961232880781
7.11706610747975,0.0819139643920344
7.11736610747975,0.095762262327938
7.11766610747975,0.113584541869073
7.11796610747975,0.136636888156299
7.11826610747975,0.162316354175393
7.11856610747975,0.192885852297636
7.11886610747975,0.230181719815371
7.11916610747974,0.268579016972247
7.11946610747974,0.30808161655326
7.11976610747974,0.348415072155427
7.12006610747974,0.383208871380072
7.12036610747974,0.421062579659683
7.12066610747974,0.448267035678493
7.12096610747974,0.47522276906386
7.12126610747974,0.51283873833319
7.12156610747974,0.550379562076093
7.12186610747974,0.594431978306633
7.12216610747974,0.645900572866922
7.12246610747974,0.700224779588767
7.12276610747974,0.761767514787748
7.12306610747974,0.826045396834365
7.12336610747974,0.879953061663191
7.12366610747973,0.927115498623802
7.12396610747973,0.970518281221503
7.12426610747973,1.00252740320479
7.12456610747973,1.02660815542898
7.12486610747973,1.05615322362969
7.12516610747973,1.07728335712735
7.12546610747973,1.10082873818681
7.12576610747973,1.12654994079255
7.12606610747973,1.15323625357177
7.12636610747973,1.18105397860899
7.12666610747973,1.21337948999882
7.12696610747973,1.24721052047956
7.12726610747973,1.28412396043989
7.12756610747973,1.31381776245089
7.12786610747972,1.34923935487006
7.12816610747972,1.38932918623248
7.12846610747972,1.40971752700138
7.12876610747972,1.43059594402375
7.12906610747972,1.45128085493247
7.12936610747972,1.45571476303385
7.12966610747972,1.46106895240536
7.12996610747972,1.46310100592415
7.13026610747972,1.45482604089429
7.13056610747972,1.45011253692288
7.13086610747972,1.44521282546124
7.13116610747972,1.44289124511628
7.13146610747972,1.4333633804884
7.13176610747972,1.42505634682706
7.13206610747971,1.40694876751407
7.13236610747971,1.38497487299204
7.13266610747971,1.37047780461272
7.13296610747971,1.3541904994639
7.13326610747971,1.33354951080769
7.13356610747971,1.31591493335481
7.13386610747971,1.29617507959063
7.13416610747971,1.2784156657866
7.13446610747971,1.25801401631245
7.13476610747971,1.23420085452748
7.13506610747971,1.21758821645371
7.13536610747971,1.19759782786801
7.13566610747971,1.18394032100523
7.13596610747971,1.1699780628095
7.13626610747971,1.15622490157675
7.1365661074797,1.14504769236503
7.1368661074797,1.13544852307359
7.1371661074797,1.12521795522748
7.1374661074797,1.11470147354468
7.1377661074797,1.10414629527555
7.1380661074797,1.0932436371898
7.1383661074797,1.09431578534376
7.1386661074797,1.08775494419896
7.1389661074797,1.08349785018711
7.1392661074797,1.08441724795289
7.1395661074797,1.07962306763488
7.1398661074797,1.07718144313782
7.1401661074797,1.07769840768681
7.1404661074797,1.07893102952734
7.14076610747969,1.07981331784841
7.14106610747969,1.07966185526997
7.14136610747969,1.07893103002666
7.14166610747969,1.07790225483516
7.14196610747969,1.07674539077114
7.14226610747969,1.07511367721395
7.14256610747969,1.07238306288635
7.14286610747969,1.06795863979736
7.14316610747969,1.06175306147238
7.14346610747969,1.05472532845212
7.14376610747969,1.0481204902001
7.14406610747969,1.04296895656969
7.14436610747969,1.03915116327145
7.14466610747969,1.03583602779064
7.14496610747968,1.03214536287887
7.14526610747968,1.02741411166715
7.14556610747968,1.02142492263404
7.14586610747968,1.01408751682469
7.14616610747968,1.00559105362188
7.14646610747968,0.996548611301094
7.14676610747968,0.987586559394227
7.14706610747968,0.979195312111052
7.14736610747968,0.971218883203697
7.14766610747968,0.963184188077315
7.14796610747968,0.954633603024492
7.14826610747968,0.945594741552569
7.14856610747968,0.936568086224182
7.14886610747968,0.928113095864938
7.14916610747968,0.920482448762119
7.14946610747967,0.913517559192568
7.14976610747967,0.907096897650902
7.15006610747967,0.901202962860922
7.15036610747967,0.896087631672939
7.15066610747967,0.891774746827968
7.15096610747967,0.888224299975697
7.15126610747967,0.885193158026403
7.15156610747967,0.882548058572878
7.15186610747967,0.880250963170428
7.15216610747967,0.878246925170109
7.15246610747967,0.876259907697832
7.15276610747967,0.873827804030733
7.15306610747967,0.870605082083752
7.15336610747967,0.86697467743826
7.15366610747966,0.863911959913349
7.15396610747966,0.862385983442249
7.15426610747966,0.862455216603051
7.15456610747966,0.863011742060771
7.15486610747966,0.862727386125606
7.15516610747966,0.86094324186631
7.15546610747966,0.85844543062386
7.15576610747966,0.856458842993415
7.15606610747966,0.855955810961796
7.15636610747966,0.85671213910877
7.15666610747966,0.858029986350315
7.15696610747966,0.859230895794664
7.15726610747966,0.860156281144791
7.15756610747966,0.860970196195397
7.15786610747965,0.861831465147764
7.15816610747965,0.862877628174651
7.15846610747965,0.864368038641326
7.15876610747965,0.866707239818571
7.15906610747965,0.870247362668807
7.15936610747965,0.874834799443741
7.15966610747965,0.879681894648917
7.15996610747965,0.883941998231064
7.16026610747965,0.887089608863839
7.16056610747965,0.889563552724645
7.16086610747965,0.892101453749867
7.16116610747965,0.895332257229635
7.16146610747965,0.899273852058397
7.16176610747965,0.903516154733908
7.16206610747965,0.907696267701963
7.16236610747964,0.911773099876846
7.16266610747964,0.915912153449061
7.16296610747964,0.920280012919758
7.16326610747964,0.924861976122211
7.16356610747964,0.929643912435637
7.16386610747964,0.934658530034056
7.16416610747964,0.939954573579258
7.16446610747964,0.945430629287281
7.16476610747964,0.950820564050057
7.16506610747964,0.955846871189832
7.16536610747964,0.96033571072908
7.16566610747964,0.964383295558387
7.16596610747964,0.968127929002769
7.16626610747964,0.971751921740764
7.16656610747963,0.975266204632211
7.16686610747963,0.978601692641439
7.16716610747963,0.98162957831433
7.16746610747963,0.984183607543985
7.16776610747963,0.986145034529763
7.16806610747963,0.987501859003225
7.16836610747963,0.988730710150985
7.16866610747963,0.990525584630098
7.16896610747963,0.993527877017227
7.16926610747963,0.997506908174045
7.16956610747963,1.0013423830008
7.16986610747963,1.00379356038966
7.17016610747963,1.00429553529494
7.17046610747963,1.00381987350641
7.17076610747962,1.00385467090502
7.17106610747962,1.00563773429182
7.17136610747962,1.00891662027313
7.17166610747962,1.0123324744185
7.17196610747962,1.01449373591372
7.17226610747962,1.01506269910337
7.17256610747962,1.01527636375998
7.17286610747962,1.01671637212224
7.17316610747962,1.02022094451059
7.17346610747962,1.02472269047479
7.17376610747962,1.02838190891857
7.17406610747962,1.02971478304906
7.17436610747962,1.02918087549774
7.17466610747962,1.02841404332417
7.17496610747961,1.0290388323508
7.17526610747961,1.03130423570846
7.17556610747961,1.03419628124752
7.17586610747961,1.03656209207508
7.17616610747961,1.03796261415708
7.17646610747961,1.03902904375451
7.17676610747961,1.04041386345861
7.17706610747961,1.04247414149389
7.17736610747961,1.04456147766241
7.17766610747961,1.04619540854467
7.17796610747961,1.04703366121568
7.17826610747961,1.0475549738909
7.17856610747961,1.04823491128312
7.17886610747961,1.04933291286655
7.17916610747961,1.05074723711905
7.1794661074796,1.0520741731361
7.1797661074796,1.05312608445677
7.1800661074796,1.05378159013696
7.1803661074796,1.05416279655108
7.1806661074796,1.05446102417643
7.1809661074796,1.05486753659119
7.1812661074796,1.05550903866371
7.1815661074796,1.0561962884807
7.1818661074796,1.05663121168912
7.1821661074796,1.05651759037465
7.1824661074796,1.05578946019677
7.1827661074796,1.05459656336904
7.1830661074796,1.05315362704838
7.1833661074796,1.05186006422951
7.18366610747959,1.05105273064348
7.18396610747959,1.05101559934187
7.18426610747959,1.05161084506299
7.18456610747959,1.0525815770665
7.18486610747959,1.05373450162179
7.18516610747959,1.0550742387959
7.18546610747959,1.05657897226483
7.18576610747959,1.05792632961655
7.18606610747959,1.05869627460356
7.18636610747959,1.05841532020952
7.18666610747959,1.0571871093952
7.18696610747959,1.05527089483306
7.18726610747959,1.05362686739329
7.18756610747959,1.05287864596121
7.18786610747958,1.05332456058382
7.18816610747958,1.05440552154927
7.18846610747958,1.05500358639407
7.18876610747958,1.05466397523905
7.18906610747958,1.05339762473419
7.18936610747958,1.05251128004689
7.18966610747958,1.05259916598594
7.18996610747958,1.05397147507018
7.19026610747958,1.05550322980223
7.19056610747958,1.05602946324739
7.19086610747958,1.05475187545774
7.19116610747958,1.05197336836048
7.19146610747958,1.04925888413372
7.19176610747958,1.047837989348
7.19206610747958,1.04837786613097
7.19236610747957,1.04953983190676
7.19266610747957,1.05001495417634
7.19296610747957,1.04872014714991
7.19326610747957,1.04625322521007
7.19356610747957,1.04378605182654
7.19386610747957,1.04227830638222
7.19416610747957,1.04195344725695
7.19446610747957,1.04202692974839
7.19476610747957,1.04178262876392
7.19506610747957,1.0406585794978
7.19536610747957,1.03882641428413
7.19566610747957,1.03685826497651
7.19596610747957,1.03534607132085
7.19626610747957,1.03464741707888
7.19656610747956,1.03443126890238
7.19686610747956,1.03415230401499
7.19716610747956,1.03321036827347
7.19746610747956,1.03152560075212
7.19776610747956,1.02958780165404
7.19806610747956,1.02797306460624
7.19836610747956,1.02705684667179
7.19866610747956,1.0262460612429
7.19896610747956,1.02481500477773
7.19926610747956,1.02225331372574
7.19956610747956,1.01923875412619
7.19986610747956,1.01686023615318
7.20016610747956,1.01586334251697
7.20046610747956,1.01580418960006
7.20076610747955,1.01558905097379
7.20106610747955,1.01429891637364
7.20136610747955,1.01196969802627
7.20166610747955,1.00914139331996
7.20196610747955,1.00636669262793
7.20226610747955,1.00393215746218
7.20256610747955,1.00210074684194
7.20286610747955,1.00119183984764
7.20316610747955,1.00136432967692
7.20346610747955,1.00222006054192
7.20376610747955,1.00305592486214
7.20406610747955,1.00320017456679
7.20436610747955,1.00238642022679
7.20466610747955,1.00089780932584
7.20496610747955,0.999098171335774
7.20526610747954,0.997480424496524
7.20556610747954,0.996259492088289
7.20586610747954,0.995506193710505
7.20616610747954,0.995213179824942
7.20646610747954,0.995196711768427
7.20676610747954,0.99521432252138
7.20706610747954,0.994958887342064
7.20736610747954,0.994142623332711
7.20766610747954,0.993024686222139
7.20796610747954,0.991966381481164
7.20826610747954,0.991451808076114
7.20856610747954,0.991215877403566
7.20886610747954,0.990667161860318
7.20916610747954,0.989367024135739
7.20946610747953,0.987779859392196
7.20976610747953,0.987013578351894
7.21006610747953,0.987973910856913
7.21036610747953,0.990262289215
7.21066610747953,0.992469023788134
7.21096610747953,0.993151143384239
7.21126610747953,0.991855645619347
7.21156610747953,0.98939922055134
7.21186610747953,0.986848494794954
7.21216610747953,0.985105387305239
7.21246610747953,0.984527229255594
7.21276610747953,0.985182745192004
7.21306610747953,0.987026638233242
7.21336610747953,0.989465368107975
7.21366610747952,0.991669429581816
7.21396610747952,0.992820124798974
7.21426610747952,0.992527135609555
7.21456610747952,0.991140219608328
7.21486610747952,0.98920925676473
7.21516610747952,0.987395174929863
7.21546610747952,0.986314209595895
7.21576610747952,0.986285166464871
7.21606610747952,0.987482470531894
7.21636610747952,0.989307913386202
7.21666610747952,0.99081372498465
7.21696610747952,0.99106253825667
7.21726610747952,0.989708640921142
7.21756610747952,0.987543359224629
7.21786610747951,0.98570351805178
7.21816610747951,0.985160657269793
7.21846610747951,0.985887071151138
7.21876610747951,0.986995340183556
7.21906610747951,0.987552823737684
7.21936610747951,0.986965033456461
7.21966610747951,0.985638165330046
7.21996610747951,0.984191215018322
7.22026610747951,0.983374209023032
7.22056610747951,0.98336693531252
7.22086610747951,0.983903710329536
7.22116610747951,0.984515821646234
7.22146610747951,0.984607896317285
7.22176610747951,0.984128403481827
7.22206610747951,0.983154114529957
7.2223661074795,0.982245027319268
7.2226661074795,0.981696608348574
7.2229661074795,0.981656837647729
7.2232661074795,0.981894501856431
7.2235661074795,0.981979974766598
7.2238661074795,0.981646596715815
7.2241661074795,0.980760407695089
7.2244661074795,0.979555007849422
7.2247661074795,0.978266076852175
7.2250661074795,0.977109483002568
7.2253661074795,0.976163725748765
7.2256661074795,0.975347472129657
7.2259661074795,0.974552762263769
7.2262661074795,0.973721184913653
7.22656610747949,0.972942066706976
7.22686610747949,0.972374531016394
7.22716610747949,0.972113836568639
7.22746610747949,0.972012265707231
7.22776610747949,0.971866471920396
7.22806610747949,0.97149882712049
7.22836610747949,0.971012296980852
7.22866610747949,0.970645092385017
7.22896610747949,0.970619473480173
7.22926610747949,0.970949145738708
7.22956610747949,0.971253235143686
7.22986610747949,0.971062581866932
7.23016610747949,0.970028577102232
7.23046610747949,0.968487281682469
7.23076610747948,0.967261115317321
7.23106610747948,0.967177213559776
7.23136610747948,0.968412667245142
7.23166610747948,0.970130955023127
7.23196610747948,0.971257210965748
7.23226610747948,0.971053963877816
7.23256610747948,0.969896463847745
7.23286610747948,0.968748975601588
7.23316610747948,0.968489008379064
7.23346610747948,0.969199431704104
7.23376610747948,0.9701642617956
7.23406610747948,0.970601685727672
7.23436610747948,0.970290906552262
7.23466610747948,0.969805812309056
7.23496610747948,0.969893553845419
7.23526610747947,0.970872063420248
7.23556610747947,0.972107631315912
7.23586610747947,0.972789069897403
7.23616610747947,0.972303295551795
7.23646610747947,0.971208250580709
7.23676610747947,0.970464248546179
7.23706610747947,0.97098992356905
7.23736610747947,0.972923057790697
7.23766610747947,0.975628123872708
7.23796610747947,0.978419287760571
7.23826610747947,0.980752691483518
7.23856610747947,0.982432420321527
7.23886610747947,0.983321831738369
7.23916610747947,0.983350304951198
7.23946610747946,0.982912743460168
7.23976610747946,0.982650843312849
7.24006610747946,0.983195963581129
7.24036610747946,0.984574406228722
7.24066610747946,0.986189088283621
7.24096610747946,0.987426824262265
7.24126610747946,0.987948671908317
7.24156610747946,0.988109885401551
7.24186610747946,0.9882977302339
7.24216610747946,0.988835147099738
7.24246610747946,0.989620284151774
7.24276610747946,0.990449454268754
7.24306610747946,0.99115261871055
7.24336610747946,0.99177802253166
7.24366610747945,0.992572685689505
7.24396610747945,0.993750977250744
7.24426610747945,0.995383487350077
7.24456610747945,0.997075471709459
7.24486610747945,0.998328350507994
7.24516610747945,0.998704293632787
7.24546610747945,0.998385484768055
7.24576610747945,0.998023876162819
7.24606610747945,0.998307937308821
7.24636610747945,0.999569801268205
7.24666610747945,1.00155430895784
7.24696610747945,1.00389438437568
7.24726610747945,1.00623699103126
7.24756610747945,1.00827932505851
7.24786610747945,1.00971514930558
7.24816610747944,1.01027458769357
7.24846610747944,1.01011737487863
7.24876610747944,1.0096590987317
7.24906610747944,1.00930871059686
7.24936610747944,1.00916130911863
7.24966610747944,1.00901456893637
7.24996610747944,1.00880878299886
7.25026610747944,1.00858146685361
7.25056610747944,1.00861173872389
7.25086610747944,1.00894809014989
7.25116610747944,1.00958331958785
7.25146610747944,1.0103591616886
7.25176610747944,1.01103823695361
7.25206610747944,1.01139346806841
7.25236610747943,1.01120606525181
7.25266610747943,1.01048221538802
7.25296610747943,1.00945036008211
7.25326610747943,1.00841482390314
7.25356610747943,1.00785721065954
7.25386610747943,1.00796588980636
7.25416610747943,1.0088308043497
7.25446610747943,1.00997033026502
7.25476610747943,1.01073637387723
7.25506610747943,1.01061819924282
7.25536610747943,1.00956061493438
7.25566610747943,1.00828081052628
7.25596610747943,1.00740507827412
7.25626610747943,1.00739967264817
7.25656610747942,1.0079225689973
7.25686610747942,1.00850163676123
7.25716610747942,1.00871590377688
7.25746610747942,1.00852917566099
7.25776610747942,1.00834255938051
7.25806610747942,1.00861342912182
7.25836610747942,1.00974463368193
7.25866610747942,1.01154452593604
7.25896610747942,1.01318115004028
7.25926610747942,1.01380472390617
7.25956610747942,1.01376314930284
7.25986610747942,1.01683616620892
7.26016610747942,1.02311217750228
7.26046610747942,1.01967244093712
7.26076610747941,1.01888767622105
7.26106610747941,1.01776845756463
7.26136610747941,1.0102534578205
7.26166610747941,1.01836205007818
7.26196610747941,1.01654155591496
7.26226610747941,1.01749073123391
7.26256610747941,1.00838984719147
7.26286610747941,1.00833056447214
7.26316610747941,1.01324089383414
7.26346610747941,1.01444548101109
7.26376610747941,1.01924650615514
7.26406610747941,1.0256062340926
7.26436610747941,1.0225988692554
7.26466610747941,1.01790717723655
7.26496610747941,1.00986081434211
7.2652661074794,1.00816412775323
7.2655661074794,1.00772305924164
7.2658661074794,1.01080279929479
7.2661661074794,1.01022701203043
7.2664661074794,1.00848987702004
7.2667661074794,1.00531906700036
7.2670661074794,1.00940278182822
7.2673661074794,1.00756176076395
7.2676661074794,1.0075727377616
7.2679661074794,0.99886650106199
7.2682661074794,0.997273345120016
7.2685661074794,0.996214480189097
7.2688661074794,1.00260953115553
7.2691661074794,1.00495614694725
7.26946610747939,0.992674561971623
7.26976610747939,0.984922677207943
7.27006610747939,0.983730256065166
7.27036610747939,0.987255528065844
7.27066610747939,0.993591629905423
7.27096610747939,1.00083169827935
7.27126610747939,1.00710495309831
7.27156610747939,1.0114517498315
7.27186610747939,1.0140002867266
7.27216610747939,1.01500892047571
7.27246610747939,1.0147369471673
7.27276610747939,1.01344366288987
7.27306610747939,1.01138836373189
7.27336610747939,1.00883034578183
7.27366610747938,1.00602890512818
7.27396610747938,1.00324333785941
7.27426610747938,1.000732940064
7.27456610747938,0.998730878414233
7.27486610747938,0.997281234647722
7.27516610747938,0.996323335724179
7.27546610747938,0.995790259954562
7.27576610747938,0.995615085649827
7.27606610747938,0.995730891120931
7.27636610747938,0.996070754678832
7.27666610747938,0.996567754634486
7.27696610747938,0.997154969298851
7.27726610747938,0.997765476982883
7.27756610747938,0.998332395611626
7.27786610747938,0.998804515031114
7.27816610747937,0.999175310887968
7.27846610747937,0.999451714813045
7.27876610747937,0.999641165198378
7.27906610747937,0.999751100436002
7.27936610747937,0.999788958917949
7.27966610747937,0.999762179036253
7.27996610747937,0.999678199182946
7.28026610747937,0.999544457750062
7.28056610747937,0.999368393129634
7.28086610747937,0.99915740335214
7.28116610747937,0.998917842794781
7.28146610747937,0.998654260511863
7.28176610747937,0.998370707841793
7.28206610747937,0.998071231617808
7.28236610747936,0.997759878673144
7.28266610747936,0.99744069584104
7.28296610747936,0.997117729954732
7.28326610747936,0.996795027847459
7.28356610747936,0.996476636352456
7.28386610747936,0.996166602302961
7.28416610747936,0.995868851405392
7.28446610747936,0.995586393805907
7.28476610747936,0.995321564339006
7.28506610747936,0.995076626971012
7.28536610747936,0.994853845668248
7.28566610747936,0.994655484397038
7.28596610747936,0.994483807123706
7.28626610747936,0.994341077814575
7.28656610747935,0.994229560435969
7.28686610747935,0.99415151895421
7.28716610747935,0.994109218163894
7.28746610747935,0.994105191897023
7.28776610747935,0.994142390274427
7.28806610747935,0.994223533498872
7.28836610747935,0.994351320035191
7.28866610747935,0.994528448348219
7.28896610747935,0.994757616902789
7.28926610747935,0.995041524163736
7.28956610747935,0.995382868595892
7.28986610747935,0.995784348664092
7.29016610747935,0.99624866283317
7.29046610747935,0.996777985239667
7.29076610747935,0.997362665778424
7.29106610747934,0.997981227681417
7.29136610747934,0.998611613710248
7.29166610747934,0.999231765870085
7.29196610747934,0.999819626166093
7.29226610747934,1.00035313660344
7.29256610747934,1.00081023918729
7.29286610747934,1.00116887592281
7.29316610747934,1.00140698881516
7.29346610747934,1.00150251986952
7.29376610747934,1.00143822662766
7.29406610747934,1.00122877578796
7.29436610747934,1.00090345686664
7.29466610747934,1.00049202080953
7.29496610747934,1.00002421856244
7.29526610747933,0.99952980107121
7.29556610747933,0.99903851928165
7.29586610747933,0.998580124139587
7.29616610747933,0.998184366590843
7.29646610747933,0.997880997581241
7.29676610747933,0.997699724809187
7.29706610747933,0.997657770932785
7.29736610747933,0.997738690408238
7.29766610747933,0.997916379045519
7.29796610747933,0.99816439224119
7.29826610747933,0.998456285391817
7.29856610747933,0.998765613893962
7.29886610747933,0.99906593314419
7.29916610747933,0.999330798539065
7.29946610747932,0.999533765475151
7.29976610747932,0.999648389349012
7.30006610747932,0.999648885560076
7.30036610747932,0.999524617196962
7.30066610747932,0.999286977618524
7.30096610747932,0.998952215305995
7.30126610747932,0.998536613852655
7.30156610747932,0.998056456851785
7.30186610747932,0.997528027896665
7.30216610747932,0.996967610580575
7.30246610747932,0.996391488496797
7.30276610747932,0.99581594523861
7.30306610747932,0.995257264399296
7.30336610747932,0.994730502795184
7.30366610747931,0.994242263183254
7.30396610747931,0.993793854539687
7.30426610747931,0.993386136419261
7.30456610747931,0.993019968376751
7.30486610747931,0.992696209966935
7.30516610747931,0.992415720744588
7.30546610747931,0.992179360264486
7.30576610747931,0.991987988081406
7.30606610747931,0.991842463750124
7.30636610747931,0.991743646192057
7.30666610747931,0.991692112430388
7.30696610747931,0.991683859729011
7.30726610747931,0.991709699661543
7.30756610747931,0.991760133193242
7.30786610747931,0.991825661289371
7.3081661074793,0.991896784915189
7.3084661074793,0.991964005035957
7.3087661074793,0.992017822616936
7.3090661074793,0.992048738623386
7.3093661074793,0.992047254020567
7.3096661074793,0.992003957272249
7.3099661074793,0.991912176159509
7.3102661074793,0.991774830628232
7.3105661074793,0.991598851956326
7.3108661074793,0.991391200452384
7.3111661074793,0.991158836424998
7.3114661074793,0.99090872018276
7.3117661074793,0.990647812034261
7.3120661074793,0.990383072288093
7.31236610747929,0.990121461252849
7.31266610747929,0.98986993923712
7.31296610747929,0.989636185215001
7.31326610747929,0.989430636014058
7.31356610747929,0.989260527831566
7.31386610747929,0.989132198339153
7.31416610747929,0.989051985208448
7.31446610747929,0.989026226111081
7.31476610747929,0.989061258718681
7.31506610747929,0.989163420702878
7.31536610747929,0.989339049735299
7.31566610747929,0.989594483487576
7.31596610747929,0.989936022469051
7.31626610747929,0.990361912066361
7.31656610747928,0.990852087578039
7.31686610747928,0.991383706242813
7.31716610747928,0.991933906470369
7.31746610747928,0.992479826670393
7.31776610747928,0.992998605252573
7.31806610747928,0.993467380626593
7.31836610747928,0.99386329120214
7.31866610747928,0.994163475388902
7.31896610747928,0.994345071596564
7.31926610747928,0.994386248684685
7.31956610747928,0.9942859742779
7.31986610747928,0.994066430988068
7.32016610747928,0.993752792742402
7.32046610747928,0.993370248740905
7.32076610747928,0.992943988183579
7.32106610747927,0.992499200270427
7.32136610747927,0.992061074201452
7.32166610747927,0.991654799176656
7.32196610747927,0.991305564396043
7.32226610747927,0.991038559059614
7.32256610747927,0.990875804934744
7.32286610747927,0.990817766245247
7.32316610747927,0.990849697933348
7.32346610747927,0.990955332582119
7.32376610747927,0.991118402774629
7.32406610747927,0.991322641093951
7.32436610747927,0.991551780123153
7.32466610747927,0.991789552445308
7.32496610747927,0.992019690643486
7.32526610747926,0.992225927300758
7.32556610747926,0.99239201064625
7.32586610747926,0.992504896181596
7.32616610747926,0.992564816634827
7.32646610747926,0.992580684261406
7.32676610747926,0.992561845992384
7.32706610747926,0.992517648758809
7.32736610747926,0.992457439491731
7.32766610747926,0.992390565122199
7.32796610747926,0.992326372581262
7.32826610747926,0.992274208799969
7.32856610747926,0.99224342070937
7.32886610747926,0.992243335148672
7.32916610747926,0.992281665504395
7.32946610747925,0.992356098022444
7.32976610747925,0.992459736699333
7.33006610747925,0.992585658647375
7.33036610747925,0.992726940978881
7.33066610747925,0.992876660806162
7.33096610747925,0.993027895241529
7.33126610747925,0.993173721397296
7.33156610747925,0.993307216385772
7.33186610747925,0.99342145731927
7.33216610747925,0.993509247288333
7.33246610747925,0.993565108439334
7.33276610747925,0.993592311431425
7.33306610747925,0.993595752979785
7.33336610747925,0.993580329799588
7.33366610747925,0.993550938606011
7.33396610747924,0.993512476114231
7.33426610747924,0.993469839039423
7.33456610747924,0.993427924096763
7.33486610747924,0.993391628001429
7.33516610747924,0.993365851387088
7.33546610747924,0.993355961013428
7.33576610747924,0.993363102936577
7.33606610747924,0.993382281937959
7.33636610747924,0.993408166678981
7.33666610747924,0.993435425821051
7.33696610747924,0.993458728025577
7.33726610747924,0.993472741953964
7.33756610747924,0.993472136267622
7.33786610747924,0.993451579627956
7.33816610747923,0.993405740696375
7.33846610747923,0.99332934257171
7.33876610747923,0.993219001122454
7.33906610747923,0.993079117712262
7.33936610747923,0.992917302546786
7.33966610747923,0.992741182413289
7.33996610747923,0.992558384099037
7.34026610747923,0.992376534391291
7.34056610747923,0.992203260077317
7.34086610747923,0.992046187944378
7.34116610747923,0.991912944779738
7.34146610747923,0.991811157370661
7.34176610747923,0.991747935746873
7.34206610747923,0.991725767282346
7.34236610747922,0.991741308263171
7.34266610747922,0.991790392906892
7.34296610747922,0.991868855431053
7.34326610747922,0.991972530053198
7.34356610747922,0.99209725099087
7.34386610747922,0.992238852461613
7.34416610747922,0.99239316868297
7.34446610747922,0.992556033872486
7.34476610747922,0.992723280092336
7.34506610747922,0.992890438589933
7.34536610747922,0.993053028330775
7.34566610747922,0.993207204502452
7.34596610747922,0.993349158852616
7.34626610747922,0.993475083128917
7.34656610747922,0.993581169079006
7.34686610747921,0.993663608450533
7.34716610747921,0.99371859299115
7.34746610747921,0.993742314448506
7.34776610747921,0.993730964570254
7.34806610747921,0.993680991749438
7.34836610747921,0.993593603818447
7.34866610747921,0.993476248269226
7.34896610747921,0.993337611055508
7.34926610747921,0.993186383280209
7.34956610747921,0.993031256046244
7.34986610747921,0.992880920456528
7.35016610747921,0.992744067613976
7.35046610747921,0.992629388621502
7.35076610747921,0.992545574582022
7.3510661074792,0.992501316598451
7.3513661074792,0.992503659643463
7.3516661074792,0.992549545639804
7.3519661074792,0.992629580726835
7.3522661074792,0.992733813615854
7.3525661074792,0.992852293018154
7.3528661074792,0.992975067645032
7.3531661074792,0.993092186207784
7.3534661074792,0.993193697417705
7.3537661074792,0.993269649986091
7.3540661074792,0.993310092624237
7.3543661074792,0.99330512325535
7.3546661074792,0.993251484512818
7.3549661074792,0.993158981446733
7.35526610747919,0.993038732494051
7.35556610747919,0.992901842795219
7.35586610747919,0.992759417490685
7.35616610747919,0.992622561720897
7.35646610747919,0.992502380626301
7.35676610747919,0.992409979347345
7.35706610747919,0.992356463024477
7.35736610747919,0.992352936798144
7.35766610747919,0.992409525758281
7.35796610747919,0.992520759996947
7.35826610747919,0.992671977966919
7.35856610747919,0.992849888844687
7.35886610747919,0.99304120887193
7.35916610747919,0.993232654290326
7.35946610747918,0.993410941341554
7.35976610747918,0.99356278626729
7.36006610747918,0.993674905309213
7.36036610747918,0.993734014709002
7.36066610747918,0.993726830708334
7.36096610747918,0.993644156658404
7.36126610747918,0.993496922411726
7.36156610747918,0.993299959903559
7.36186610747918,0.993067627005133
7.36216610747918,0.992814281587677
7.36246610747918,0.992554281522421
7.36276610747918,0.992301984680596
7.36306610747918,0.992071748933432
7.36336610747918,0.991877932152158
7.36366610747918,0.991734892208005
7.36396610747917,0.991656922677387
7.36426610747917,0.991650513349636
7.36456610747917,0.991707739395998
7.36486610747917,0.991819789856672
7.36516610747917,0.991977894209113
7.36546610747917,0.992173281930777
7.36576610747917,0.992397182499119
7.36606610747917,0.992640825391594
7.36636610747917,0.992895440085659
7.36666610747917,0.993152256058767
7.36696610747917,0.993402502788375
7.36726610747917,0.99363796427259
7.36756610747917,0.993858775341403
7.36786610747917,0.994069154274956
7.36816610747916,0.994272284038071
7.36846610747916,0.994471343321666
7.36876610747916,0.994669510816662
7.36906610747916,0.994869965213978
7.36936610747916,0.995075885204533
7.36966610747916,0.995290449479248
7.36996610747916,0.995516836729043
7.37026610747916,0.995758225644836
7.37056610747916,0.996015632627511
7.37086610747916,0.996281255390813
7.37116610747916,0.996549165815443
7.37146610747916,0.996814253507836
7.37176610747916,0.997071408074429
7.37206610747916,0.997315519121653
7.37236610747915,0.997541476255946
7.37266610747915,0.997744169083741
7.37296610747915,0.997918487211473
7.37326610747915,0.998059320245577
7.37356610747915,0.998161612260513
7.37386610747915,0.998226165896289
7.37416610747915,0.998261526493449
7.37446610747915,0.998273829020037
7.37476610747915,0.998269045515382
7.37506610747915,0.998253148018811
7.37536610747915,0.998232108569654
7.37566610747915,0.998211899207239
7.37596610747915,0.998198491970894
7.37626610747915,0.99819785889995
7.37656610747915,0.998215972033734
7.37686610747914,0.998258403423719
7.37716610747914,0.998324978602882
7.37746610747914,0.99841299933074
7.37776610747914,0.998520542905784
7.37806610747914,0.99864568930747
7.37836610747914,0.998786518515251
7.37866610747914,0.998941110508583
7.37896610747914,0.99910754526692
7.37926610747914,0.999283902769717
7.37956610747914,0.99946826299643
7.37986610747914,0.999658705926512
7.38016610747914,0.999852913584554
7.38046610747914,1.00004703471647
7.38076610747914,1.0002376449476
7.38106610747913,1.00042147243591
7.38136610747913,1.00059524533935
7.38166610747913,1.00075569181589
7.38196610747913,1.00089954002348
7.38226610747913,1.0010235181201
7.38256610747913,1.00112435426369
7.38286610747913,1.00119877661222
7.38316610747913,1.00124356078977
7.38346610747913,1.00126013367261
7.38376610747913,1.00125611419699
7.38406610747913,1.00123752402607
7.38436610747913,1.00121027750882
7.38466610747913,1.00118028899422
7.38496610747913,1.00115347283125
7.38526610747912,1.00113574336889
7.38556610747912,1.00113301495611
7.38586610747912,1.00115120194189
7.38616610747912,1.00119621867521
7.38646610747912,1.00127329981379
7.38676610747912,1.0013786128406
7.38706610747912,1.00150631349597
7.38736610747912,1.00165255411893
7.38766610747912,1.00181349256839
7.38796610747912,1.00198528670327
7.38826610747912,1.0021640943825
7.38856610747912,1.00234607346498
7.38886610747912,1.00252738180964
7.38916610747912,1.0027041772754
7.38946610747912,1.00287261772117
7.38976610747911,1.00303048915314
7.39006610747911,1.00317992521111
7.39036610747911,1.00331724115515
7.39066610747911,1.00343757915585
7.39096610747911,1.00353608138382
7.39126610747911,1.00360789000967
7.39156610747911,1.00364814720401
7.39186610747911,1.00365199513744
7.39216610747911,1.00361457598057
7.39246610747911,1.003531031904
7.39276610747911,1.00339652518437
7.39306610747911,1.00320840712872
7.39336610747911,1.00297469391245
7.39366610747911,1.00271080132119
7.3939661074791,1.00243242894556
7.3942661074791,1.00215527637614
7.3945661074791,1.00189504320354
7.3948661074791,1.00166742901836
7.3951661074791,1.00148813341119
7.3954661074791,1.00137285597263
7.3957661074791,1.00133729629329
7.3960661074791,1.00139629421951
7.3963661074791,1.00155133849838
7.3966661074791,1.00178695448657
7.3969661074791,1.00208434670286
7.3972661074791,1.0024247130621
7.3975661074791,1.00278925147916
7.3978661074791,1.00315915986892
7.39816610747909,1.00351563614623
7.39846610747909,1.00383987822595
7.39876610747909,1.00411308402295
7.39906610747909,1.0043164514521
7.39936610747909,1.00443445641152
7.39966610747909,1.00446923450395
7.39996610747909,1.00443326258166
7.40026610747909,1.00433985903217
7.40056610747909,1.004202342243
7.40086610747909,1.00403403060169
7.40116610747909,1.00384824249576
7.40146610747909,1.00365829631273
7.40176610747909,1.00347751044013
7.40206610747909,1.00331920326549
7.40236610747908,1.00319665764438
7.40266610747908,1.00311993710634
7.40296610747908,1.00308915354553
7.40326610747908,1.00309946381258
7.40356610747908,1.00314585514144
7.40386610747908,1.00322331476607
7.40416610747908,1.00332682992044
7.40446610747908,1.00345138783851
7.40476610747908,1.00359197575423
7.40506610747908,1.00374358090157
7.40536610747908,1.0039011905145
7.40566610747908,1.00405964120225
7.40596610747908,1.00421249352741
7.40626610747908,1.00435642630314
7.40656610747908,1.00448980004106
7.40686610747907,1.00461097825767
7.40716610747907,1.00471832446946
7.40746610747907,1.00481020219294
7.40776610747907,1.0048849749446
7.40806610747907,1.00494100624094
7.40836610747907,1.00497665959846
7.40866610747907,1.00499029853365
7.40896610747907,1.00498112176579
7.40926610747907,1.00495223773888
7.40956610747907,1.00490820676632
7.40986610747907,1.00485364507765
7.41016610747907,1.0047931689024
7.41046610747907,1.00473139447014
7.41076610747907,1.00467293801039
7.41106610747906,1.00462241575271
7.41136610747906,1.00458444392663
7.41166610747906,1.0045636387617
7.41196610747906,1.00456461648747
7.41226610747906,1.00459199333348
7.41256610747906,1.00465038552927
7.41286610747906,1.00474440930438
7.41316610747906,1.00487868088836
7.41346610747906,1.00505781651075
7.41376610747906,1.0052864324011
7.41406610747906,1.00556914478895
7.41436610747906,1.00591056990385
7.41466610747906,1.00631532397532
7.41496610747906,1.00678802323293
