#%Name: Jarosite
#%Empirical formula: KFe3(SO4)2(OH)6
#%Mineral group: sulfates
#%Xtal system: trigonal
#%Edge: K
#%Sample prep: powder on kapton tape. Sample ground from euhedral crystals
#%Beamline: ALS 10.3.2, 50mA 2-bunch mode, HxV slits = 300x50
#%Det:  I0=N2, Fluorescence mode (Camberra Ge solid state 7elts) and N2 ionization chamber
#%Ref/notes:  from Excalibur Minerals, specimen from Arizona. average of several spots.  XRD confirmed
#%Temp: Room temp (28C)
#%Time&date: 08/30/2010. Matthew A. Marcus
#%============================================================
7.0161120E+3 1.3661532E-3
7.0211125E+3 1.3977594E-3
7.0261130E+3 1.5241721E-3
7.0311136E+3 1.2532138E-3
7.0361141E+3 1.5008869E-3
7.0411147E+3 1.6462776E-3
7.0461152E+3 1.9166519E-3
7.0511157E+3 1.6940085E-3
7.0561163E+3 1.9564727E-3
7.0611168E+3 2.0010101E-3
7.0661174E+3 2.3889237E-3
7.0711179E+3 2.4665512E-3
7.0761184E+3 2.8890793E-3
7.0811190E+3 3.2880778E-3
7.0861195E+3 4.1604108E-3
7.0911201E+3 5.4337591E-3
7.0961206E+3 6.2299182E-3
7.0966207E+3 6.2184188E-3
7.0971207E+3 6.4452817E-3
7.0976208E+3 6.5312822E-3
7.0981208E+3 6.7815533E-3
7.0986209E+3 7.2045804E-3
7.0991209E+3 7.2993654E-3
7.0996210E+3 7.4786975E-3
7.1001211E+3 7.4248498E-3
7.1006211E+3 7.7633825E-3
7.1011212E+3 8.0018026E-3
7.1016212E+3 8.2281471E-3
7.1021213E+3 8.6243497E-3
7.1026213E+3 8.6493294E-3
7.1031214E+3 8.6912287E-3
7.1036214E+3 9.2880801E-3
7.1041215E+3 9.7878775E-3
7.1046215E+3 1.0137692E-2
7.1051216E+3 1.0399949E-2
7.1056217E+3 1.0696515E-2
7.1061217E+3 1.1078370E-2
7.1066218E+3 1.1342858E-2
7.1071218E+3 1.2030008E-2
7.1076219E+3 1.2843250E-2
7.1081219E+3 1.3077284E-2
7.1086220E+3 1.4048689E-2
7.1091220E+3 1.4879179E-2
7.1096221E+3 1.6022068E-2
7.1101221E+3 1.7581552E-2
7.1106222E+3 1.9257439E-2
7.1111223E+3 2.2576832E-2
7.1116223E+3 2.8246189E-2
7.1121224E+3 3.5662382E-2
7.1126224E+3 4.1502145E-2
7.1131225E+3 4.3427698E-2
7.1136225E+3 4.3988608E-2
7.1141226E+3 4.4528943E-2
7.1146226E+3 4.2976000E-2
7.1151227E+3 4.0182687E-2
7.1156227E+3 3.9506625E-2
7.1161228E+3 4.1318454E-2
7.1166229E+3 4.5484738E-2
7.1171229E+3 5.0859927E-2
7.1176230E+3 5.6229898E-2
7.1181230E+3 6.1919896E-2
7.1186231E+3 6.8820575E-2
7.1191231E+3 7.6442761E-2
7.1196232E+3 8.5569273E-2
7.1201232E+3 9.9389946E-2
7.1206233E+3 1.2038903E-1
7.1211233E+3 1.4535168E-1
7.1216234E+3 1.8326567E-1
7.1221235E+3 2.3668642E-1
7.1226235E+3 2.8855532E-1
7.1231236E+3 3.5206249E-1
7.1236236E+3 4.1428047E-1
7.1241237E+3 4.7266817E-1
7.1246237E+3 5.2840794E-1
7.1251238E+3 6.0242928E-1
7.1256238E+3 6.7867387E-1
7.1261239E+3 7.5936781E-1
7.1266239E+3 8.6099333E-1
7.1271240E+3 9.7779471E-1
7.1276241E+3 1.1165380E+0
7.1281241E+3 1.2385869E+0
7.1286242E+3 1.3471260E+0
7.1291242E+3 1.4245687E+0
7.1296243E+3 1.4696791E+0
7.1301243E+3 1.4852849E+0
7.1306244E+3 1.4814047E+0
7.1311244E+3 1.4713627E+0
7.1316245E+3 1.4529315E+0
7.1321246E+3 1.4377434E+0
7.1326246E+3 1.4265143E+0
7.1331247E+3 1.4200150E+0
7.1336247E+3 1.4122229E+0
7.1341248E+3 1.4131348E+0
7.1346248E+3 1.4100296E+0
7.1351249E+3 1.4073269E+0
7.1356249E+3 1.4013925E+0
7.1361250E+3 1.3944237E+0
7.1366250E+3 1.3817662E+0
7.1371251E+3 1.3760644E+0
7.1376252E+3 1.3613657E+0
7.1381252E+3 1.3415771E+0
7.1386253E+3 1.3223507E+0
7.1391253E+3 1.3023029E+0
7.1396254E+3 1.2813242E+0
7.1401254E+3 1.2567212E+0
7.1406255E+3 1.2381332E+0
7.1411255E+3 1.2160014E+0
7.1421256E+3 1.1706088E+0
7.1431258E+3 1.1294821E+0
7.1441259E+3 1.0996908E+0
7.1451260E+3 1.0764069E+0
7.1461261E+3 1.0561363E+0
7.1471262E+3 1.0354932E+0
7.1481263E+3 1.0208915E+0
7.1491264E+3 9.9749661E-1
7.1501265E+3 9.7206428E-1
7.1511266E+3 9.4408807E-1
7.1521267E+3 9.1497842E-1
7.1531269E+3 8.8760065E-1
7.1541270E+3 8.5951088E-1
7.1551271E+3 8.3405924E-1
7.1561272E+3 8.1450315E-1
7.1571273E+3 7.9949862E-1
7.1581274E+3 7.8921003E-1
7.1591275E+3 7.8502901E-1
7.1601276E+3 7.8404104E-1
7.1611277E+3 7.8957813E-1
7.1621278E+3 7.9289028E-1
7.1631279E+3 8.0234119E-1
7.1641281E+3 8.1235517E-1
7.1651282E+3 8.2347627E-1
7.1661283E+3 8.3875725E-1
7.1671284E+3 8.5685523E-1
7.1681285E+3 8.7484066E-1
7.1691286E+3 8.9367830E-1
7.1701287E+3 9.0823293E-1
7.1711288E+3 9.2764154E-1
7.1721289E+3 9.4854948E-1
7.1731290E+3 9.6973591E-1
7.1741292E+3 9.9432679E-1
7.1751293E+3 1.0193430E+0
7.1761294E+3 1.0418298E+0
7.1771295E+3 1.0541015E+0
7.1781296E+3 1.0674966E+0
7.1791297E+3 1.0751998E+0
7.1801298E+3 1.0781370E+0
7.1811299E+3 1.0807241E+0
7.1821300E+3 1.0837722E+0
7.1831302E+3 1.0832496E+0
7.1841303E+3 1.0824460E+0
7.1851304E+3 1.0839118E+0
7.1861305E+3 1.0819754E+0
7.1871306E+3 1.0797410E+0
7.1881307E+3 1.0780854E+0
7.1891308E+3 1.0771536E+0
7.1901309E+3 1.0749403E+0
7.1911310E+3 1.0701204E+0
7.1921311E+3 1.0675627E+0
7.1931313E+3 1.0632366E+0
7.1941314E+3 1.0640151E+0
7.1951315E+3 1.0594949E+0
7.1961316E+3 1.0563951E+0
7.1971317E+3 1.0499151E+0
7.1981318E+3 1.0463946E+0
7.1991319E+3 1.0408634E+0
7.2001320E+3 1.0364279E+0
7.2011321E+3 1.0314757E+0
7.2021322E+3 1.0263233E+0
7.2031324E+3 1.0217394E+0
7.2041325E+3 1.0177177E+0
7.2051326E+3 1.0132893E+0
7.2061327E+3 1.0100574E+0
7.2071328E+3 1.0062905E+0
7.2081329E+3 1.0001205E+0
7.2091330E+3 9.9800469E-1
7.2101331E+3 9.9315153E-1
7.2111332E+3 9.9274822E-1
7.2131335E+3 9.8796229E-1
7.2151337E+3 9.8336426E-1
7.2171339E+3 9.8281528E-1
7.2191341E+3 9.7968781E-1
7.2211343E+3 9.7614779E-1
7.2231346E+3 9.7242434E-1
7.2251348E+3 9.6491214E-1
7.2271350E+3 9.6181318E-1
7.2291352E+3 9.5878025E-1
7.2311355E+3 9.5549492E-1
7.2331357E+3 9.5324599E-1
7.2351359E+3 9.5474867E-1
7.2371361E+3 9.5355754E-1
7.2391363E+3 9.5531799E-1
7.2411366E+3 9.5978423E-1
7.2431368E+3 9.6653522E-1
7.2451370E+3 9.7272828E-1
7.2471372E+3 9.8047266E-1
7.2491375E+3 9.8984166E-1
7.2511377E+3 9.9477969E-1
7.2531379E+3 1.0011260E+0
7.2551381E+3 1.0091466E+0
7.2571383E+3 1.0154558E+0
7.2576384E+3 1.0175203E+0
7.2581385E+3 1.0200262E+0
7.2586385E+3 1.0195079E+0
7.2591386E+3 1.0202632E+0
7.2596386E+3 1.0223487E+0
7.2601387E+3 1.0268217E+0
7.2606387E+3 1.0280751E+0
7.2611388E+3 1.0299475E+0
7.2616388E+3 1.0312570E+0
7.2621389E+3 1.0311656E+0
7.2626390E+3 1.0314095E+0
7.2631390E+3 1.0309279E+0
7.2636391E+3 1.0306590E+0
7.2641391E+3 1.0336223E+0
7.2646392E+3 1.0353228E+0
7.2651392E+3 1.0351052E+0
7.2656393E+3 1.0347638E+0
7.2661393E+3 1.0338717E+0
7.2666394E+3 1.0372515E+0
7.2671395E+3 1.0372564E+0
7.2676395E+3 1.0369381E+0
7.2681396E+3 1.0336040E+0
7.2701263E+3 1.0356996E+0
7.2721130E+3 1.0325075E+0
7.2740997E+3 1.0298612E+0
7.2760864E+3 1.0274801E+0
7.2780731E+3 1.0207598E+0
7.2800598E+3 1.0187799E+0
7.2820465E+3 1.0154718E+0
7.2840332E+3 1.0140166E+0
7.2860199E+3 1.0100350E+0
7.2880067E+3 1.0056928E+0
7.2899934E+3 1.0056122E+0
7.2919801E+3 1.0035589E+0
7.2939668E+3 1.0046755E+0
7.2959535E+3 1.0012099E+0
7.2979402E+3 1.0004597E+0
7.2999269E+3 1.0007186E+0
7.3019136E+3 9.9731971E-1
7.3039003E+3 9.9573760E-1
7.3058870E+3 9.9408348E-1
7.3078737E+3 9.9541209E-1
7.3098605E+3 9.9385669E-1
7.3118472E+3 9.9368872E-1
7.3138339E+3 9.9267851E-1
7.3158206E+3 9.8994040E-1
7.3178073E+3 9.9019092E-1
7.3197940E+3 9.8581049E-1
7.3217807E+3 9.8512885E-1
7.3237674E+3 9.8154087E-1
7.3257541E+3 9.8335757E-1
7.3277408E+3 9.8016005E-1
7.3297275E+3 9.8216541E-1
7.3317143E+3 9.7958562E-1
7.3337010E+3 9.8079679E-1
7.3356877E+3 9.8284522E-1
7.3376744E+3 9.8333422E-1
7.3396611E+3 9.8560478E-1
7.3416478E+3 9.8615263E-1
7.3436345E+3 9.8518878E-1
7.3456212E+3 9.8666829E-1
7.3476079E+3 9.9130517E-1
7.3495946E+3 9.9143329E-1
7.3515814E+3 9.9502282E-1
7.3535681E+3 9.9791963E-1
7.3555548E+3 9.9676784E-1
7.3575415E+3 9.9867372E-1
7.3595282E+3 9.9947500E-1
7.3615149E+3 9.9884120E-1
7.3635016E+3 1.0009200E+0
7.3654883E+3 1.0015083E+0
7.3674750E+3 1.0026893E+0
7.3694618E+3 1.0016669E+0
7.3714485E+3 1.0043569E+0
7.3734352E+3 1.0044248E+0
7.3754219E+3 1.0032252E+0
7.3774086E+3 1.0007429E+0
7.3793953E+3 1.0023217E+0
7.3813820E+3 1.0011030E+0
7.3833687E+3 1.0023983E+0
7.3853554E+3 1.0008013E+0
7.3873422E+3 1.0017377E+0
7.3893289E+3 1.0006194E+0
7.3913156E+3 9.9991901E-1
7.3933023E+3 9.9998986E-1
7.3952890E+3 1.0013110E+0
7.3972757E+3 1.0005935E+0
7.3992624E+3 9.9720419E-1
7.4012491E+3 9.9718039E-1
7.4032359E+3 9.9767224E-1
7.4052226E+3 9.9719076E-1
7.4072093E+3 9.9656996E-1
7.4091960E+3 9.9668468E-1
7.4111827E+3 9.9520387E-1
