#%Name: Montmorillonite SCa-3
#%formula: 
#%Mineral class: silicates
#%Xtal system: monoclinic
#%Edge: K
#%Sample prep: mounted on kapton tape
#%Beamline: ALS 10.3.2, HxV slits = 100x20 um
#%Det:  I0=N2, Fluorescence mode (Ge solid state 7elts)
#%Ref/notes:  from the Clay Minerals Society. XRD confirmed.average of several qxas scans
#%Temp: Room temp (28 degC)
#%Time&date: 2:46 AM 9/2/2011. Matthew A. Marcus
#%============================================================
7.0109042E+3 2.2022204E-3
7.0119048E+3 2.2126563E-3
7.0129054E+3 2.2869502E-3
7.0139060E+3 2.2130992E-3
7.0149067E+3 2.2584864E-3
7.0159073E+3 2.2902898E-3
7.0169079E+3 2.3541696E-3
7.0179085E+3 2.3196825E-3
7.0189091E+3 2.3745197E-3
7.0199097E+3 2.3431809E-3
7.0209103E+3 2.4447740E-3
7.0219109E+3 2.5001606E-3
7.0229115E+3 2.4203315E-3
7.0239122E+3 2.4123947E-3
7.0249128E+3 2.3595561E-3
7.0259134E+3 2.4925129E-3
7.0269140E+3 2.5189755E-3
7.0279146E+3 2.5373801E-3
7.0289152E+3 2.5683252E-3
7.0299158E+3 2.5545863E-3
7.0309164E+3 2.5733224E-3
7.0319170E+3 2.7330213E-3
7.0329177E+3 2.6573785E-3
7.0339183E+3 2.7533594E-3
7.0349189E+3 2.6989780E-3
7.0359195E+3 2.7217555E-3
7.0369201E+3 2.7053856E-3
7.0379207E+3 2.7126426E-3
7.0389213E+3 2.8367025E-3
7.0399219E+3 2.7843255E-3
7.0409226E+3 2.7931835E-3
7.0419232E+3 2.9491239E-3
7.0429238E+3 2.9772955E-3
7.0439244E+3 3.0725899E-3
7.0449250E+3 3.0561555E-3
7.0459256E+3 3.0208481E-3
7.0469262E+3 3.1545007E-3
7.0479268E+3 3.0871098E-3
7.0489274E+3 3.1189551E-3
7.0499281E+3 3.2137412E-3
7.0509287E+3 3.2385586E-3
7.0519293E+3 3.2584376E-3
7.0529299E+3 3.2941184E-3
7.0539305E+3 3.3574556E-3
7.0549311E+3 3.3949171E-3
7.0559317E+3 3.5031338E-3
7.0569323E+3 3.4958979E-3
7.0579330E+3 3.6074605E-3
7.0589336E+3 3.6740743E-3
7.0599342E+3 3.6485617E-3
7.0609348E+3 3.8038725E-3
7.0619354E+3 3.8740273E-3
7.0629360E+3 3.9612262E-3
7.0639366E+3 4.1178428E-3
7.0649372E+3 4.1032263E-3
7.0659379E+3 4.1502441E-3
7.0669385E+3 4.1866783E-3
7.0679391E+3 4.3124039E-3
7.0689397E+3 4.4498564E-3
7.0699403E+3 4.6212946E-3
7.0709409E+3 4.8590417E-3
7.0719415E+3 5.0880401E-3
7.0729421E+3 5.1562252E-3
7.0739428E+3 5.1870605E-3
7.0749434E+3 5.4693355E-3
7.0759440E+3 5.6401585E-3
7.0769446E+3 5.7590582E-3
7.0779452E+3 5.8691584E-3
7.0789458E+3 6.1168599E-3
7.0799464E+3 6.2063986E-3
7.0809471E+3 6.3568972E-3
7.0819477E+3 6.6200474E-3
7.0829483E+3 6.7656355E-3
7.0839489E+3 7.0020090E-3
7.0849495E+3 7.2343489E-3
7.0859501E+3 7.5283610E-3
7.0869507E+3 7.7596005E-3
7.0879513E+3 7.9944335E-3
7.0889520E+3 8.1848758E-3
7.0899526E+3 8.4752495E-3
7.0909532E+3 8.7196640E-3
7.0919538E+3 8.9697063E-3
7.0929544E+3 9.3010342E-3
7.0939550E+3 9.6773119E-3
7.0949556E+3 1.0113694E-2
7.0959563E+3 1.0449227E-2
7.0967066E+3 1.0798253E-2
7.0972067E+3 1.1103612E-2
7.0977068E+3 1.1363531E-2
7.0982069E+3 1.1494842E-2
7.0987070E+3 1.1902245E-2
7.0992071E+3 1.2238676E-2
7.0997072E+3 1.2521613E-2
7.1002073E+3 1.2816972E-2
7.1007074E+3 1.3387911E-2
7.1012075E+3 1.3802199E-2
7.1017076E+3 1.3988519E-2
7.1022078E+3 1.4441722E-2
7.1027079E+3 1.4975784E-2
7.1032080E+3 1.5479056E-2
7.1037081E+3 1.6159042E-2
7.1042082E+3 1.6692016E-2
7.1047083E+3 1.7244107E-2
7.1052084E+3 1.7893505E-2
7.1057085E+3 1.8900499E-2
7.1062086E+3 1.9735356E-2
7.1067087E+3 2.0372855E-2
7.1072088E+3 2.1275845E-2
7.1077089E+3 2.2423721E-2
7.1082090E+3 2.3655330E-2
7.1087091E+3 2.4875378E-2
7.1092092E+3 2.6448098E-2
7.1097093E+3 2.8715161E-2
7.1102094E+3 3.2125153E-2
7.1107095E+3 3.6278905E-2
7.1112096E+3 4.0864825E-2
7.1117097E+3 4.7381830E-2
7.1122098E+3 5.5587946E-2
7.1127099E+3 6.2482396E-2
7.1132100E+3 6.6457140E-2
7.1137101E+3 7.0091635E-2
7.1142102E+3 7.1376609E-2
7.1147103E+3 7.0638132E-2
7.1152105E+3 7.1555764E-2
7.1157106E+3 7.5658649E-2
7.1162107E+3 8.3478055E-2
7.1167108E+3 9.4687849E-2
7.1172109E+3 1.0815064E-1
7.1177110E+3 1.2486808E-1
7.1182111E+3 1.4359429E-1
7.1187112E+3 1.6715102E-1
7.1192113E+3 1.9443866E-1
7.1197114E+3 2.2964953E-1
7.1202115E+3 2.7680363E-1
7.1207116E+3 3.3472222E-1
7.1212117E+3 4.0806811E-1
7.1217118E+3 4.8774458E-1
7.1222119E+3 5.7216362E-1
7.1227120E+3 6.6528377E-1
7.1232121E+3 7.5124638E-1
7.1237122E+3 8.1747287E-1
7.1242123E+3 8.6871524E-1
7.1247124E+3 9.1261715E-1
7.1252125E+3 9.5577537E-1
7.1257126E+3 9.9978321E-1
7.1262127E+3 1.0494572E+0
7.1267128E+3 1.1050519E+0
7.1272130E+3 1.1619537E+0
7.1277131E+3 1.2123360E+0
7.1282132E+3 1.2511873E+0
7.1287133E+3 1.2762556E+0
7.1292134E+3 1.2943818E+0
7.1297135E+3 1.3063339E+0
7.1302136E+3 1.3194720E+0
7.1307137E+3 1.3407250E+0
7.1312138E+3 1.3706011E+0
7.1317139E+3 1.3929439E+0
7.1322140E+3 1.4108154E+0
7.1327141E+3 1.4162278E+0
7.1332142E+3 1.4100484E+0
7.1337143E+3 1.3981469E+0
7.1342144E+3 1.3810817E+0
7.1347145E+3 1.3581777E+0
7.1352146E+3 1.3382054E+0
7.1357147E+3 1.3158827E+0
7.1362148E+3 1.2946201E+0
7.1367149E+3 1.2746494E+0
7.1372150E+3 1.2533695E+0
7.1377151E+3 1.2295860E+0
7.1382152E+3 1.2043322E+0
7.1387154E+3 1.1785858E+0
7.1392155E+3 1.1546049E+0
7.1397156E+3 1.1347947E+0
7.1402157E+3 1.1122299E+0
7.1407158E+3 1.0923345E+0
7.1412159E+3 1.0783136E+0
7.1419660E+3 1.0515655E+0
7.1429662E+3 1.0234803E+0
7.1439664E+3 1.0058275E+0
7.1449667E+3 9.9687340E-1
7.1459669E+3 9.8886269E-1
7.1469671E+3 9.7602298E-1
7.1479673E+3 9.5831287E-1
7.1489675E+3 9.3799306E-1
7.1499677E+3 9.1678450E-1
7.1509679E+3 8.9764794E-1
7.1519681E+3 8.8163556E-1
7.1529683E+3 8.6967951E-1
7.1539685E+3 8.6032279E-1
7.1549687E+3 8.5573830E-1
7.1559690E+3 8.5417375E-1
7.1569692E+3 8.5595426E-1
7.1579694E+3 8.5953332E-1
7.1589696E+3 8.6368867E-1
7.1599698E+3 8.6648247E-1
7.1609700E+3 8.6983122E-1
7.1619702E+3 8.7650742E-1
7.1629704E+3 8.8345040E-1
7.1639706E+3 8.9471791E-1
7.1649708E+3 9.0658450E-1
7.1659711E+3 9.2020892E-1
7.1669713E+3 9.3548116E-1
7.1679715E+3 9.5190437E-1
7.1689717E+3 9.6776776E-1
7.1699719E+3 9.8208467E-1
7.1709721E+3 9.9744224E-1
7.1719723E+3 1.0085084E+0
7.1729725E+3 1.0189338E+0
7.1739727E+3 1.0291064E+0
7.1749729E+3 1.0374992E+0
7.1759731E+3 1.0420126E+0
7.1769734E+3 1.0442790E+0
7.1779736E+3 1.0446349E+0
7.1789738E+3 1.0481081E+0
7.1799740E+3 1.0492945E+0
7.1809742E+3 1.0517253E+0
7.1819744E+3 1.0544815E+0
7.1829746E+3 1.0571042E+0
7.1839748E+3 1.0585414E+0
7.1849750E+3 1.0605987E+0
7.1859752E+3 1.0611795E+0
7.1869755E+3 1.0617529E+0
7.1879757E+3 1.0618443E+0
7.1889759E+3 1.0610703E+0
7.1899761E+3 1.0604663E+0
7.1909763E+3 1.0614532E+0
7.1919765E+3 1.0574860E+0
7.1929767E+3 1.0540995E+0
7.1939769E+3 1.0489780E+0
7.1949771E+3 1.0447742E+0
7.1959774E+3 1.0396760E+0
7.1969776E+3 1.0348285E+0
7.1979778E+3 1.0313273E+0
7.1989780E+3 1.0258214E+0
7.1999782E+3 1.0214338E+0
7.2009784E+3 1.0150938E+0
7.2019786E+3 1.0098153E+0
7.2029788E+3 1.0068541E+0
7.2039790E+3 1.0029532E+0
7.2049792E+3 9.9899444E-1
7.2059795E+3 9.9448168E-1
7.2069797E+3 9.9057818E-1
7.2079799E+3 9.8697727E-1
7.2089801E+3 9.8512430E-1
7.2099803E+3 9.8003631E-1
7.2109805E+3 9.7509308E-1
7.2119807E+3 9.7267467E-1
7.2129809E+3 9.7060651E-1
7.2139811E+3 9.7033560E-1
7.2149814E+3 9.6969819E-1
7.2159816E+3 9.6853622E-1
7.2169818E+3 9.7044377E-1
7.2179820E+3 9.7067648E-1
7.2189822E+3 9.7328540E-1
7.2199824E+3 9.7524548E-1
7.2209826E+3 9.7559299E-1
7.2219828E+3 9.7817620E-1
7.2229830E+3 9.7907867E-1
7.2239833E+3 9.8033480E-1
7.2249835E+3 9.8244500E-1
7.2259837E+3 9.8311894E-1
7.2269839E+3 9.8427843E-1
7.2279841E+3 9.8517607E-1
7.2289843E+3 9.8740929E-1
7.2299845E+3 9.8761715E-1
7.2309847E+3 9.8817963E-1
7.2319849E+3 9.8858568E-1
7.2329852E+3 9.8795551E-1
7.2339854E+3 9.8926125E-1
7.2349856E+3 9.8857852E-1
7.2359858E+3 9.8950234E-1
7.2369860E+3 9.9059816E-1
7.2379862E+3 9.9037763E-1
7.2389864E+3 9.9210504E-1
7.2399866E+3 9.9265121E-1
7.2409869E+3 9.9376799E-1
7.2419871E+3 9.9433493E-1
7.2429873E+3 9.9532718E-1
7.2439875E+3 9.9487649E-1
7.2449877E+3 9.9596650E-1
7.2459879E+3 9.9901557E-1
7.2469881E+3 9.9806949E-1
7.2479883E+3 1.0005263E+0
7.2489885E+3 1.0022322E+0
7.2499888E+3 1.0042041E+0
7.2509890E+3 1.0066681E+0
7.2519892E+3 1.0093534E+0
7.2529894E+3 1.0101622E+0
7.2539896E+3 1.0123436E+0
7.2549898E+3 1.0146415E+0
7.2559900E+3 1.0162042E+0
7.2569902E+3 1.0154484E+0
7.2577404E+3 1.0160186E+0
7.2582405E+3 1.0180500E+0
7.2587406E+3 1.0179354E+0
7.2592407E+3 1.0182344E+0
7.2597408E+3 1.0178556E+0
7.2602409E+3 1.0172777E+0
7.2607410E+3 1.0177842E+0
7.2612411E+3 1.0168374E+0
7.2617413E+3 1.0167430E+0
7.2622414E+3 1.0169231E+0
7.2627415E+3 1.0151272E+0
7.2632416E+3 1.0134047E+0
7.2637417E+3 1.0142618E+0
7.2642418E+3 1.0142550E+0
7.2647419E+3 1.0157916E+0
7.2652420E+3 1.0166150E+0
7.2657421E+3 1.0151056E+0
7.2662422E+3 1.0149858E+0
7.2667423E+3 1.0147857E+0
7.2672424E+3 1.0152668E+0
7.2677425E+3 1.0160960E+0
7.2682426E+3 1.0153557E+0
7.2700930E+3 1.0132825E+0
7.2732937E+3 1.0123803E+0
7.2764944E+3 1.0129328E+0
7.2796951E+3 1.0158565E+0
7.2828958E+3 1.0191543E+0
7.2860964E+3 1.0184069E+0
7.2892971E+3 1.0163982E+0
7.2924978E+3 1.0118336E+0
7.2956985E+3 1.0072205E+0
7.2988992E+3 1.0047810E+0
7.3020998E+3 9.9951285E-1
7.3053005E+3 9.9509377E-1
7.3085012E+3 9.9246954E-1
7.3117019E+3 9.8915818E-1
7.3149026E+3 9.8567506E-1
7.3181033E+3 9.8486556E-1
7.3213040E+3 9.8646697E-1
7.3245046E+3 9.8827230E-1
7.3277053E+3 9.9124042E-1
7.3309060E+3 9.9264267E-1
7.3341067E+3 9.9538566E-1
7.3373074E+3 9.9971801E-1
7.3405081E+3 1.0020147E+0
7.3437088E+3 1.0042427E+0
7.3469094E+3 1.0045755E+0
7.3501101E+3 1.0042032E+0
7.3533108E+3 1.0035858E+0
7.3565115E+3 1.0017908E+0
7.3597122E+3 9.9884054E-1
7.3629129E+3 9.9684416E-1
7.3661136E+3 9.9597832E-1
7.3693143E+3 9.9530174E-1
7.3725150E+3 9.9370898E-1
7.3757156E+3 9.9478694E-1
7.3789163E+3 9.9551675E-1
7.3821170E+3 9.9514754E-1
7.3853177E+3 9.9589821E-1
7.3885184E+3 9.9580725E-1
7.3917191E+3 9.9495932E-1
7.3949198E+3 9.9401824E-1
7.3981205E+3 9.9404075E-1
7.4013212E+3 9.9444157E-1
7.4045219E+3 9.9507949E-1
7.4077226E+3 9.9503818E-1
