#%Name: Olivine
#%Formula: (Mg,Fe)2SiO4
#%Mineral class: silicate
#%Xtal system: orthorombic
#%Edge: K
#%Sample prep: powder mixed with DI water, air dried on Cu TEM grid, then plunged in liquid ethane and cryo-transfered. sample mounted at 40 deg.
#%Beamline: ALS 10.3.2, HxV slits = 200x20 um
#%Det:  I0=N2, Fluorescence mode (Amptek C2)
#%Ref/notes: Chemplex standard
#%Temp: -177 Celcius, pressure= 1 10^-6.
#%Time&date=4:38 AM 3/31/2023. Sirine C. Fakra
#%===========================================
7.01057322112,-4.61153845825962e-05
7.01087322112,-0.000107058278325984
7.01117322112,-0.000137144524056783
7.01147322112,-0.000141865409154097
7.01177322112,-0.000126712220997031
7.01207322112,-9.71762469646896e-05
7.01237322112,-5.90079813480029e-05
7.01267322111999,-2.45581112374023e-05
7.01297322111999,-7.35355272518755e-06
7.01327322111999,-1.19516296872842e-05
7.01357322111999,-3.4279444499683e-05
7.01387322111999,-5.24528710763619e-05
7.01417322111999,-5.26318923507159e-05
7.01447322111999,-2.69878969396959e-05
7.01477322111999,1.03858394873096e-05
7.01507322111999,4.37857505164628e-05
7.01537322111999,6.32892721529603e-05
7.01567322111999,6.84759448118446e-05
7.01597322111999,6.49328769863222e-05
7.01627322111999,5.2139730600008e-05
7.01657322111999,3.0339404030617e-05
7.01687322111998,5.24731424343734e-06
7.01717322111998,-9.12100766503331e-06
7.01747322111998,1.40221680444221e-06
7.01777322111998,3.68736509257459e-05
7.01807322111998,8.2408974692025e-05
7.01837322111998,0.000117520904838836
7.01867322111998,0.000131703795444989
7.01897322111998,0.000128075229258297
7.01927322111998,0.00011459424099703
7.01957322111998,9.55029790183099e-05
7.01987322111998,6.67985023338147e-05
7.02017322111998,3.4354065647282e-05
7.02047322111998,8.31067262086742e-06
7.02077322111998,6.18343696288567e-06
7.02107322111998,2.82788039561062e-05
7.02137322111997,6.03957515489464e-05
7.02167322111997,8.0859950264289e-05
7.02197322111997,7.42281729325659e-05
7.02227322111997,4.78691882165515e-05
7.02257322111997,1.67977909260009e-05
7.02287322111997,5.95288927563406e-06
7.02317322111997,2.09802972053183e-05
7.02347322111997,5.86695686873026e-05
7.02377322111997,9.35034235190515e-05
7.02407322111997,0.000103971453654751
7.02437322111997,7.92240606232282e-05
7.02467322111997,3.01180356210648e-05
7.02497322111997,-1.60882320829512e-05
7.02527322111997,-4.33429924895941e-05
7.02557322111996,-4.57957962898248e-05
7.02587322111996,-4.04002110262573e-05
7.02617322111996,-3.89564696960783e-05
7.02647322111996,-4.87997553049458e-05
7.02677322111996,-6.24580872912341e-05
7.02707322111996,-6.7089962124049e-05
7.02737322111996,-5.12685512476971e-05
7.02767322111996,-1.56786685679811e-05
7.02797322111996,2.38941582126177e-05
7.02827322111996,4.84065705326756e-05
7.02857322111996,4.57562057916029e-05
7.02887322111996,2.44512247843933e-05
7.02917322111996,-1.21039366975564e-06
7.02947322111996,-1.76864520410655e-05
7.02977322111995,-2.21043849992946e-05
7.03007322111995,-1.69558167868944e-05
7.03037322111995,-5.06306423810424e-06
7.03067322111995,1.01133896791156e-05
7.03097322111995,2.30185701071225e-05
7.03127322111995,2.57327223678363e-05
7.03157322111995,1.26690219973063e-05
7.03187322111995,-1.27899048549998e-05
7.03217322111995,-3.83961483219037e-05
7.03247322111995,-5.02600609808949e-05
7.03277322111995,-3.86073877497624e-05
7.03307322111995,-5.3389355443788e-06
7.03337322111995,4.04466248624659e-05
7.03367322111995,8.55937698950019e-05
7.03397322111995,0.000118204173503694
7.03427322111994,0.00013595832241597
7.03457322111994,0.000138359385803133
7.03487322111994,0.000127264298630477
7.03517322111994,0.000104272864034003
7.03547322111994,7.22612935073038e-05
7.03577322111994,4.49774329680952e-05
7.03607322111994,3.12389363658099e-05
7.03637322111994,3.20879949257382e-05
7.03667322111994,3.61795473433089e-05
7.03697322111994,2.70456314375929e-05
7.03727322111994,3.08474439252586e-06
7.03757322111994,-3.09342437089103e-05
7.03787322111994,-5.95309960243412e-05
7.03817322111994,-7.95192673731393e-05
7.03847322111993,-9.25620062986532e-05
7.03877322111993,-0.000105420727844046
7.03907322111993,-0.000118852159382131
7.03937322111993,-0.00012740990255229
7.03967322111993,-0.00012685715391353
7.03997322111993,-0.000116957013270792
7.04027322111993,-0.000101796312512599
7.04057322111993,-8.52997978065793e-05
7.04087322111993,-6.98860438972789e-05
7.04117322111993,-5.85535662042464e-05
7.04147322111993,-5.42182420854679e-05
7.04177322111993,-5.71215103831326e-05
7.04207322111993,-6.68210194346894e-05
7.04237322111993,-8.33036777203283e-05
7.04267322111992,-0.000105714569362796
7.04297322111992,-0.000128532577739001
7.04327322111992,-0.000139725002967171
7.04357322111992,-0.000130482091282349
7.04387322111992,-0.000105243906748469
7.04417322111992,-7.86521987221209e-05
7.04447322111992,-6.60255515067616e-05
7.04477322111992,-6.90018003928974e-05
7.04507322111992,-7.98319222278626e-05
7.04537322111992,-8.88602321673724e-05
7.04567322111992,-9.09021736536444e-05
7.04597322111992,-8.63187312185729e-05
7.04627322111992,-7.60384490661286e-05
7.04657322111992,-6.1502782926856e-05
7.04687322111991,-4.58231893467831e-05
7.04717322111991,-3.33393932595644e-05
7.04747322111991,-2.83794274866805e-05
7.04777322111991,-3.27421021116904e-05
7.04807322111991,-4.53372484607616e-05
7.04837322111991,-6.37619579080861e-05
7.04867322111991,-8.35921050303448e-05
7.04897322111991,-9.8308091643084e-05
7.04927322111991,-0.000101815943483574
7.04957322111991,-9.20695697637386e-05
7.04987322111991,-7.95422144405536e-05
7.05017322111991,-7.88733120115172e-05
7.05047322111991,-0.000102894413588852
7.05077322111991,-0.000144184522751936
7.05107322111991,-0.000181459199000853
7.0513732211199,-0.000190907527115054
7.0516732211199,-0.0001613991871417
7.0519732211199,-0.00010239670496658
7.0522732211199,-3.3436034366985e-05
7.0525732211199,2.67813210444151e-05
7.0528732211199,6.79909121027779e-05
7.0531732211199,9.49152600657215e-05
7.0534732211199,0.000116167643750544
7.0537732211199,0.00013767824403927
7.0540732211199,0.000155059126632625
7.0543732211199,0.000157046679684774
7.0546732211199,0.000136275545576326
7.0549732211199,9.28893030964856e-05
7.0552732211199,3.19144715302212e-05
7.05557322111989,-3.8596096189327e-05
7.05587322111989,-0.000101835265675463
7.05617322111989,-0.000135395848784315
7.05647322111989,-0.000118554305513288
7.05677322111989,-5.66977870531906e-05
7.05707322111989,1.98174712919179e-05
7.05737322111989,7.19357532183642e-05
7.05767322111989,7.775463196211e-05
7.05797322111989,4.55680685935151e-05
7.05827322111989,8.41967985524406e-07
7.05857322111989,-3.34630294910354e-05
7.05887322111989,-4.9804571416012e-05
7.05917322111989,-5.38228967002191e-05
7.05947322111989,-5.39163457145241e-05
7.05977322111988,-5.41778221893527e-05
7.06007322111988,-5.21860871729056e-05
7.06037322111988,-4.21894970124345e-05
7.06067322111988,-2.16497601071651e-05
7.06097322111988,5.91140021200706e-06
7.06127322111988,3.31422372127756e-05
7.06157322111988,5.417965106825e-05
7.06187322111988,6.92873349618224e-05
7.06217322111988,8.06288176187805e-05
7.06247322111988,9.03297111063052e-05
7.06277322111988,9.82507934168458e-05
7.06307322111988,0.000103495621620169
7.06337322111988,0.000105541928704231
7.06367322111988,0.00010513854674672
7.06397322111988,0.000105359930076129
7.06427322111987,0.000110746355136715
7.06457322111987,0.00012418546008306
7.06487322111987,0.000142302601041702
7.06517322111987,0.000158326847038592
7.06547322111987,0.000165035669750418
7.06577322111987,0.000157441591930072
7.06607322111987,0.000132525644572456
7.06637322111987,8.80572597283706e-05
7.06667322111987,2.73787189996945e-05
7.06697322111987,-3.79859173722643e-05
7.06727322111987,-9.40831071280867e-05
7.06757322111987,-0.000127300106678365
7.06787322111987,-0.000127106275222996
7.06817322111987,-8.96708575915994e-05
7.06847322111986,-1.56609789607176e-05
7.06877322111986,7.16061364688396e-05
7.06907322111986,0.000143011249800701
7.06937322111986,0.000175141053389025
7.06967322111986,0.000166689992431544
7.06997322111986,0.000140557416933304
7.07027322111986,0.000112964462415968
7.07057322111986,9.19441848848199e-05
7.07087322111986,6.36915001856317e-05
7.07117322111986,1.96286089619032e-05
7.07147322111986,-4.35155928535587e-05
7.07177322111986,-0.000109825132032687
7.07207322111986,-0.000156024732502335
7.07237322111986,-0.000161692687036356
7.07267322111985,-0.000122118001768977
7.07297322111985,-5.70298784506384e-05
7.07327322111985,4.89463493797869e-06
7.07357322111985,3.93794224302263e-05
7.07387322111985,4.24947572822705e-05
7.07417322111985,2.80909199248157e-05
7.07447322111985,1.38740450633984e-05
7.07477322111985,1.06029132549708e-05
7.07507322111985,1.84041482555691e-05
7.07537322111985,3.1700899712021e-05
7.07567322111985,4.66750146552762e-05
7.07597322111985,6.15828365929385e-05
7.07627322111985,7.38907534765164e-05
7.07657322111985,8.02066013435671e-05
7.07687322111985,7.5942373192811e-05
7.07717322111984,6.29267816440126e-05
7.07747322111984,4.58395042243533e-05
7.07777322111984,3.46726083882789e-05
7.07807322111984,3.76930588404674e-05
7.07837322111984,5.8959047391703e-05
7.07867322111984,9.11018551117027e-05
7.07897322111984,0.000113187934916221
7.07927322111984,0.000106541991916301
7.07957322111984,6.35897784616367e-05
7.07987322111984,1.26974280520524e-05
7.08017322111984,-1.38198212220392e-05
7.08047322111984,1.04444739486131e-05
7.08077322111984,6.69987207832621e-05
7.08107322111984,0.000113162107546138
7.08137322111983,0.000107700487682651
7.08167322111983,4.35973941253234e-05
7.08197322111983,-3.63012823258844e-05
7.08227322111983,-7.90200825611889e-05
7.08257322111983,-4.70649520562818e-05
7.08287322111983,3.85136273549472e-05
7.08317322111983,0.000133463563225217
7.08347322111983,0.000194233245314362
7.08377322111983,0.000220438723313336
7.08407322111983,0.000238488960855982
7.08437322111983,0.000276390473023699
7.08467322111983,0.00033553162341949
7.08497322111983,0.000383479976061563
7.08527322111983,0.000391015549936088
7.08557322111982,0.000342232025722043
7.08587322111982,0.000263595955725511
7.08617322111982,0.000181267356951912
7.08647322111982,0.000116466080554742
7.08677322111982,7.54307033158351e-05
7.08707322111982,6.63648595859592e-05
7.08737322111982,0.000106283310821197
7.08767322111982,0.000196491934845683
7.08797322111982,0.000309342618599261
7.08827322111982,0.000401612292602761
7.08857322111982,0.000440951343997093
7.08887322111982,0.000440847169573518
7.08917322111982,0.000430879485123575
7.08947322111982,0.00044066019339018
7.08977322111982,0.00047890978421314
7.09007322111981,0.000545360054628811
7.09037322111981,0.000642238907738558
7.09067322111981,0.000764451726254734
7.09097322111981,0.000891507989058121
7.09127322111981,0.000991684453997878
7.09157322111981,0.00104067424402712
7.09187322111981,0.00104879569743625
7.09217322111981,0.00105163727965301
7.09247322111981,0.00108887391193905
7.09277322111981,0.00117630198234675
7.09307322111981,0.00129792244669989
7.09337322111981,0.00142193582501098
7.09367322111981,0.00152710906456796
7.09397322111981,0.00162163921204165
7.0942732211198,0.00174395009287422
7.0945732211198,0.00192941943168046
7.0948732211198,0.00218355832672394
7.0951732211198,0.0025533275398055
7.0954732211198,0.00323790527561749
7.0957732211198,0.00319262459074549
7.0960732211198,0.00294497511438444
7.0963732211198,0.00270762658849079
7.0966732211198,0.00322938464520209
7.0969732211198,0.00319937633912998
7.0972732211198,0.00387611583174625
7.0975732211198,0.00306547138028734
7.0978732211198,0.00326042298643812
7.0981732211198,0.00338294687244503
7.09847322111979,0.00423346027330702
7.09877322111979,0.00447443375318681
7.09907322111979,0.0048731369591776
7.09937322111979,0.00506949836928204
7.09967322111979,0.00510808863064027
7.09997322111979,0.00531413160433305
7.10027322111979,0.0058320248375113
7.10057322111979,0.00615400386340578
7.10087322111979,0.00625083060557979
7.10117322111979,0.00676568419140355
7.10147322111979,0.00681919927732165
7.10177322111979,0.00696454231377479
7.10207322111979,0.00737234964968529
7.10237322111979,0.00720874045114226
7.10267322111978,0.00741861968487791
7.10297322111978,0.00808213643722304
7.10327322111978,0.00859766820748828
7.10357322111978,0.00889743975349729
7.10387322111978,0.00935363094004982
7.10417322111978,0.0095766769001183
7.10447322111978,0.0100457064866231
7.10477322111978,0.0106114808951419
7.10507322111978,0.0110492146919217
7.10537322111978,0.011213332747948
7.10567322111978,0.0119686369445494
7.10597322111978,0.0129564895256732
7.10627322111978,0.0132811627321147
7.10657322111978,0.0137671041915998
7.10687322111978,0.0151177878931617
7.10717322111977,0.0152669603115003
7.10747322111977,0.0164638676340054
7.10777322111977,0.016895340217206
7.10807322111977,0.0185223837734986
7.10837322111977,0.018938738578844
7.10867322111977,0.021312869074671
7.10897322111977,0.0219995308762824
7.10927322111977,0.0248134529114812
7.10957322111977,0.0270097823897591
7.10987322111977,0.0314346301714845
7.11017322111977,0.0354000144932951
7.11047322111977,0.0428539338566477
7.11077322111977,0.0478593679530296
7.11107322111977,0.0517662698999749
7.11137322111976,0.0528705079453825
7.11167322111976,0.0546529323980304
7.11197322111976,0.055282586674076
7.11227322111976,0.0562073330437612
7.11257322111976,0.0559978299442092
7.11287322111976,0.0585446455814776
7.11317322111976,0.0578773381842645
7.11347322111976,0.0583714873702016
7.11377322111976,0.0596435385767973
7.11407322111976,0.0616382100374084
7.11437322111976,0.0641743719331357
7.11467322111976,0.068791864308114
7.11497322111976,0.072616218406976
7.11527322111976,0.080346173835816
7.11557322111975,0.0902978043809562
7.11587322111975,0.102899814189984
7.11617322111975,0.119436230239448
7.11647322111975,0.142444357329417
7.11677322111975,0.167982451224166
7.11707322111975,0.204995349780418
7.11737322111975,0.240666657214619
7.11767322111975,0.291346804016398
7.11797322111975,0.343932467019122
7.11827322111975,0.405208687308817
7.11857322111975,0.468683271364628
7.11887322111975,0.532724639595036
7.11917322111975,0.590987715985787
7.11947322111975,0.64821453820786
7.11977322111975,0.688441514174802
7.12007322111974,0.74270254205627
7.12037322111974,0.779539980656787
7.12067322111974,0.831611723019604
7.12097322111974,0.878364069651907
7.12127322111974,0.925271295652333
7.12157322111974,0.955211303900613
7.12187322111974,0.985892286111878
7.12217322111974,1.01629069437807
7.12247322111974,1.0593939260427
7.12277322111974,1.11343896723103
7.12307322111974,1.14010988647204
7.12337322111974,1.18659842629223
7.12367322111974,1.2392869089808
7.12397322111974,1.28802314727945
7.12427322111973,1.32068909135202
7.12457322111973,1.37525086379397
7.12487322111973,1.38043612457816
7.12517322111973,1.43582957622883
7.12547322111973,1.40503211879218
7.12577322111973,1.45705672981595
7.12607322111973,1.42321503917143
7.12637322111973,1.44646151645363
7.12667322111973,1.3950644491991
7.12697322111973,1.39958971785227
7.12727322111973,1.36115368857969
7.12757322111973,1.36606127099596
7.12787322111973,1.32867876890779
7.12817322111973,1.33737306767001
7.12847322111972,1.29538375126214
7.12877322111972,1.3061935093515
7.12907322111972,1.2912628845752
7.12937322111972,1.28926864935695
7.12967322111972,1.28221355722184
7.12997322111972,1.27270133190389
7.13027322111972,1.25514264337002
7.13057322111972,1.25458242818649
7.13087322111972,1.21395057075653
7.13117322111972,1.1901231802332
7.13147322111972,1.17508271924674
7.13177322111972,1.14230853275012
7.13207322111972,1.12283586832482
7.13237322111972,1.09265745495571
7.13267322111972,1.08207549545591
7.13297322111971,1.04879526263452
7.13327322111971,1.04277835656901
7.13357322111971,1.0175027933925
7.13387322111971,1.02720779339921
7.13417322111971,1.01271491838784
7.13447322111971,0.989033002443023
7.13477322111971,0.989894408153919
7.13507322111971,0.97801853763083
7.13537322111971,0.979444534282967
7.13567322111971,0.967697884905212
7.13597322111971,0.969844258919798
7.13627322111971,0.972200484241354
7.13657322111971,0.959976116262593
7.13687322111971,0.96235248297938
7.1371732211197,0.960700231549163
7.1374732211197,0.98775112841265
7.1377732211197,0.985527905476849
7.1380732211197,0.998722429320602
7.1383732211197,0.992903822589323
7.1386732211197,1.02256619768143
7.1389732211197,1.00103236000757
7.1392732211197,1.01890265388682
7.1395732211197,0.999341530865697
7.1398732211197,0.994728217574758
7.1401732211197,1.0071562553162
7.1404732211197,1.00534017224953
7.1407732211197,0.995523019276163
7.1410732211197,0.98684730837988
7.14137322111969,0.981180141784743
7.14167322111969,0.977873644222324
7.14197322111969,0.974251939053012
7.14227322111969,0.969971186390923
7.14257322111969,0.965109601559414
7.14287322111969,0.960016896911412
7.14317322111969,0.954725730063112
7.14347322111969,0.94918378750729
7.14377322111969,0.943871902992731
7.14407322111969,0.939154253611335
7.14437322111969,0.934996343236802
7.14467322111969,0.930756293829248
7.14497322111969,0.925330657302822
7.14527322111969,0.918376263853523
7.14557322111968,0.910041408110282
7.14587322111968,0.901747907572795
7.14617322111968,0.894472820834221
7.14647322111968,0.888819185681587
7.14677322111968,0.884313203464781
7.14707322111968,0.88019019538854
7.14737322111968,0.875997940821422
7.14767322111968,0.871627099578787
7.14797322111968,0.867345377001206
7.14827322111968,0.863248973357617
7.14857322111968,0.859301334738019
7.14887322111968,0.855130604688074
7.14917322111968,0.850572076026627
7.14947322111968,0.845670465101893
7.14977322111968,0.841546575796216
7.15007322111967,0.839518134877049
7.15037322111967,0.840484518615701
7.15067322111967,0.843956322492458
7.15097322111967,0.847841602202139
7.15127322111967,0.850668326579379
7.15157322111967,0.851770651821076
7.15187322111967,0.852899195164673
7.15217322111967,0.855456892310684
7.15247322111967,0.860332444901547
7.15277322111967,0.866522999910562
7.15307322111967,0.872662387673343
7.15337322111967,0.878072493008114
7.15367322111967,0.882974102727312
7.15397322111967,0.888344964939155
7.15427322111966,0.894205715420756
7.15457322111966,0.90020471455657
7.15487322111966,0.905313612285367
7.15517322111966,0.909391280753714
7.15547322111966,0.912720597733247
7.15577322111966,0.916000928613125
7.15607322111966,0.919581852175117
7.15637322111966,0.923274794221914
7.15667322111966,0.926705033667661
7.15697322111966,0.92944711639341
7.15727322111966,0.931460930491497
7.15757322111966,0.932888897771527
7.15787322111966,0.934329846416116
7.15817322111966,0.936368324136759
7.15847322111965,0.939500030057637
7.15877322111965,0.943745831545523
7.15907322111965,0.948845213334529
7.15937322111965,0.954534232227054
7.15967322111965,0.960537223487301
7.15997322111965,0.966475005554453
7.16027322111965,0.971782047307524
7.16057322111965,0.975974467346084
7.16087322111965,0.979029694134109
7.16117322111965,0.981451549692139
7.16147322111965,0.98388074337257
7.16177322111965,0.986768978038122
7.16207322111965,0.990269014399813
7.16237322111965,0.994367015976638
7.16267322111965,0.999190917328446
7.16297322111964,1.00495931900367
7.16327322111964,1.0116513956475
7.16357322111964,1.01889573349784
7.16387322111964,1.02528119941758
7.16417322111964,1.02981096313952
7.16447322111964,1.03194686185898
7.16477322111964,1.03341258951005
7.16507322111964,1.03665951755079
7.16537322111964,1.0435588098623
7.16567322111964,1.05386221968744
7.16597322111964,1.06444903086326
7.16627322111964,1.07223929547915
7.16657322111964,1.07507309688249
7.16687322111964,1.07417442831749
7.16717322111963,1.07237766257003
7.16747322111963,1.07265782436772
7.16777322111963,1.07618899607616
7.16807322111963,1.08183665960871
7.16837322111963,1.08734525288742
7.16867322111963,1.09089013692797
7.16897322111963,1.09193939199466
7.16927322111963,1.09134346431914
7.16957322111963,1.09011508456943
7.16987322111963,1.08912470458372
7.17017322111963,1.08857972973512
7.17047322111963,1.08842360156764
7.17077322111963,1.0882544181569
7.17107322111963,1.0875089417997
7.17137322111962,1.08566900001394
7.17167322111962,1.08262999322409
7.17197322111962,1.07905042530777
7.17227322111962,1.07600619467543
7.17257322111962,1.07435396731892
7.17287322111962,1.07384930164485
7.17317322111962,1.0732977136872
7.17347322111962,1.07134784934772
7.17377322111962,1.06771377912065
7.17407322111962,1.0633989547428
7.17437322111962,1.05999369732832
7.17467322111962,1.05846873017573
7.17497322111962,1.05850989587134
7.17527322111962,1.05893966749007
7.17557322111962,1.05868786657213
7.17587322111961,1.05754058173195
7.17617322111961,1.05600305773934
7.17647322111961,1.05470880478642
7.17677322111961,1.05362837847784
7.17707322111961,1.0522760236652
7.17737322111961,1.05011712457674
7.17767322111961,1.04722811098218
7.17797322111961,1.04443817894136
7.17827322111961,1.04238264555883
7.17857322111961,1.04141467992058
7.17887322111961,1.04105342273329
7.17917322111961,1.04102750048322
7.17947322111961,1.04121666029288
7.17977322111961,1.04153927227155
7.1800732211196,1.04169126835871
7.1803732211196,1.04115654738269
7.1806732211196,1.03983499981326
7.1809732211196,1.03823892530105
7.1812732211196,1.03694381329506
7.1815732211196,1.03630231912853
7.1818732211196,1.03587637839135
7.1821732211196,1.03520849637671
7.1824732211196,1.0339180755839
7.1827732211196,1.03181428550346
7.1830732211196,1.02883713444612
7.1833732211196,1.02495514644221
7.1836732211196,1.02065355914603
7.1839732211196,1.01703222571469
7.18427322111959,1.01498654500979
7.18457322111959,1.01487450131683
7.18487322111959,1.0152770026779
7.18517322111959,1.01470336599153
7.18547322111959,1.01199387536501
7.18577322111959,1.00814286403085
7.18607322111959,1.00501571642359
7.18637322111959,1.00409317072686
7.18667322111959,1.00520876380197
7.18697322111959,1.00628839892442
7.18727322111959,1.00598884604965
7.18757322111959,1.00380329839939
7.18787322111959,1.00163135374557
7.18817322111959,1.00072099233519
7.18847322111958,1.00168100203378
7.18877322111958,1.00308607554094
7.18907322111958,1.00324379023764
7.18937322111958,1.00132274285316
7.18967322111958,0.997937381139687
7.18997322111958,0.995209366087949
7.19027322111958,0.994313789986121
7.19057322111958,0.995587104709029
7.19087322111958,0.99702591987159
7.19117322111958,0.997215504120267
7.19147322111958,0.995350877330411
7.19177322111958,0.992660701600439
7.19207322111958,0.990793425509874
7.19237322111958,0.990680099751368
7.19267322111958,0.992090957447338
7.19297322111957,0.993429319679131
7.19327322111957,0.993521038526642
7.19357322111957,0.991733251618604
7.19387322111957,0.989175585937507
7.19417322111957,0.987477358543557
7.19447322111957,0.988166675378101
7.19477322111957,0.991208146702705
7.19507322111957,0.994885074569241
7.19537322111957,0.996811481673918
7.19567322111957,0.995621059801264
7.19597322111957,0.99219496534069
7.19627322111957,0.989147868903854
7.19657322111957,0.988787071263084
7.19687322111957,0.991237593664338
7.19717322111956,0.994446539826939
7.19747322111956,0.995895376098672
7.19777322111956,0.994668584827654
7.19807322111956,0.99174354379061
7.19837322111956,0.988945125544696
7.19867322111956,0.987509553072003
7.19897322111956,0.987561687935692
7.19927322111956,0.988667511228801
7.19957322111956,0.990341841075936
7.19987322111956,0.992089040133519
7.20017322111956,0.993129654509409
7.20047322111956,0.992648952133467
7.20077322111956,0.990567705856203
7.20107322111956,0.987796857052324
7.20137322111955,0.985736111598256
7.20167322111955,0.9850411896922
7.20197322111955,0.985148718017506
7.20227322111955,0.985128352941559
7.20257322111955,0.984423190837501
7.20287322111955,0.983892956239086
7.20317322111955,0.984303928509013
7.20347322111955,0.986148728324814
7.20377322111955,0.988674996450617
7.20407322111955,0.990741498503765
7.20437322111955,0.991522574817173
7.20467322111955,0.990666622548063
7.20497322111955,0.988472845730869
7.20527322111955,0.9852679526446
7.20557322111955,0.981535154973988
7.20587322111954,0.978320701473431
7.20617322111954,0.976699051247954
7.20647322111954,0.977564521766478
7.20677322111954,0.980318141867019
7.20707322111954,0.98349977961857
7.20737322111954,0.985677159120116
7.20767322111954,0.98621697481009
7.20797322111954,0.985581550363123
7.20827322111954,0.984226775691458
7.20857322111954,0.982613875440585
7.20887322111954,0.981285257631579
7.20917322111954,0.980900280385621
7.20947322111954,0.982044321592605
7.20977322111954,0.984164102601577
7.21007322111953,0.986144372667454
7.21037322111953,0.98698517074958
7.21067322111953,0.986777674061896
7.21097322111953,0.986948333292598
7.21127322111953,0.988498564893703
7.21157322111953,0.991800369257736
7.21187322111953,0.995186176149583
7.21217322111953,0.997372421024885
7.21247322111953,0.997564550497626
7.21277322111953,0.996642554315449
7.21307322111953,0.995894372221186
7.21337322111953,0.995914928886541
7.21367322111953,0.996693267251629
7.21397322111953,0.997515775139686
7.21427322111952,0.998227546418489
7.21457322111952,0.998801523681421
7.21487322111952,0.999308725732838
7.21517322111952,0.999637490059945
7.21547322111952,0.999598239560926
7.21577322111952,0.999254001349659
7.21607322111952,0.998773413967588
7.21637322111952,0.998231101399925
7.21667322111952,0.997616225819774
7.21697322111952,0.996897353259209
7.21727322111952,0.996409461051008
7.21757322111952,0.996506465278548
7.21787322111952,0.997236009289339
7.21817322111952,0.998204876724253
7.21847322111952,0.998867645858942
7.21877322111951,0.999121109020282
7.21907322111951,0.999352778979204
7.21937322111951,1.0000994426875
7.21967322111951,1.00147288472496
7.21997322111951,1.00262186138152
7.22027322111951,1.00253285864293
7.22057322111951,1.00047877794437
7.22087322111951,0.997541667816436
7.22117322111951,0.99538437536429
7.22147322111951,0.995521919885316
7.22177322111951,0.997615873209193
7.22207322111951,0.999691944806061
7.22237322111951,0.999978333637448
7.22267322111951,0.997724997677552
7.2229732211195,0.994606377341859
7.2232732211195,0.992287766866038
7.2235732211195,0.992048708329169
7.2238732211195,0.993103426302963
7.2241732211195,0.994048051107468
7.2244732211195,0.993708413109104
7.2247732211195,0.991901730371073
7.2250732211195,0.989445154947566
7.2253732211195,0.987032949961748
7.2256732211195,0.985254309806897
7.2259732211195,0.98443252402019
7.2262732211195,0.984805731007939
7.2265732211195,0.986470107974489
7.2268732211195,0.988426550114066
7.22717322111949,0.989455585593449
7.22747322111949,0.98863140546628
7.22777322111949,0.986478143878518
7.22807322111949,0.985002999504822
7.22837322111949,0.985640033154783
7.22867322111949,0.988904063833286
7.22897322111949,0.99258731411755
7.22927322111949,0.99455105777694
7.22957322111949,0.993143014310793
7.22987322111949,0.98940012424139
7.23017322111949,0.985658754388607
7.23047322111949,0.984012399031788
7.23077322111949,0.984959513974722
7.23107322111949,0.986752907832898
7.23137322111948,0.987618532123716
7.23167322111948,0.986352524126923
7.23197322111948,0.983920418911614
7.23227322111948,0.981873342335486
7.23257322111948,0.981675058829366
7.23287322111948,0.98346407437581
7.23317322111948,0.986109835007343
7.23347322111948,0.988082653321447
7.23377322111948,0.988330907191594
7.23407322111948,0.98690984410501
7.23437322111948,0.984659997525945
7.23467322111948,0.982446329651398
7.23497322111948,0.980735739702875
7.23527322111948,0.979781234604748
7.23557322111948,0.979788589732389
7.23587322111947,0.980921529496301
7.23617322111947,0.982879510032304
7.23647322111947,0.984868851626637
7.23677322111947,0.986072882768672
7.23707322111947,0.98600628717508
7.23737322111947,0.985126047008382
7.23767322111947,0.984196920921279
7.23797322111947,0.984601957962565
7.23827322111947,0.986948310964112
7.23857322111947,0.991247145473224
7.23887322111947,0.995987590260695
7.23917322111947,0.999098602364758
7.23947322111947,0.999444306341238
7.23977322111947,0.997164470224145
7.24007322111946,0.994731603782499
7.24037322111946,0.993869573808433
7.24067322111946,0.995670102372581
7.24097322111946,0.998795102577574
7.24127322111946,1.00159113399924
7.24157322111946,1.00283034221931
7.24187322111946,1.00266497546821
7.24217322111946,1.00256580915193
7.24247322111946,1.00400597961499
7.24277322111946,1.00782137685836
7.24307322111946,1.0130979689656
7.24337322111946,1.01809350775579
7.24367322111946,1.02110989407319
7.24397322111946,1.02183611647713
7.24427322111945,1.02114275078589
7.24457322111945,1.02027735452895
7.24487322111945,1.02010274298772
7.24517322111945,1.02102579660877
7.24547322111945,1.02340193566598
7.24577322111945,1.02723848048549
7.24607322111945,1.03133959612338
7.24637322111945,1.03345282083885
7.24667322111945,1.03139338099939
7.24697322111945,1.02572281274761
7.24727322111945,1.01939250955675
7.24757322111945,1.01608045802881
7.24787322111945,1.01727802915169
7.24817322111945,1.0211761340387
7.24847322111945,1.02486666139901
7.24877322111944,1.02608917155002
7.24907322111944,1.02517913732823
7.24937322111944,1.02332434688861
7.24967322111944,1.0217230438228
7.24997322111944,1.02065524765697
7.25027322111944,1.02020495072297
7.25057322111944,1.02074256889112
7.25087322111944,1.02241712751335
7.25117322111944,1.02470984310146
7.25147322111944,1.02635364806945
7.25177322111944,1.02629122075801
7.25207322111944,1.02474332244242
7.25237322111944,1.02273041782383
7.25267322111944,1.02137935361946
7.25297322111943,1.02079225363955
7.25327322111943,1.02033318367029
7.25357322111943,1.01930547070143
7.25387322111943,1.01767790496306
7.25417322111943,1.01641485385289
7.25447322111943,1.01628922793356
7.25477322111943,1.01761109003037
7.25507322111943,1.01886478398795
7.25537322111943,1.01856207212515
7.25567322111943,1.01561037651618
7.25597322111943,1.01105022794914
7.25627322111943,1.00695749093229
7.25657322111943,1.0047765867397
7.25687322111943,1.00471958370711
7.25717322111942,1.0050561738347
7.25747322111942,1.00479961405406
7.25777322111942,1.00345018157311
7.25807322111942,1.00205818405857
7.25837322111942,1.00149895625133
7.25867322111942,1.00221176381732
7.25897322111942,1.00323935525164
7.25927322111942,1.00288482286808
7.25957322111942,1.00002576509466
7.25987322111942,0.996137732411467
7.26017322111942,0.997577242305107
7.26047322111942,1.001589204783
7.26077322111942,0.995981948977123
7.26107322111942,1.00804560427738
7.26137322111942,1.01517679984923
7.26167322111941,1.02378395280652
7.26197322111941,1.00875929980285
7.26227322111941,1.01851268432892
7.26257322111941,1.01092179208838
7.26287322111941,0.999925262343792
7.26317322111941,1.01697277081633
7.26347322111941,1.02895374487571
7.26377322111941,1.02626805713467
7.26407322111941,1.04125808038172
7.26437322111941,1.01475025011367
7.26467322111941,1.01502682530439
7.26497322111941,1.02369977068365
7.26527322111941,0.996207605751282
7.26557322111941,0.983490581794298
7.2658732211194,0.999157464696597
7.2661732211194,0.992491384014936
7.2664732211194,0.988272804689987
7.2667732211194,1.00596765311185
7.2670732211194,0.999325480043519
7.2673732211194,0.998967677919024
7.2676732211194,1.00817310207953
7.2679732211194,0.995952913529212
7.2682732211194,1.00003058028581
7.2685732211194,0.987180084028509
7.2688732211194,0.986977520841635
7.2691732211194,0.988032955750261
7.2694732211194,0.989355136164516
7.2697732211194,0.992980551858608
7.27007322111939,0.990994555867788
7.27037322111939,0.985718078733183
7.27067322111939,0.983888368318
7.27097322111939,0.984823504479995
7.27127322111939,0.987584396684811
7.27157322111939,0.991231954398084
7.27187322111939,0.994841695260992
7.27217322111939,0.997635454961991
7.27247322111939,0.999430606129208
7.27277322111939,1.00035856338753
7.27307322111939,1.00055415022433
7.27337322111939,1.00015219012697
7.27367322111939,0.999287506582816
7.27397322111939,0.998094923079239
7.27427322111939,0.996709263103605
7.27457322111938,0.995265350143281
7.27487322111938,0.993897948759061
7.27517322111938,0.992729735882502
7.27547322111938,0.991830657262505
7.27577322111938,0.991179582227797
7.27607322111938,0.990736976906691
7.27637322111938,0.990463307427498
7.27667322111938,0.99031903991853
7.27697322111938,0.990264640508099
7.27727322111938,0.990260575324516
7.27757322111938,0.990267310496094
7.27787322111938,0.990245312151143
7.27817322111938,0.990155816975288
7.27847322111938,0.989975094320368
7.27877322111937,0.989700886810595
7.27907322111937,0.989342088169867
7.27937322111937,0.988908321875535
7.27967322111937,0.988409211404952
7.27997322111937,0.987854380235471
7.28027322111937,0.987253451844443
7.28057322111937,0.98661604970922
7.28087322111937,0.985951797307156
7.28117322111937,0.985270318115602
7.28147322111937,0.984579287490499
7.28177322111937,0.983875689916656
7.28207322111937,0.983158428331919
7.28237322111937,0.982429660507563
7.28267322111937,0.981691576530734
7.28297322111936,0.980946366488582
7.28327322111936,0.980196220468255
7.28357322111936,0.979443328556902
7.28387322111936,0.978689880841671
7.28417322111936,0.977938067409711
7.28447322111936,0.977190088560644
7.28477322111936,0.976449993535799
7.28507322111936,0.975724008771253
7.28537322111936,0.975012981439522
7.28567322111936,0.974316555981959
7.28597322111936,0.973634376839915
7.28627322111936,0.972966088454742
7.28657322111936,0.972311335267793
7.28687322111936,0.971669761720417
7.28717322111935,0.971041012253968
7.28747322111935,0.970424731309797
7.28777322111935,0.969820973850827
7.28807322111935,0.969237406516295
7.28837322111935,0.968690249177741
7.28867322111935,0.968198399728077
7.28897322111935,0.967780917118218
7.28927322111935,0.967456860299082
7.28957322111935,0.967245288221585
7.28987322111935,0.967165259836642
7.29017322111935,0.967235834095172
7.29047322111935,0.96747606994809
7.29077322111935,0.967905026346312
7.29107322111935,0.968536251710278
7.29137322111935,0.969351808714659
7.29167322111934,0.970319270157113
7.29197322111934,0.971404297245809
7.29227322111934,0.972572534063583
7.29257322111934,0.973789624693273
7.29287322111934,0.975021213217713
7.29317322111934,0.976232943719742
7.29347322111934,0.977390460282194
7.29377322111934,0.978459406987907
7.29407322111934,0.979405520973341
7.29437322111934,0.980209518415125
7.29467322111934,0.980884497697047
7.29497322111934,0.981450789771786
7.29527322111934,0.981929377494044
7.29557322111934,0.982341243718525
7.29587322111933,0.982707371299929
7.29617322111933,0.98304874309296
7.29647322111933,0.983386341952318
7.29677322111933,0.983741150732706
7.29707322111933,0.984134152288826
7.29737322111933,0.984585075376551
7.29767322111933,0.985091579734253
7.29797322111933,0.985634238353733
7.29827322111933,0.9861953139941
7.29857322111933,0.986757214451454
7.29887322111933,0.987302347521896
7.29917322111933,0.987813121001528
7.29947322111933,0.98827194268645
7.29977322111933,0.988661220372765
7.30007322111932,0.988963361856571
7.30037322111932,0.989160774933972
7.30067322111932,0.989241493585888
7.30097322111932,0.989223183743514
7.30127322111932,0.989124170809504
7.30157322111932,0.98895775936801
7.30187322111932,0.988737212953406
7.30217322111932,0.988475795100062
7.30247322111932,0.988186769342351
7.30277322111932,0.987883399214645
7.30307322111932,0.987578948251316
7.30337322111932,0.987286679986736
7.30367322111932,0.98701979934338
7.30397322111932,0.986783077630739
7.30427322111932,0.986567978293142
7.30457322111931,0.986375739463097
7.30487322111931,0.986209873631321
7.30517322111931,0.986073893288532
7.30547322111931,0.985971310925448
7.30577322111931,0.985905639032787
7.30607322111931,0.985880390101266
7.30637322111931,0.985899076621603
7.30667322111931,0.985965211084517
7.30697322111931,0.986082036531997
7.30727322111931,0.986248134991131
7.30757322111931,0.986454704364338
7.30787322111931,0.986688456634427
7.30817322111931,0.986935839434779
7.30847322111931,0.987183300398775
7.3087732211193,0.987417287159796
7.3090732211193,0.987624247351225
7.3093732211193,0.987790628606442
7.3096732211193,0.987902878558827
7.3099732211193,0.987947444841764
7.3102732211193,0.987914671049011
7.3105732211193,0.987815487031102
7.3108732211193,0.987667096393669
7.3111732211193,0.987486436270901
7.3114732211193,0.987290441805474
7.3117732211193,0.987096048140062
7.3120732211193,0.986920190417341
7.3123732211193,0.986779803779986
7.3126732211193,0.986691823370672
7.31297322111929,0.986673184332075
7.31327322111929,0.986740755639879
7.31357322111929,0.986902846096041
7.31387322111929,0.987151083485166
7.31417322111929,0.987475857044286
7.31447322111929,0.987867695518738
7.31477322111929,0.988317127653856
7.31507322111929,0.988814682194978
7.31537322111929,0.98935088788744
7.31567322111929,0.989916273476578
7.31597322111929,0.990501367707729
7.31627322111929,0.991096699326229
7.31657322111929,0.991692975514387
7.31687322111929,0.992283874346967
7.31717322111929,0.992867921396119
7.31747322111928,0.993446674775689
7.31777322111928,0.994021864535117
7.31807322111928,0.994595220723845
7.31837322111928,0.995168473391314
7.31867322111928,0.995743352586964
7.31897322111928,0.996321588360237
7.31927322111928,0.996904910760575
7.31957322111928,0.997495049837417
7.31987322111928,0.998094491538817
7.32017322111928,0.998708576144729
7.32047322111928,0.999335539609897
7.32077322111928,0.999969568556003
7.32107322111928,1.0006048228903
7.32137322111928,1.00123546252004
7.32167322111927,1.00185564735247
7.32197322111927,1.00245953729484
7.32227322111927,1.0030412922544
7.32257322111927,1.0035950721384
7.32287322111927,1.00411500385189
7.32317322111927,1.00459136061807
7.32347322111927,1.00501036979472
7.32377322111927,1.00536719580326
7.32407322111927,1.00565876559959
7.32437322111927,1.00588200613957
7.32467322111927,1.00603384437909
7.32497322111927,1.00611120727404
7.32527322111927,1.00611102178027
7.32557322111927,1.00603021485369
7.32587322111926,1.00586571345016
7.32617322111926,1.00561578002649
7.32647322111926,1.00529931367021
7.32677322111926,1.00494744536781
7.32707322111926,1.00458693352701
7.32737322111926,1.00424426881272
7.32767322111926,1.00394594188985
7.32797322111926,1.0037184434233
7.32827322111926,1.00358826407798
7.32857322111926,1.00358189451879
7.32887322111926,1.00372582541064
7.32917322111926,1.00404654741843
7.32947322111926,1.00456144969604
7.32977322111926,1.00524262489617
7.33007322111925,1.0060485012286
7.33037322111925,1.00693770698372
7.33067322111925,1.00786887165495
7.33097322111925,1.00880062473573
7.33127322111925,1.00969159571949
7.33157322111925,1.01050041409965
7.33187322111925,1.01118570936965
7.33217322111925,1.01170611102292
7.33247322111925,1.01202043959808
7.33277322111925,1.01210777607231
7.33307322111925,1.01198672397223
7.33337322111925,1.01168462806213
7.33367322111925,1.01122963375151
7.33397322111925,1.01064988644984
7.33427322111925,1.00997353156661
7.33457322111924,1.0092287145113
7.33487322111924,1.00844358069339
7.33517322111924,1.00764627552238
7.33547322111924,1.00686494440773
7.33577322111924,1.00612709944555
7.33607322111924,1.00545065295856
7.33637322111924,1.00484223065868
7.33667322111924,1.00430376156121
7.33697322111924,1.00383693481594
7.33727322111924,1.0034434395727
7.33757322111924,1.00312496498128
7.33787322111924,1.0028832001915
7.33817322111924,1.00271983435316
7.33847322111924,1.00263655661607
7.33877322111923,1.00263505613005
7.33907322111923,1.00271407281289
7.33937322111923,1.00285875173367
7.33967322111923,1.00305490986774
7.33997322111923,1.00329064154491
7.34027322111923,1.00355405297106
7.34057322111923,1.00383325035205
7.34087322111923,1.00411633989377
7.34117322111923,1.00439142780209
7.34147322111923,1.00464662028288
7.34177322111923,1.00487002354203
7.34207322111923,1.00504981662708
7.34237322111923,1.00518121249115
7.34267322111923,1.00526981609212
7.34297322111922,1.00531599808797
7.34327322111922,1.00531901320547
7.34357322111922,1.00527811617137
7.34387322111922,1.00519256171245
7.34417322111922,1.00506160455546
7.34447322111922,1.00488449942717
7.34477322111922,1.00466050105436
7.34507322111922,1.00438886416377
7.34537322111922,1.00406903926036
7.34567322111922,1.00370351252882
7.34597322111922,1.0033030236686
7.34627322111922,1.00288509405987
7.34657322111922,1.0024675875136
7.34687322111922,1.00206836784079
7.34717322111922,1.0017052988524
7.34747322111921,1.00139624435944
7.34777322111921,1.00115906817288
7.34807322111921,1.00101163410369
7.34837322111921,1.00097180596288
7.34867322111921,1.00105338757023
7.34897322111921,1.00125000544028
7.34927322111921,1.0015412524465
7.34957322111921,1.00190294897387
7.34987322111921,1.0023108981008
7.35017322111921,1.00274090290573
7.35047322111921,1.00316876646707
7.35077322111921,1.00357029186324
7.35107322111921,1.00392128217265
7.35137322111921,1.00419754047374
7.3516732211192,1.00437502129014
7.3519732211192,1.00444306603444
7.3522732211192,1.00441760353436
7.3525732211192,1.00432470012237
7.3528732211192,1.0041916875022
7.3531732211192,1.0040458973776
7.3534732211192,1.00391466145232
7.3537732211192,1.00382531143009
7.3540732211192,1.00380517901465
7.3543732211192,1.00388159590976
7.3546732211192,1.00408189381915
7.3549732211192,1.00443177294487
7.3552732211192,1.00493413816776
7.3555732211192,1.0055680849589
7.35587322111919,1.0063044438312
7.35617322111919,1.00711366149246
7.35647322111919,1.0079661846505
7.35677322111919,1.00883246001315
7.35707322111919,1.00968293428822
7.35737322111919,1.01048805418353
7.35767322111919,1.0112182664069
7.35797322111919,1.01184401766614
7.35827322111919,1.0123375600601
7.35857322111919,1.01268172915971
7.35887322111919,1.01287859495141
7.35917322111919,1.01293754634029
7.35947322111919,1.01286800156764
7.35977322111919,1.01267937887476
7.36007322111919,1.01238109650294
7.36037322111918,1.01198257269348
7.36067322111918,1.01149322568767
7.36097322111918,1.0109224737268
7.36127322111918,1.01027988781481
7.36157322111918,1.00958740906608
7.36187322111918,1.00888016512045
7.36217322111918,1.00817440761507
7.36247322111918,1.00748305299878
7.36277322111918,1.00681901772041
7.36307322111918,1.00619521822879
7.36337322111918,1.00562457097276
7.36367322111918,1.00511999240114
7.36397322111918,1.00469439896277
7.36427322111918,1.00436070710647
7.36457322111917,1.00412978599706
7.36487322111917,1.00398577999255
7.36517322111917,1.00390447021421
7.36547322111917,1.00387254931841
7.36577322111917,1.00387723566559
7.36607322111917,1.00390574761614
7.36637322111917,1.00394530353048
7.36667322111917,1.00398312176901
7.36697322111917,1.00400642069214
7.36727322111917,1.00400241866028
7.36757322111917,1.00395833403384
7.36787322111917,1.00386526174211
7.36817322111917,1.00373102892655
7.36847322111917,1.00356574297508
7.36877322111916,1.00337849136418
7.36907322111916,1.00317835802858
7.36937322111916,1.00297442690298
7.36967322111916,1.0027757819221
7.36997322111916,1.00259150702065
7.37027322111916,1.00243068613333
7.37057322111916,1.00230240319488
7.37087322111916,1.00221571213639
7.37117322111916,1.00217742011441
7.37147322111916,1.00218809867195
7.37177322111916,1.00224174396944
7.37207322111916,1.00233139487428
7.37237322111916,1.00245009025385
7.37267322111916,1.00259086897557
7.37297322111915,1.00274676990682
7.37327322111915,1.002910831915
7.37357322111915,1.00307609386752
7.37387322111915,1.00323559463177
7.37417322111915,1.00338210138871
7.37447322111915,1.00350512821379
7.37477322111915,1.00359686966648
7.37507322111915,1.00365460257171
7.37537322111915,1.00367583103721
7.37567322111915,1.0036580591707
7.37597322111915,1.00359879107992
7.37627322111915,1.00349553087259
7.37657322111915,1.00334578265643
7.37687322111915,1.00314705053919
7.37717322111915,1.00289683862858
7.37747322111914,1.00259588131713
7.37777322111914,1.00225803335606
7.37807322111914,1.00189625954679
7.37837322111914,1.00152165357739
7.37867322111914,1.00114530356131
7.37897322111914,1.00077829761197
7.37927322111914,1.00043172384281
7.37957322111914,1.00011667036727
7.37987322111914,0.999844225298782
7.38017322111914,0.999625476750782
7.38047322111914,0.99947136371554
7.38077322111914,0.999382543140279
7.38107322111914,0.999343188382474
7.38137322111914,0.999336598320629
7.38167322111913,0.999346171340218
7.38197322111913,0.999355305826711
7.38227322111913,0.999347400165582
7.38257322111913,0.999305852742302
7.38287322111913,0.999214061942343
7.38317322111913,0.999055426151179
7.38347322111913,0.99881334375428
7.38377322111913,0.998472366821314
7.38407322111913,0.998031399416393
7.38437322111913,0.99750259023731
7.38467322111913,0.996901916633037
7.38497322111913,0.99624551017508
7.38527322111913,0.995549502434946
7.38557322111913,0.99483002498414
7.38587322111912,0.994103209394167
7.38617322111912,0.993385187236535
7.38647322111912,0.992692090082749
7.38677322111912,0.992040049504314
7.38707322111912,0.991443857706012
7.38737322111912,0.990911528491862
7.38767322111912,0.990441729161944
7.38797322111912,0.990029987684504
7.38827322111912,0.989671824088327
7.38857322111912,0.989362758402192
7.38887322111912,0.989098310654884
7.38917322111912,0.988874000875182
7.38947322111912,0.988685349091871
7.38977322111912,0.98852787533373
7.39007322111912,0.988397092424141
7.39037322111911,0.98828806873721
7.39067322111911,0.988199528186628
7.39097322111911,0.988140492362394
7.39127322111911,0.988121479204745
7.39157322111911,0.988153006653916
7.39187322111911,0.988245592650143
7.39217322111911,0.988409755133661
7.39247322111911,0.988656012044707
7.39277322111911,0.988994881323516
7.39307322111911,0.989436880910324
7.39337322111911,0.989991865330347
7.39367322111911,0.99066128766217
7.39397322111911,0.99142987184902
7.39427322111911,0.992271147047085
7.3945732211191,0.993158195755549
7.3948732211191,0.994064100473599
7.3951732211191,0.994961943700421
7.3954732211191,0.995824807935203
7.3957732211191,0.996625775677129
7.3960732211191,0.997337929425387
7.3963732211191,0.997934351679162
7.3966732211191,0.998392415371919
7.3969732211191,0.998709114669339
7.3972732211191,0.998900586010964
7.3975732211191,0.998988675105075
7.3978732211191,0.998995239767967
7.3981732211191,0.998942137815934
7.3984732211191,0.998851227065272
7.39877322111909,0.998744365332275
7.39907322111909,0.998643410433237
7.39937322111909,0.998570220184454
7.39967322111909,0.99854649465186
7.39997322111909,0.998584570525575
7.40027322111909,0.998680137696832
7.40057322111909,0.99882257487417
7.40087322111909,0.99900055101712
7.40117322111909,0.999202735085216
7.40147322111909,0.999417796037986
7.40177322111909,0.999634402834962
7.40207322111909,0.999841224435676
7.40237322111909,1.00002692979966
7.40267322111909,1.00018018788644
7.40297322111909,1.00029089573047
7.40327322111908,1.00036277566729
7.40357322111908,1.00040453285951
7.40387322111908,1.00042133854756
7.40417322111908,1.0004182232816
7.40447322111908,1.00040021761178
7.40477322111908,1.00037235208825
7.40507322111908,1.00033965726116
7.40537322111908,1.00030716368066
7.40567322111908,1.00027990189691
7.40597322111908,1.00026290245806
7.40627322111908,1.0002577626186
7.40657322111908,1.0002538567767
7.40687322111908,1.00024436567439
7.40717322111908,1.00022511769881
7.40747322111907,1.00019194588006
7.40777322111907,1.00014068324822
7.40807322111907,1.0000671628334
7.40837322111907,0.999967217665689
7.40867322111907,0.999836680775178
7.40897322111907,0.999671385191964
7.40927322111907,0.999467265934485
7.40957322111907,0.999225883301431
7.40987322111907,0.998956423139224
7.41017322111907,0.998666918076642
7.41047322111907,0.998365150430699
7.41077322111907,0.998058902518411
7.41107322111907,0.997755956656793
7.41137322111907,0.997464095162858
7.41167322111906,0.997191100353623
7.41197322111906,0.996944754546102
7.41227322111906,0.99673284005731
7.41257322111906,0.996563139204262
7.41287322111906,0.996443434303972
7.41317322111906,0.996381507673455
7.41347322111906,0.996385141629727
7.41377322111906,0.996462118489802
7.41407322111906,0.996620220570695
7.41437322111906,0.99686723018942
7.41467322111906,0.997210929662993
7.41497322111906,0.997659101308429
7.41527322111906,0.998219527442742
