#%Name: Scorodite
#%formula: FeAsO4·2H2O
#%Mineral class: arsenates
#%Xtal system: orthorhombic
#%Edge: K
#%Sample prep: powder on kapton tape
#%Beamline: ALS 10.3.2, HxV slits = 200x20 um
#%Det:  I0=N2, Fluorescence mode (Ge solid state 7elts)
#%Ref/notes:  from MRC, CA-USA. average of multiple .dat scans
#%Temp: Room temp (28 degC)
#%Time&date: 2:25 AM 9/1/2010. Sirine C. Fakra
#%============================================================
7.010773648638,2.52159325866164e-06
7.011070945838,4.22766372544405e-06
7.011368243038,5.56444852017046e-06
7.011665540238,6.5565357867388e-06
7.01196283743801,7.22851366904699e-06
7.01226013463801,7.60497031099295e-06
7.01255743183801,7.71049385647459e-06
7.01285472903801,7.56967244938983e-06
7.01315202623801,7.2070942336366e-06
7.01344932343801,6.64734735311281e-06
7.01374662063801,5.91501995171639e-06
7.01404391783801,5.03470017334526e-06
7.01434121503802,4.03097616189733e-06
7.01463851223802,2.92843606127051e-06
7.01493580943802,1.75166801536274e-06
7.01523310663802,5.25260168071938e-07
7.01553040383802,-7.26199336703962e-07
7.01582770103802,-1.97812235506709e-06
7.01612499823802,-3.20592074311948e-06
7.01642229543802,-4.38500635696323e-06
7.01671959263803,-5.49079105270042e-06
7.01701688983803,-6.49868668643313e-06
7.01731418703803,-7.38410511426343e-06
7.01761148423803,-8.12245819229342e-06
7.01790878143803,-8.68915777662516e-06
7.01820607863803,-9.05961572336075e-06
7.01850337583803,-9.20924388860225e-06
7.01880067303803,-9.11345412845175e-06
7.01909797023804,-8.74765829901133e-06
7.01939526743804,-8.08726825638308e-06
7.01969256463804,-7.10769585666906e-06
7.01998986183804,-5.78435295597137e-06
7.02028715903804,-4.09265141039207e-06
7.02058445623804,-2.00811055249955e-06
7.02088175343804,4.62683225586456e-07
7.02117905063804,3.2386291034392e-06
7.02147634783805,6.22695635665627e-06
7.02177364503805,9.33482321266858e-06
7.02207094223805,1.2469387898907e-05
7.02236823943805,1.55378086428026e-05
7.02266553663805,1.8447243671786e-05
7.02296283383805,2.11048512132884e-05
7.02326013103805,2.34177894947405e-05
7.02355742823806,2.52932167435734e-05
7.02385472543806,2.66382911872178e-05
7.02415202263806,2.73601710531048e-05
7.02444931983806,2.73660145686652e-05
7.02474661703806,2.656297996133e-05
7.02504391423806,2.485822545853e-05
7.02534121143806,2.21589092876961e-05
7.02563850863806,1.83738980401339e-05
7.02593580583807,1.34998008779201e-05
7.02623310303807,7.69386993840971e-06
7.02653040023807,1.15545838167596e-06
7.02682769743807,-5.91495477496323e-06
7.02712499463807,-1.331689051419e-05
7.02742229183807,-2.08498698186864e-05
7.02771958903807,-2.83134136711346e-05
7.02801688623807,-3.55070430542167e-05
7.02831418343808,-4.22302789506148e-05
7.02861148063808,-4.8282642343011e-05
7.02890877783808,-5.34636542140875e-05
7.02920607503808,-5.75728355465264e-05
7.02950337223808,-6.04097073230097e-05
7.02980066943808,-6.17737905262196e-05
7.03009796663808,-6.14646061388383e-05
7.03039526383808,-5.92816751435477e-05
7.03069256103809,-5.50319256831799e-05
7.03098985823809,-4.86791213869001e-05
7.03128715543809,-4.04572379326857e-05
7.03158445263809,-3.06830933190843e-05
7.03188174983809,-1.96743078413325e-05
7.03217904703809,-7.74850179466678e-06
7.03247634423809,4.77670452567645e-06
7.03277364143809,1.75836908244606e-05
7.0330709386381,3.03548368064493e-05
7.0333682358381,4.2772522176406e-05
7.0336655330381,5.45191266390942e-05
7.0339628302381,6.52770298992773e-05
7.0342601274381,7.4728611661719e-05
7.0345574246381,8.25562516311827e-05
7.0348547218381,8.84423295124319e-05
7.0351520190381,9.20692250102302e-05
7.03544931623811,9.3119317829341e-05
7.03574661343811,9.12913944407787e-05
7.03604391063811,8.64957744194716e-05
7.03634120783811,7.90187279384725e-05
7.03663850503811,6.92421891794385e-05
7.03693580223811,5.75481473218534e-05
7.03723309943811,4.43185915452012e-05
7.03753039663811,2.99355110289656e-05
7.03782769383812,1.47808949526305e-05
7.03812499103812,-7.63267504320356e-07
7.03842228823812,-1.6314987162403e-05
7.03871958543812,-3.14922748421336e-05
7.03901688263812,-4.59131413640284e-05
7.03931417983812,-5.91955975486036e-05
7.03961147703812,-7.09576542163752e-05
7.03990877423812,-8.08173221878595e-05
7.04020607143813,-8.83926122835725e-05
7.04050336863813,-9.33015353240305e-05
7.04080066583813,-9.51892693353882e-05
7.04109796303813,-9.39567243426873e-05
7.04139526023813,-8.98920302742622e-05
7.04169255743813,-8.33478294591333e-05
7.04198985463813,-7.46767642263212e-05
7.04228715183813,-6.42314769048463e-05
7.04258444903814,-5.2364609823729e-05
7.04288174623814,-3.94288053119898e-05
7.04317904343814,-2.57767056986492e-05
7.04347634063814,-1.17609533127277e-05
7.04377363783814,2.26580951675431e-06
7.04407093503814,1.59509404607763e-05
7.04436823223814,2.89417971903179e-05
7.04466552943815,4.08857373763586e-05
7.04496282663815,5.14301186898779e-05
7.04526012383815,6.02222988018554e-05
7.04555742103815,6.69096607118884e-05
7.04585471823815,7.11911451060858e-05
7.04615201543815,7.30371384212979e-05
7.04644931263815,7.26591348232489e-05
7.04674660983815,7.0291094789914e-05
7.04704390703816,6.61669787992685e-05
7.04734120423816,6.05207473292876e-05
7.04763850143816,5.35863608579464e-05
7.04793579863816,4.55977798632202e-05
7.04823309583816,3.67889648230842e-05
7.04853039303816,2.73938762155135e-05
7.04882769023816,1.76464745184834e-05
7.04912498743816,7.78072020996918e-06
7.04942228463817,-1.96942623205407e-06
7.04971958183817,-1.13700043296111e-05
7.05001687903817,-2.01870536047268e-05
7.05031417623817,-2.81866135794258e-05
7.05061147343817,-3.51354823278971e-05
7.05090877063817,-4.08785951346314e-05
7.05120606783817,-4.54302779178751e-05
7.05150336503817,-4.88503490246886e-05
7.05180066223818,-5.12002311516358e-05
7.05209795943818,-5.25413469952803e-05
7.05239525663818,-5.29351192521857e-05
7.05269255383818,-5.24429706189159e-05
7.05298985103818,-5.11263237920345e-05
7.05328714823818,-4.90466014681052e-05
7.05358444543818,-4.62652263436917e-05
7.05388174263818,-4.28436211153577e-05
7.05417903983819,-3.88432084796669e-05
7.05447633703819,-3.43254111331829e-05
7.05477363423819,-2.93516517724695e-05
7.05507093143819,-2.39833530940904e-05
7.05536822863819,-1.82819377946093e-05
7.05566552583819,-1.2307919848231e-05
7.05596282303819,-6.09863692301965e-06
7.05626012023819,2.92298859082321e-07
7.0565574174382,6.78021307219361e-06
7.0568547146382,1.32797596281248e-05
7.0571520118382,1.97055924386864e-05
7.0574493090382,2.5972365415689e-05
7.0577466062382,3.1994732470943e-05
7.0580439034382,3.76873475162591e-05
7.0583412006382,4.29648644634479e-05
7.0586384978382,4.77419372243197e-05
7.05893579503821,5.19332197106852e-05
7.05923309223821,5.5453365834355e-05
7.05953038943821,5.82170295071395e-05
7.05982768663821,6.01388646408494e-05
7.06012498383821,6.11335251472951e-05
7.06042228103821,6.11156649382872e-05
7.06071957823821,6.00094482437543e-05
7.06101687543821,5.78607149574195e-05
7.06131417263822,5.47754022217011e-05
7.06161146983822,5.08489883051403e-05
7.06190876703822,4.61769058346335e-05
7.06220606423822,4.08545874370774e-05
7.06250336143822,3.49774657393685e-05
7.06280065863822,2.86409733684034e-05
7.06309795583822,2.19405429510787e-05
7.06339525303822,1.4971607114291e-05
7.06369255023823,7.82959848493683e-06
7.06398984743823,6.09949689912792e-07
7.06428714463823,-6.59190664388455e-06
7.06458444183823,-1.36805378895586e-05
7.06488173903823,-2.05605114202128e-05
7.06517903623823,-2.71363946089505e-05
7.06547633343823,-3.33127548288752e-05
7.06577363063824,-3.90223771389079e-05
7.06607092783824,-4.43534494394897e-05
7.06636822503824,-4.93031292302848e-05
7.06666552223824,-5.38246104129981e-05
7.06696281943824,-5.78710868893345e-05
7.06726011663824,-6.1395752560999e-05
7.06755741383824,-6.43518013296966e-05
7.06785471103824,-6.66924270971322e-05
7.06815200823825,-6.83708237650107e-05
7.06844930543825,-6.9340185235037e-05
7.06874660263825,-6.95537054089162e-05
7.06904389983825,-6.89645781883532e-05
7.06934119703825,-6.75259974750529e-05
7.06963849423825,-6.51911571707203e-05
7.06993579143825,-6.19132511770603e-05
7.07023308863825,-5.76454733957778e-05
7.07053038583826,-5.23410177285779e-05
7.07082768303826,-4.59400862176339e-05
7.07112498023826,-3.84150731565991e-05
7.07142227743826,-2.99270864712771e-05
7.07171957463826,-2.06662620855618e-05
7.07201687183826,-1.0822735923347e-05
7.07231416903826,-5.86643908526613e-07
7.07261146623826,9.85187803500556e-06
7.07290876343827,2.03026939833557e-05
7.07320606063827,3.05756680126299e-05
7.07350335783827,4.04806641989344e-05
7.07380065503827,4.98275466183753e-05
7.07409795223827,5.84261793470588e-05
7.07439524943827,6.6086426461091e-05
7.07469254663827,7.2618152036578e-05
7.07498984383827,7.78312201496262e-05
7.07528714103828,8.15354948763415e-05
7.07558443823828,8.35410237653779e-05
7.07588173543828,8.3712368828258e-05
7.07617903263828,8.21113089771169e-05
7.07647632983828,7.89195124304577e-05
7.07677362703828,7.43264571307331e-05
7.07707092423828,6.85216210203961e-05
7.07736822143828,6.16944820418992e-05
7.07766551863829,5.40345181376954e-05
7.07796281583829,4.57312072502374e-05
7.07826011303829,3.69740273219779e-05
7.07855741023829,2.79524562953698e-05
7.07885470743829,1.88559721128658e-05
7.07915200463829,9.87405271691868e-06
7.07944930183829,1.19617604998125e-06
7.07974659903829,-6.98817994549373e-06
7.0800438962383,-1.44895373270535e-05
7.0803411934383,-2.11184181522452e-05
7.0806384906383,-2.66867156560829e-05
7.0809357878383,-3.10785070975461e-05
7.0812330850383,-3.43393449731317e-05
7.0815303822383,-3.65774379769602e-05
7.0818276794383,-3.79029022793569e-05
7.0821249766383,-3.84258540506471e-05
7.08242227383831,-3.82564094611563e-05
7.08271957103831,-3.75046846812096e-05
7.08301686823831,-3.62807958811326e-05
7.08331416543831,-3.46948592312505e-05
7.08361146263831,-3.28569909018886e-05
7.08390875983831,-3.08773070633724e-05
7.08420605703831,-2.88659238860271e-05
7.08450335423831,-2.69329575401781e-05
7.08480065143832,-2.51885241961507e-05
7.08509794863832,-2.37427400242703e-05
7.08539524583832,-2.27057211948622e-05
7.08569254303832,-2.21962582384566e-05
7.08598984023832,-2.24597911257986e-05
7.08628713743832,-2.35219746897062e-05
7.08658443463832,-2.52115937468986e-05
7.08688173183833,-2.73553607004499e-05
7.08717902903833,-2.97799879534344e-05
7.08747632623833,-3.23121879089262e-05
7.08777362343833,-3.47786729699994e-05
7.08807092063833,-3.70061555397281e-05
7.08836821783833,-3.88213480211866e-05
7.08866551503833,-4.00509628174489e-05
7.08896281223833,-4.05217123315893e-05
7.08926010943834,-4.00603089666817e-05
7.08955740663834,-3.84934651258005e-05
7.08985470383834,-3.56478932120198e-05
7.09015200103834,-3.13503056284137e-05
7.09044929823834,-2.54274147780563e-05
7.09074659543834,-1.75842934282698e-05
7.09104389263834,-6.7116111232512e-06
7.09134118983834,7.11928762442226e-06
7.09163848703835,2.32457455357205e-05
7.09193578423835,4.10047574261409e-05
7.09223308143835,5.97333181111804e-05
7.09253037863835,7.87684224063364e-05
7.09282767583835,9.74470651271061e-05
7.09312497303835,0.000115106241088986
7.09342227023835,0.000131082945107475
7.09371956743835,0.000144714171998068
7.09401686463836,0.000155336916576264
7.09431416183836,0.000162288173657559
7.09461145903836,0.000164904938057451
7.09490875623836,0.000162524204591437
7.09520605343836,0.000154482968075013
7.09550335063836,0.000140118223323679
7.09580064783836,0.000100657476054977
7.09609794503836,2.44806040649027e-05
7.09639524223837,0.000128120825788012
7.09669253943837,6.73196671122463e-05
7.09698983663837,4.66145450422387e-05
7.09728713383837,-0.000124205281560948
7.09758443103837,-0.000199916412608129
7.09788172823837,-0.000218782086842272
7.09817902543837,-0.000264906501340026
7.09847632263837,-4.97098621191387e-05
7.09877361983838,0.000156998119771118
7.09907091703838,0.000219216714103212
7.09936821423838,0.000154833245909323
7.09966551143838,0.000107703429308623
7.09996280863838,9.23483758829285e-05
7.10026010583838,-0.000112532476152184
7.10055740303838,-0.000144026094508557
7.10085470023838,2.58735825988894e-05
7.10115199743839,0.000115554659404641
7.10144929463839,0.000289986013758094
7.10174659183839,0.000391281374485856
7.10204388903839,0.000673909825870666
7.10234118623839,0.000838847085581378
7.10263848343839,0.000870972858785417
7.10293578063839,0.0010039805644783
7.10323307783839,0.00127750511594201
7.1035303750384,0.00157398714314121
7.1038276722384,0.00168198274371791
7.1041249694384,0.00190986822703129
7.1044222666384,0.00213179803698118
7.1047195638384,0.00220015932443147
7.1050168610384,0.00251951402111603
7.1053141582384,0.0028708714631966
7.1056114554384,0.00286620874101635
7.10590875263841,0.0032357102170985
7.10620604983841,0.00357295185678443
7.10650334703841,0.00386287462609926
7.10680064423841,0.00399235651394728
7.10709794143841,0.00432262482236366
7.10739523863841,0.00478137180032098
7.10769253583841,0.00500117731010604
7.10798983303842,0.00560597254733001
7.10828713023842,0.00595457785212912
7.10858442743842,0.006318629135682
7.10888172463842,0.00678476944482174
7.10917902183842,0.00714190018497158
7.10947631903842,0.0079239561071285
7.10977361623842,0.00897759015642979
7.11007091343842,0.00977044398256616
7.11036821063843,0.0109469917671108
7.11066550783843,0.0123498703720444
7.11096280503843,0.0141070185623472
7.11126010223843,0.0167157531872157
7.11155739943843,0.0207386223288553
7.11185469663843,0.0266493893650781
7.11215199383843,0.0328886806125778
7.11244929103843,0.037560418208734
7.11274658823844,0.0399334117512679
7.11304388543844,0.040938361718504
7.11334118263844,0.042307032176873
7.11363847983844,0.0440528146533394
7.11393577703844,0.0440618195370577
7.11423307423844,0.0412655653835334
7.11453037143844,0.0364733586689204
7.11482766863844,0.0327652245914051
7.11512496583845,0.0302862596113191
7.11542226303845,0.028946993216041
7.11571956023845,0.029775825445242
7.11601685743845,0.0310572397413667
7.11631415463845,0.0328504578643626
7.11661145183845,0.0350583937562588
7.11690874903845,0.0378800530054317
7.11720604623845,0.0411751725245293
7.11750334343846,0.0452105661889891
7.11780064063846,0.0500068266410758
7.11809793783846,0.0558075562448327
7.11839523503846,0.0630967881838594
7.11869253223846,0.0712895250919775
7.11898982943846,0.0801053055675021
7.11928712663846,0.0902143932717933
7.11958442383846,0.101222852522521
7.11988172103847,0.116304356783229
7.12017901823847,0.13020302394639
7.12047631543847,0.144743825052634
7.12077361263847,0.160868589632358
7.12107090983847,0.181261758768648
7.12136820703847,0.203456332178135
7.12166550423847,0.228663694046823
7.12196280143847,0.261593805514641
7.12226009863848,0.297249091441718
7.12255739583848,0.322788820140183
7.12285469303848,0.3485196252257
7.12315199023848,0.381229694407107
7.12344928743848,0.41561092207829
7.12374658463848,0.448127060392814
7.12404388183848,0.476048591468436
7.12434117903848,0.505306970846293
7.12463847623849,0.545078458716523
7.12493577343849,0.585780137895564
7.12523307063849,0.622976618930632
7.12553036783849,0.662403371456659
7.12582766503849,0.712474601327123
7.12612496223849,0.773058742866514
7.12642225943849,0.831520703828967
7.12671955663849,0.893431733022153
7.1270168538385,0.959068801372198
7.1273141510385,1.02279072155423
7.1276114482385,1.08102343029833
7.1279087454385,1.14492386054221
7.1282060426385,1.20934195225036
7.1285033398385,1.25799349044898
7.1288006370385,1.29978534618453
7.12909793423851,1.33861429386343
7.12939523143851,1.36927381265979
7.12969252863851,1.38977281799127
7.12998982583851,1.41137591314157
7.13028712303851,1.42731051989332
7.13058442023851,1.44148210850484
7.13088171743851,1.45154762111784
7.13117901463851,1.45578475209891
7.13147631183852,1.45497634671275
7.13177360903852,1.44993238536027
7.13207090623852,1.43965165754544
7.13236820343852,1.42539430909729
7.13266550063852,1.41138185296305
7.13296279783852,1.39767728920389
7.13326009503852,1.3841374848228
7.13355739223852,1.37080255333678
7.13385468943853,1.36008132843672
7.13415198663853,1.35232298046838
7.13444928383853,1.34683116110931
7.13474658103853,1.34481327364716
7.13504387823853,1.34582753820801
7.13534117543853,1.34745881544735
7.13563847263853,1.35055855420759
7.13593576983853,1.35024641511687
7.13623306703854,1.35004875628908
7.13653036423854,1.35080286595912
7.13682766143854,1.34797304263727
7.13712495863854,1.34203637525501
7.13742225583854,1.33663713977891
7.13771955303854,1.32635741836775
7.13801685023854,1.31665524493628
7.13831414743854,1.30975410480712
7.13861144463855,1.29780874594028
7.13890874183855,1.28313083347075
7.13920603903855,1.26962746884271
7.13950333623855,1.25773735371035
7.13980063343855,1.24741745079206
7.14009793063855,1.23441322080885
7.14039522783855,1.22189131520331
7.14069252503855,1.20821073692623
7.14098982223856,1.19400456384983
7.14128711943856,1.17990597723163
7.14158441663856,1.16599543775774
7.14188171383856,1.15225537439817
7.14217901103856,1.13864906084108
7.14247630823856,1.12540831422263
7.14277360543856,1.11279797916245
7.14307090263856,1.10109330973786
7.14336819983857,1.09036393907386
7.14366549703857,1.08061964326417
7.14396279423857,1.07183422936755
7.14426009143857,1.06388869994597
7.14455738863857,1.05662235467208
7.14485468583857,1.04983625346059
7.14515198303857,1.04329888404604
7.14544928023857,1.03691279334972
7.14574657743858,1.03061921643122
7.14604387463858,1.02453712853434
7.14634117183858,1.01873281706718
7.14663846903858,1.01321610305005
7.14693576623858,1.00788559786811
7.14723306343858,1.00251481538862
7.14753036063858,0.996898971655471
7.14782765783858,0.99085076019665
7.14812495503859,0.984332495640073
7.14842225223859,0.977522277182176
7.14871954943859,0.9706363648211
7.14901684663859,0.963968066095448
7.14931414383859,0.957555010131361
7.14961144103859,0.951288441375114
7.14990873823859,0.94494810152958
7.1502060354386,0.938367706660964
7.1505033326386,0.931668746091615
7.1508006298386,0.925032063258821
7.1510979270386,0.918756712808763
7.1513952242386,0.912881631381292
7.1516925214386,0.907373912213088
7.1519898186386,0.90206257510039
7.1522871158386,0.896780927302873
7.15258441303861,0.891435376185113
7.15288171023861,0.885979049479391
7.15317900743861,0.880414616274668
7.15347630463861,0.874671254922237
7.15377360183861,0.868681454721141
7.15407089903861,0.862494392666641
7.15436819623861,0.856367803010509
7.15466549343861,0.850599437357372
7.15496279063862,0.845353977248493
7.15526008783862,0.840624754451311
7.15555738503862,0.836381883143364
7.15585468223862,0.832622796398678
7.15615197943862,0.829301690861903
7.15644927663862,0.826147340528107
7.15674657383862,0.822874182488422
7.15704387103862,0.819381887198414
7.15734116823863,0.816027720055205
7.15763846543863,0.813296727695702
7.15793576263863,0.811513989437484
7.15823305983863,0.810525469877011
7.15853035703863,0.809922426807461
7.15882765423863,0.809347232436581
7.15912495143863,0.808758641479619
7.15942224863863,0.808356049127134
7.15971954583864,0.808350318652671
7.16001684303864,0.80875450574617
7.16031414023864,0.809390704573076
7.16061143743864,0.810055148934422
7.16090873463864,0.810658186936994
7.16120603183864,0.811342764516189
7.16150332903864,0.812300343947651
7.16180062623864,0.813679414129185
7.16209792343865,0.815378647471898
7.16239522063865,0.817177951223463
7.16269251783865,0.818858775200042
7.16298981503865,0.820391257851127
7.16328711223865,0.822018618599059
7.16358440943865,0.824052311185883
7.16388170663865,0.826769841993409
7.16417900383865,0.830208222443351
7.16447630103866,0.834155773774752
7.16477359823866,0.838361886017476
7.16507089543866,0.842515461831408
7.16536819263866,0.846584641204884
7.16566548983866,0.850627401661319
7.16596278703866,0.85481330106182
7.16626008423866,0.859195348392871
7.16655738143866,0.863647829547146
7.16685467863867,0.868017472341893
7.16715197583867,0.872218671883029
7.16744927303867,0.876416767156094
7.16774657023867,0.880806382468026
7.16804386743867,0.885551527925903
7.16834116463867,0.890611812581685
7.16863846183867,0.89587699582775
7.16893575903867,0.901178600902841
7.16923305623868,0.906316095756362
7.16953035343868,0.911132280044205
7.16982765063868,0.915548484934236
7.17012494783868,0.919796329131464
7.17042224503868,0.924183507994792
7.17071954223868,0.928988927213051
7.17101683943868,0.934116470754016
7.17131413663868,0.939207772282852
7.17161143383869,0.94390277542097
7.17190873103869,0.948084804029102
7.17220602823869,0.95214855442617
7.17250332543869,0.95661087656982
7.17280062263869,0.961901871421991
7.17309791983869,0.967889787536973
7.17339521703869,0.974043891784464
7.1736925142387,0.97980375993774
7.1739898114387,0.984923028726493
7.1742871086387,0.989550498927735
7.1745844058387,0.993912549422887
7.1748817030387,0.998117352421311
7.1751790002387,1.00202228781215
7.1754762974387,1.00549172287919
7.1757735946387,1.00841618657777
7.17607089183871,1.01083950614863
7.17636818903871,1.01285190718351
7.17666548623871,1.01454292276931
7.17696278343871,1.01613254878195
7.17726008063871,1.01793628899002
7.17755737783871,1.02023712708544
7.17785467503871,1.02314513002181
7.17815197223871,1.02625113944343
7.17844926943872,1.02906821138559
7.17874656663872,1.03115872579963
7.17904386383872,1.03254096945274
7.17934116103872,1.03353471859745
7.17963845823872,1.03447779162222
7.17993575543872,1.03558599100884
7.18023305263872,1.0368406053025
7.18053034983872,1.03815379616317
7.18082764703873,1.03942772914468
7.18112494423873,1.04056687398893
7.18142224143873,1.04155075836137
7.18171953863873,1.04237868222876
7.18201683583873,1.04313656627755
7.18231413303873,1.04386785421285
7.18261143023873,1.04456792482704
7.18290872743873,1.04519705098213
7.18320602463874,1.0457571029095
7.18350332183874,1.0463699834046
7.18380061903874,1.04714770623561
7.18409791623874,1.04807496397042
7.18439521343874,1.04899009646787
7.18469251063874,1.04972012093212
7.18498980783874,1.05029566055936
7.18528710503874,1.05088793845902
7.18558440223875,1.05164865326825
7.18588169943875,1.05259881004686
7.18617899663875,1.05352968885709
7.18647629383875,1.05430814393583
7.18677359103875,1.05484596592414
7.18707088823875,1.0552957508606
7.18736818543875,1.05587400069546
7.18766548263875,1.05678134388462
7.18796277983876,1.05806007271894
7.18826007703876,1.05947111202097
7.18855737423876,1.06068876542724
7.18885467143876,1.06144290204772
7.18915196863876,1.06175743390203
7.18944926583876,1.06191061402504
7.18974656303876,1.06219693668537
7.19004386023876,1.06279015933346
7.19034115743877,1.06355635021557
7.19063845463877,1.06427302103319
7.19093575183877,1.06473092506805
7.19123304903877,1.06490795706111
7.19153034623877,1.06494408293084
7.19182764343877,1.06499683074226
7.19212494063877,1.06520294076948
7.19242223783877,1.06554659518918
7.19271953503878,1.06598076167396
7.19301683223878,1.06637130913036
7.19331412943878,1.06660090423727
7.19361142663878,1.06658884206493
7.19390872383878,1.06634567720785
7.19420602103878,1.06601793449353
7.19450331823878,1.06573147222241
7.19480061543879,1.06555760327984
7.19509791263879,1.06531943462661
7.19539520983879,1.06484435545066
7.19569250703879,1.06399121808583
7.19598980423879,1.06285205005549
7.19628710143879,1.06159454554585
7.19658439863879,1.06031292105322
7.19688169583879,1.0590391494998
7.1971789930388,1.05774411366449
7.1974762902388,1.05650473390218
7.1977735874388,1.05539335689344
7.1980708846388,1.05437894746524
7.1983681818388,1.05338128364057
7.1986654790388,1.05232385084789
7.1989627762388,1.05126913907534
7.1992600734388,1.05028123029355
7.19955737063881,1.04931330010334
7.19985466783881,1.04822905410701
7.20015196503881,1.04678901344055
7.20044926223881,1.04501384812207
7.20074655943881,1.04298863910489
7.20104385663881,1.04101826852944
7.20134115383881,1.03916759116203
7.20163845103881,1.03736779687499
7.20193574823882,1.03542876597595
7.20223304543882,1.03325967417005
7.20253034263882,1.03101881443749
7.20282763983882,1.02887538173734
7.20312493703882,1.02689822325471
7.20342223423882,1.02490260053926
7.20371953143882,1.02267516684518
7.20401682863882,1.02013157092402
7.20431412583883,1.01741634447808
7.20461142303883,1.01474096425354
7.20490872023883,1.01232641174832
7.20520601743883,1.01032901304507
7.20550331463883,1.00880909653724
7.20580061183883,1.00775012523668
7.20609790903883,1.00677640502574
7.20639520623883,1.00545587596694
7.20669250343884,1.00339422513017
7.20698980063884,1.00066469231509
7.20728709783884,0.997768006159717
7.20758439503884,0.995223369145726
7.20788169223884,0.993332495015659
7.20817898943884,0.991858118578416
7.20847628663884,0.990455834738638
7.20877358383884,0.988820999532438
7.20907088103885,0.986956261512378
7.20936817823885,0.985026794489637
7.20966547543885,0.983203866290062
7.20996277263885,0.981575863249035
7.21026006983885,0.980132284136717
7.21055736703885,0.978854136286924
7.21085466423885,0.977726138667184
7.21115196143885,0.976730597107886
7.21144925863886,0.975825546061605
7.21174655583886,0.974966185223196
7.21204385303886,0.974107714287514
7.21234115023886,0.973205332949414
7.21263844743886,0.97221452102826
7.21293574463886,0.971106372914379
7.21323304183886,0.969901033954763
7.21353033903886,0.968645706286216
7.21382763623887,0.967388478056589
7.21412493343887,0.966177437413732
7.21442223063887,0.965060672505495
7.21471952783887,0.964084763069143
7.21501682503887,0.963272277472427
7.21531412223887,0.962603439532128
7.21561141943887,0.962046156781308
7.21590871663888,0.961568292207265
7.21620601383888,0.961137708797296
7.21650331103888,0.9607222695387
7.21680060823888,0.960293925959428
7.21709790543888,0.959851426478567
7.21739520263888,0.959415997416423
7.21769249983888,0.959011766881285
7.21798979703888,0.958662862981442
7.21828709423889,0.958393413825184
7.21858439143889,0.958227505157962
7.21888168863889,0.958176914180935
7.21917898583889,0.958222755088936
7.21947628303889,0.958339832196361
7.21977358023889,0.958502791627454
7.22007087743889,0.95868627950646
7.22036817463889,0.958864941957622
7.2206654718389,0.959014077067716
7.2209627690389,0.95912811756179
7.2212600662389,0.959222215153683
7.2215573634389,0.959311874073889
7.2218546606389,0.959412581266558
7.2221519578389,0.95953982367584
7.2224492550389,0.959709088245886
7.2227465522389,0.959935771632672
7.22304384943891,0.960233261858791
7.22334114663891,0.960608433340657
7.22363844383891,0.961066176407662
7.22393574103891,0.96161138023317
7.22423303823891,0.962248933990539
7.22453033543891,0.96298372685313
7.22482763263891,0.963812405671842
7.22512492983891,0.964700337002185
7.22542222703892,0.965609562089555
7.22571952423892,0.966502863374539
7.22601682143892,0.967343023297726
7.22631411863892,0.968092824299702
7.22661141583892,0.96871524186402
7.22690871303892,0.969193057342547
7.22720601023892,0.96954896365575
7.22750330743892,0.969813550774524
7.22780060463893,0.970017620147739
7.22809790183893,0.97019197322426
7.22839519903893,0.970367411452954
7.22869249623893,0.970574380493809
7.22898979343893,0.970835950048235
7.22928709063893,0.971163736656548
7.22958438783893,0.971566216609825
7.22988168503893,0.972051836204123
7.23017898223894,0.972629041735497
7.23047627943894,0.973306279500003
7.23077357663894,0.974087651880323
7.23107087383894,0.974945301749078
7.23136817103894,0.975833288295469
7.23166546823894,0.976704415617886
7.23196276543894,0.977511487814718
7.23226006263894,0.978207308984356
7.23255735983895,0.978744691018993
7.23285465703895,0.979092097961293
7.23315195423895,0.979271083855505
7.23344925143895,0.979321282778117
7.23374654863895,0.979283262540964
7.23404384583895,0.979197590955883
7.23434114303895,0.979104835834712
7.23463844023895,0.979045109322103
7.23493573743896,0.979035868960324
7.23523303463896,0.979066350550777
7.23553033183896,0.979127608552884
7.23582762903896,0.979210851185906
7.23612492623896,0.979307286669102
7.23642222343896,0.979408123221734
7.23671952063896,0.979506558973715
7.23701681783897,0.979618300633635
7.23731411503897,0.97975092133977
7.23761141223897,0.979900970830766
7.23790870943897,0.980064956503567
7.23820600663897,0.980239385755119
7.23850330383897,0.980420765982366
7.23880060103897,0.980600391489253
7.23909789823897,0.980751034812796
7.23939519543898,0.98086472261544
7.23969249263898,0.98093889911209
7.23998978983898,0.980971008517651
7.24028708703898,0.980958495047032
7.24058438423898,0.980898828344986
7.24088168143898,0.980796687908573
7.24117897863898,0.980666311841819
7.24147627583898,0.980513056107554
7.24177357303899,0.980341396221462
7.24207087023899,0.980155807699226
7.24236816743899,0.979960766056528
7.24266546463899,0.979760822164829
7.24296276183899,0.979562943800898
7.24326005903899,0.979379161946319
7.24355735623899,0.979223415403398
7.24385465343899,0.979109679350632
7.244151950639,0.979051928966522
7.244449247839,0.979064139429568
7.244746545039,0.979158072710601
7.245043842239,0.979325552528761
7.245341139439,0.979552994862499
7.245638436639,0.979828765278581
7.245935733839,0.980141230556812
7.246233031039,0.980478757477001
7.24653032823901,0.980829712818957
7.24682762543901,0.981188709565487
7.24712492263901,0.981567657423503
7.24742221983901,0.981965719575308
7.24771951703901,0.982379302908108
7.24801681423901,0.982804814309111
7.24831411143901,0.983238660665522
7.24861140863901,0.983677182001528
7.24890870583902,0.984110494761595
7.24920600303902,0.984533265519445
7.24950330023902,0.984958131948326
7.24980059743902,0.985398764354054
7.25009789463902,0.985868833042442
7.25039519183902,0.986382008319307
7.25069248903902,0.986951456014104
7.25098978623902,0.987579172575768
7.25128708343903,0.988244236044773
7.25158438063903,0.988917610255067
7.25188167783903,0.989570178907655
7.25217897503903,0.990172825703539
7.25247627223903,0.990696434343722
7.25277356943903,0.991120503783317
7.25307086663903,0.991482228789489
7.25336816383903,0.991831879802918
7.25366546103904,0.99221651379418
7.25396275823904,0.992683187733854
7.25426005543904,0.993278958592517
7.25455735263904,0.994050857496839
7.25485464983904,0.994994598366976
7.25515194703904,0.995990869434939
7.25544924423904,0.996972071506227
7.25574654143904,0.997879406532572
7.25604383863905,0.998654076465704
7.25634113583905,0.999237283257354
7.25663843303905,0.999590102898392
7.25693573023905,1.00054637234755
7.25723302743905,1.00127291306883
7.25753032463905,1.00213706869746
7.25782762183905,1.00273468819934
7.25812491903906,1.00454278480929
7.25842221623906,1.00432080964209
7.25871951343906,1.00220761676452
7.25901681063906,1.00298705085336
7.25931410783906,1.00344912706424
7.25961140503906,1.0063938920534
7.25990870223906,1.00809399433827
7.26020599943906,1.00818306531775
7.26050329663907,1.00908052606865
7.26080059383907,1.00952980955101
7.26109789103907,1.00922657114125
7.26139518823907,1.01018692323208
7.26169248543907,1.01130339796536
7.26198978263907,1.00951437537908
7.26228707983907,1.01054404443728
7.26258437703907,1.01243551223502
7.26288167423908,1.01366578869894
7.26317897143908,1.01775838454125
7.26347626863908,1.01847813071163
7.26377356583908,1.01768363912916
7.26407086303908,1.01640288815306
7.26436816023908,1.01512780750264
7.26466545743908,1.01487509995343
7.26496275463908,1.01660540250502
7.26526005183909,1.01766297992543
7.26555734903909,1.01655891582875
7.26585464623909,1.01640969452023
7.26615194343909,1.01820640027809
7.26644924063909,1.01921549250787
7.26674653783909,1.01911218601638
7.26704383503909,1.02059733924074
7.26734113223909,1.02266986703013
7.2676384294391,1.02188983573742
7.2679357266391,1.01979269691916
7.2682330238391,1.01885160805174
7.2685303210391,1.01889439753365
7.2688276182391,1.0196534606262
7.2691249154391,1.02086119259069
7.2694222126391,1.02224998868846
7.2697195098391,1.02355449351821
7.27001680703911,1.0245665270462
7.27031410423911,1.02528732946713
7.27061140143911,1.02579086225183
7.27090869863911,1.02615121368516
7.27120599583911,1.02644247205196
7.27150329303911,1.0267387256371
7.27180059023911,1.02710980458004
7.27209788743911,1.02759012799729
7.27239518463912,1.02816654730116
7.27269248183912,1.02881970600829
7.27298977903912,1.02953024763535
7.27328707623912,1.03027881569899
7.27358437343912,1.0310460331549
7.27388167063912,1.03181108605768
7.27417896783912,1.03255069916182
7.27447626503912,1.03324126062064
7.27477356223913,1.03385915335255
7.27507085943913,1.03438076027594
7.27536815663913,1.03478246430922
7.27566545383913,1.03504240776955
7.27596275103913,1.03516296685496
7.27626004823913,1.03516954534273
7.27655734543913,1.03509067682114
7.27685464263913,1.03495490519469
7.27715193983914,1.03479077436793
7.27744923703914,1.03462682824538
7.27774653423914,1.03448549908648
7.27804383143914,1.03436256707548
7.27834112863914,1.03425035250992
7.27863842583914,1.03414197030787
7.27893572303914,1.03403053538741
7.27923302023915,1.0339091626666
7.27953031743915,1.03377107178003
7.27982761463915,1.03361979836507
7.28012491183915,1.03346805440325
7.28042220903915,1.03331876646835
7.28071950623915,1.03317422427698
7.28101680343915,1.03303671754573
7.28131410063915,1.03290853599122
7.28161139783916,1.03279051995725
7.28190869503916,1.03266274079302
7.28220599223916,1.03250442799032
7.28250328943916,1.03230275514731
7.28280058663916,1.03204495113651
7.28309788383916,1.0317182448304
7.28339518103916,1.03130986510151
7.28369247823916,1.0308155236895
7.28398977543917,1.03027053682179
7.28428707263917,1.02970785670456
7.28458436983917,1.02915713063074
7.28488166703917,1.02864800589326
7.28517896423917,1.02821012978505
7.28547626143917,1.02787297971675
7.28577355863917,1.02763868691027
7.28607085583917,1.02745817581119
7.28636815303918,1.0272833295884
7.28666545023918,1.02706656165334
7.28696274743918,1.02676028541744
7.28726004463918,1.02631691429214
7.28755734183918,1.02569132606502
7.28785463903918,1.02488630451293
7.28815193623918,1.02395391932521
7.28844923343918,1.02295150999432
7.28874653063919,1.02193645460607
7.28904382783919,1.02096613124624
7.28934112503919,1.02009791800064
7.28963842223919,1.01938188136804
7.28993571943919,1.0188152827455
7.29023301663919,1.01835069445017
7.29053031383919,1.01793461758524
7.29082761103919,1.0175135532539
7.2911249082392,1.01703400255935
7.2914222054392,1.01644250852764
7.2917195026392,1.01569827150671
7.2920167998392,1.01481345805408
7.2923140970392,1.01383880290904
7.2926113942392,1.01282768565669
7.2929086914392,1.01183348588218
7.2932059886392,1.01090958317063
7.29350328583921,1.0101086464439
7.29380058303921,1.00946323780388
7.29409788023921,1.00895170284515
7.29439517743921,1.00852851939973
7.29469247463921,1.00814782003434
7.29498977183921,1.00776373731566
7.29528706903921,1.0073304038104
7.29558436623921,1.00680429772312
7.29588166343922,1.0061674550404
7.29617896063922,1.00544489719697
7.29647625783922,1.00467063572324
7.29677355503922,1.00387868214961
7.29707085223922,1.00310304800649
7.29736814943922,1.00237773917738
7.29766544663922,1.00173292049122
7.29796274383922,1.00117114680194
7.29826004103923,1.00066439928655
7.29855733823923,1.00018202660079
7.29885463543923,0.99969337740044
7.29915193263923,0.99916780034125
7.29944922983923,0.998575024841239
7.29974652703923,0.997898052970365
7.30004382423923,0.997159236334296
7.30034112143924,0.996400199069307
7.30063841863924,0.995662947246229
7.30093571583924,0.994989486935891
7.30123301303924,0.99442182420912
7.30153031023924,0.993997723877276
7.30182760743924,0.993715677645321
7.30212490463924,0.993536567563407
7.30242220183924,0.993415265204844
7.30271949903925,0.993306641648554
7.30301679623925,0.993165567973462
7.30331409343925,0.992946922793057
7.30361139063925,0.992620737037142
7.30390868783925,0.99220682176387
7.30420598503925,0.991739440996343
7.30450328223925,0.991253436460059
7.30480057943925,0.990783649880512
7.30509787663926,0.9903649229832
7.30539517383926,0.990031347260555
7.30569247103926,0.989789157156386
7.30598976823926,0.989617261305454
7.30628706543926,0.989499445424758
7.30658436263926,0.989419693053242
7.30688165983926,0.989361987729845
7.30717895703926,0.989310312993512
7.30747625423927,0.989252513248533
7.30777355143927,0.989207292253543
7.30807084863927,0.989182092476666
7.30836814583927,0.989174163933662
7.30866544303927,0.989180750541146
7.30896274023927,0.989199096215735
7.30926003743927,0.989226444345826
7.30955733463927,0.98925123987743
7.30985463183928,0.989246634778462
7.31015192903928,0.98921242766397
7.31044922623928,0.989152586555976
7.31074652343928,0.989071079476498
7.31104382063928,0.988971874447557
7.31134111783928,0.988859236268758
7.31163841503928,0.988751358596746
7.31193571223928,0.988669165723524
7.31223300943929,0.988618472221368
7.31253030663929,0.98860450752866
7.31282760383929,0.988632501083781
7.31312490103929,0.988707682325113
7.31342219823929,0.988832438688693
7.31371949543929,0.988980151611508
7.31401679263929,0.989121355598485
7.31431408983929,0.989232691891579
7.3146113870393,0.989290812968801
7.3149086842393,0.989272371308158
7.3152059814393,0.989154019387658
7.3155032786393,0.988926418475816
7.3158005758393,0.988632387393865
7.3160978730393,0.988317963562442
7.3163951702393,0.988027573186945
7.3166924674393,0.987805642472775
7.31698976463931,0.987696597625332
7.31728706183931,0.987744381757106
7.31758435903931,0.987959315854195
7.31788165623931,0.988297347222888
7.31817895343931,0.988709997455772
7.31847625063931,0.989148816940277
7.31877354783931,0.989565356063832
7.31907084503931,0.989911165213867
7.31936814223932,0.990140946057531
7.31966543943932,0.990252186111754
7.31996273663932,0.990279248995869
7.32026003383932,0.990260239084017
7.32055733103932,0.990233272314078
7.32085462823932,0.990236464623935
7.32115192543932,0.99030793195147
7.32144922263933,0.990475551292895
7.32174651983933,0.990716719239221
7.32204381703933,0.990987337633122
7.32234111423933,0.991242039878844
7.32263841143933,0.991435459380634
7.32293570863933,0.99152222954274
7.32323300583933,0.991457298160992
7.32353030303933,0.991227866054075
7.32382760023934,0.990885224367939
7.32412489743934,0.990492427496486
7.32442219463934,0.990112815189756
7.32471949183934,0.989809727197787
7.32501678903934,0.98964650327062
7.32531408623934,0.989683042007895
7.32561138343934,0.989923207044404
7.32590868063934,0.990314586898375
7.32620597783935,0.990797366665068
7.32650327503935,0.991311690948505
7.32680057223935,0.991797704352707
7.32709786943935,0.992195551481696
7.32739516663935,0.992452642024662
7.32769246383935,0.992561106343452
7.32798976103935,0.992544121336832
7.32828705823935,0.992428327194886
7.32858435543936,0.992240364107699
7.32888165263936,0.992006872265356
7.32917894983936,0.991754489672188
7.32947624703936,0.991509352877745
7.32977354423936,0.991291419560912
7.33007084143936,0.991113652505575
7.33036813863936,0.990988569052995
7.33066543583936,0.990928686544433
7.33096273303937,0.990946522321147
7.33126003023937,0.991053745943277
7.33155732743937,0.991245559537581
7.33185462463937,0.991500358432266
7.33215192183937,0.991794808595472
7.33244921903937,0.992105563574333
7.33274651623937,0.992409276915981
7.33304381343937,0.992682602167551
7.33334111063938,0.99290708600678
7.33363840783938,0.993092215717896
7.33393570503938,0.993251509244504
7.33423300223938,0.993396897546406
7.33453029943938,0.993540311583407
7.33482759663938,0.993693682315311
7.33512489383938,0.993868883478685
7.33542219103938,0.994061613713203
7.33571948823939,0.994249617652885
7.33601678543939,0.994435812640068
7.33631408263939,0.994625498310717
7.33661137983939,0.994823974300796
7.33690867703939,0.995036540246268
7.33720597423939,0.995269618867537
7.33750327143939,0.995550847859747
7.33780056863939,0.995877096018842
7.3380978658394,0.996210738687903
7.3383951630394,0.996513617987356
7.3386924602394,0.996747576037625
7.3389897574394,0.996874454959135
7.3392870546394,0.996855088962453
7.3395843518394,0.996661027056742
7.3398816490394,0.996332230503838
7.3401789462394,0.995926541518329
7.34047624343941,0.995501802314803
7.34077354063941,0.995115855107847
7.34107083783941,0.994826533177919
7.34136813503941,0.994685658162503
7.34166543223941,0.99470611463386
7.34196272943941,0.994860101579954
7.34226002663941,0.995116351682027
7.34255732383942,0.99544359762132
7.34285462103942,0.995810572079077
7.34315191823942,0.996186075455344
7.34344921543942,0.996541087182676
7.34374651263942,0.996851216700685
7.34404380983942,0.997093843125232
7.34434110703942,0.997246379417535
7.34463840423942,0.997286238538813
7.34493570143943,0.997190833450282
7.34523299863943,0.996941045581343
7.34553029583943,0.99655139922894
7.34582759303943,0.996074164416938
7.34612489023943,0.995568530161732
7.34642218743943,0.995093686053835
7.34671948463943,0.994708821683757
7.34701678183943,0.994473119041017
7.34731407903944,0.994430351288404
7.34761137623944,0.994564264203148
7.34790867343944,0.994826232061388
7.34820597063944,0.995165152261527
7.34850326783944,0.995529922201972
7.34880056503944,0.995869439281125
7.34909786223944,0.996133267423918
7.34939515943944,0.996296671875124
7.34969245663945,0.996373894843979
7.34998975383945,0.996386436808761
7.35028705103945,0.996355937507923
7.35058434823945,0.996304036679916
7.35088164543945,0.996252374063193
7.35117894263945,0.99621989468752
7.35147623983945,0.996201677344873
7.35177353703945,0.996188421452846
7.35207083423946,0.996173927452954
7.35236813143946,0.996151997695724
7.35266542863946,0.996116434531684
7.35296272583946,0.99606104067007
7.35326002303946,0.995985647360577
7.35355732023946,0.995905600362553
7.35385461743946,0.995828623165253
7.35415191463946,0.99576090399069
7.35444921183947,0.995708631060879
7.35474650903947,0.995677992597835
7.35504380623947,0.99567498818642
7.35534110343947,0.995696397201135
7.35563840063947,0.995730430013969
7.35593569783947,0.995768832276447
7.35623299503947,0.995803510309898
7.35653029223947,0.99582637043565
7.35682758943948,0.995829318975034
7.35712488663948,0.995805422787857
7.35742218383948,0.995760012582812
7.35771948103948,0.995702107757392
7.35801677823948,0.995639178719911
7.35831407543948,0.995578692942043
7.35861137263948,0.995528117895468
7.35890866983948,0.99549492105186
7.35920596703949,0.995482867590391
7.35950326423949,0.995484112305473
7.35980056143949,0.995495143528662
7.36009785863949,0.995513621099684
7.36039515583949,0.995537204858264
7.36069245303949,0.99556355464413
7.36098975023949,0.995590434681729
7.36128704743949,0.995622467088956
7.3615843446395,0.995666587764734
7.3618816418395,0.995721239103205
7.3621789390395,0.995784445637764
7.3624762362395,0.995854231901807
7.3627735334395,0.99592862242873
7.3630708306395,0.996004531937225
7.3633681278395,0.996065859642273
7.36366542503951,0.996097866548527
7.36396272223951,0.996090614412158
7.36426001943951,0.996034183646577
7.36455731663951,0.995918654665197
7.36485461383951,0.995734107881431
7.36515191103951,0.995477307046087
7.36544920823951,0.995176563854919
7.36574650543951,0.994870430631462
7.36604380263952,0.994597659453111
7.36634109983952,0.994397002397262
7.36663839703952,0.994307211541308
7.36693569423952,0.994366816827122
7.36723299143952,0.994591273214947
7.36753028863952,0.994942760514147
7.36782758583952,0.995366162741435
7.36812488303952,0.995805682331995
7.36842218023953,0.996205521721014
7.36871947743953,0.996509883343675
7.36901677463953,0.996665557094979
7.36931407183953,0.996661815408872
7.36961136903953,0.996533013105787
7.36990866623953,0.996320408001485
7.37020596343953,0.996065297115466
7.37050326063953,0.995808977467229
7.37080055783954,0.995592746076274
7.37109785503954,0.99545013151733
7.37139515223954,0.995375408471347
7.37169244943954,0.995355905980394
7.37198974663954,0.995380247643172
7.37228704383954,0.995437057058382
7.37258434103954,0.995514957824724
7.37288163823954,0.995602623029995
7.37317893543955,0.995696423270351
7.37347623263955,0.995797412593911
7.37377352983955,0.995893346068909
7.37407082703955,0.995970983510181
7.37436812423955,0.996017084732562
7.37466542143955,0.996018409550887
7.37496271863955,0.995962303906096
7.37526001583955,0.995848340541488
7.37555731303956,0.995695614084712
7.37585461023956,0.995528747708321
7.37615190743956,0.995372417715449
7.37644920463956,0.995251300409232
7.37674650183956,0.995190072092807
7.37704379903956,0.995207938642305
7.37734109623956,0.995292437548402
7.37763839343956,0.995425106868571
7.37793569063957,0.995588933829106
7.37823298783957,0.995766905656301
7.37853028503957,0.99594200957645
7.37882758223957,0.99609727651943
7.37912487943957,0.996228275357007
7.37942217663957,0.996352881813728
7.37971947383957,0.996482014442111
7.38001677103957,0.996625716616374
7.38031406823958,0.996794031710736
7.38061136543958,0.996997003099413
7.38090866263958,0.997243749625453
7.38120595983958,0.997522185464134
7.38150325703958,0.997804374271437
7.38180055423958,0.998065243503384
7.38209785143958,0.998279778090573
7.38239514863958,0.998422962963599
7.38269244583959,0.998469783053059
7.38298974303959,0.998401221334408
7.38328704023959,0.998241066360821
7.38358433743959,0.998032705507691
7.38388163463959,0.997819911228366
7.38417893183959,0.997646455976197
7.38447622903959,0.997556112204532
7.3847735262396,0.997592620447354
7.3850708234396,0.997779456322991
7.3853681206396,0.998083884048518
7.3856654178396,0.998461840970128
7.3859627150396,0.998869072612974
7.3862600122396,0.999261324502209
7.3865573094396,0.999594342162988
7.3868546066396,0.999825119272261
7.38715190383961,0.999947126490553
7.38744920103961,0.999991076420602
7.38774649823961,0.999986621908233
7.38804379543961,0.999963346871125
7.38834109263961,0.999950835226956
7.38863838983961,0.999978670893402
7.38893568703961,1.00007084094205
7.38923298423961,1.00020997536092
7.38953028143962,1.00037717897659
7.38982757863962,1.00055942262073
7.39012487583962,1.00074367763318
7.39042217303962,1.00091691535376
7.39071947023962,1.00106611327361
7.39101676743962,1.00119044483513
7.39131406463962,1.0013089980861
7.39161136183962,1.00141458133311
7.39190865903963,1.00149641350628
7.39220595623963,1.00154371353575
7.39250325343963,1.00154570035165
7.39280055063963,1.00149130432227
7.39309784783963,1.00136092201189
7.39339514503963,1.00115841868302
7.39369244223963,1.0009163635904
7.39398973943963,1.00066813164425
7.39428703663964,1.00044709775477
7.39458433383964,1.00028663683219
7.39488163103964,1.000219998717
7.39517892823964,1.0002711835878
7.39547622543964,1.00042109929917
7.39577352263964,1.00063672575084
7.39607081983964,1.00088503466392
7.39636811703964,1.00113299775948
7.39666541423965,1.0013475868725
7.39696271143965,1.00149778163882
7.39726000863965,1.00157103261803
7.39755730583965,1.00158037046287
7.39785460303965,1.0015418104819
7.39815190023965,1.00147136798368
7.39844919743965,1.00138505827678
7.39874649463965,1.00129884040507
7.39904379183966,1.00122549828566
7.39934108903966,1.00116729356797
7.39963838623966,1.00112046094644
7.39993568343966,1.00108103635732
7.40023298063966,1.00104505573685
7.40053027783966,1.00100855502129
7.40082757503966,1.00096785394981
7.40112487223966,1.00092187878899
7.40142216943967,1.00086807771427
7.40171946663967,1.00080262847637
7.40201676383967,1.00072170654269
7.40231406103967,1.00062148738064
7.40261135823967,1.00049814645759
7.40290865543967,1.00034677635281
7.40320595263967,1.0001647320433
7.40350324983967,0.99996412066572
7.40380054703968,0.999759331458406
7.40409784423968,0.999564753659686
7.40439514143968,0.999394776507891
7.40469243863968,0.999263808812932
7.40498973583968,0.999186775628259
7.40528703303968,0.999161288537934
7.40558433023968,0.999165598043578
7.40588162743969,0.999177102153842
7.40617892463969,0.999173198877372
7.40647622183969,0.999131286222818
7.40677351903969,0.999028999167633
7.40707081623969,0.998850456865558
7.40736811343969,0.998605358876392
7.40766541063969,0.998313410003008
7.40796270783969,0.997994352072671
7.4082600050397,0.997667926912649
7.4085573022397,0.997353876350209
7.4088545994397,0.997070592652677
7.4091518966397,0.99682658581994
7.4094491938397,0.996618831249666
7.4097464910397,0.996442695394452
7.4100437882397,0.996293544706893
7.4103410854397,0.996166745639583
7.41063838263971,0.996057672652709
7.41093567983971,0.995962439453503
7.41123297703971,0.995876401800485
7.41153027423971,0.995792518831209
7.41182757143971,0.995703612833247
7.41212486863971,0.995602506094172
7.41242216583971,0.995482020901555
7.41271946303971,0.995334979542971
7.41301676023972,0.99515420430599
7.41331405743972,0.994932517478185
7.41361135463972,0.994662741347129
7.41390865183972,0.994337698200395
7.41420594903972,0.993950210325554
7.41450324623972,0.993493100010179
