#%Name: Vermiculite
#%formula: (Mg,Fe2+,Fe3+)3[(Al,Si)4O10](OH)2·4H2O
#%Mineral class: silicate
#%Xtal system: monoclinic
#%Edge: K
#%Sample prep: powder on kapton tape
#%Beamline: ALS 10.3.2, HxV slits = 200x20 um
#%Det:  I0=N2, Fluorescence mode (Canberra Ge solid state 7elts)
#%Ref/notes:  from MRC, CA-USA. scans(.dat) on multiple spots averaged
#%Temp: Room temp (28 degC)
#%Time&date: 4:21 AM 4/21/2010. Sirine C. Fakra
#%============================================================
7.010992089	-1.98219E-06
7.011164267	-6.70212E-06
7.011336445	-1.09673E-05
7.011508623	-1.47922E-05
7.011680801	-1.81912E-05
7.011852979	-2.1179E-05
7.012025157	-2.37699E-05
7.012197335	-2.59785E-05
7.012369513	-2.78192E-05
7.012541691	-2.93065E-05
7.012713869	-3.0455E-05
7.012886047	-3.1279E-05
7.013058225	-3.17932E-05
7.013230403	-3.20119E-05
7.013402581	-3.19496E-05
7.013574759	-3.16209E-05
7.013746937	-3.10402E-05
7.013919115	-3.0222E-05
7.014091293	-2.91808E-05
7.014263471	-2.79311E-05
7.014435649	-2.64874E-05
7.014607827	-2.48641E-05
7.014780005	-2.30757E-05
7.014952183	-2.11368E-05
7.015124361	-1.90617E-05
7.015296539	-1.68651E-05
7.015468717	-1.45613E-05
7.015640895	-1.21649E-05
7.015813073	-9.69033E-06
7.015985251	-7.15209E-06
7.016157429	-4.56467E-06
7.016329607	-1.94256E-06
7.016501785	6.99773E-07
7.016673963	3.34783E-06
7.016846141	5.98713E-06
7.017018319	8.60319E-06
7.017190497	1.11815E-05
7.017362675	1.37076E-05
7.017534853	1.6167E-05
7.017707031	1.85453E-05
7.017879209	2.08278E-05
7.018051387	2.30002E-05
7.018223565	2.5048E-05
7.018395743	2.69566E-05
7.018567921	2.87117E-05
7.018740099	3.02986E-05
7.018912277	3.17029E-05
7.019084455	3.29102E-05
7.019256633	3.3906E-05
7.019428811	3.46756E-05
7.019600989	3.52048E-05
7.019773167	3.5479E-05
7.019945345	3.54836E-05
7.020117523	3.52043E-05
7.020289701	3.46266E-05
7.020461879	3.37358E-05
7.020634057	3.25177E-05
7.020806235	3.09579E-05
7.020978413	2.90441E-05
7.021150591	2.67804E-05
7.021322769	2.41957E-05
7.021494947	2.13205E-05
7.021667125	1.81857E-05
7.021839303	1.48217E-05
7.022011481	1.12593E-05
7.022183659	7.52916E-06
7.022355837	3.66188E-06
7.022528015	-3.11864E-07
7.022700193	-4.36141E-06
7.022872371	-8.45612E-06
7.023044549	-1.25653E-05
7.023216727	-1.66584E-05
7.023388905	-2.07046E-05
7.023561083	-2.46733E-05
7.023733261	-2.8534E-05
7.023905439	-3.22558E-05
7.024077617	-3.58083E-05
7.024249795	-3.91606E-05
7.024421973	-4.22822E-05
7.024594151	-4.51424E-05
7.024766329	-4.77105E-05
7.024938507	-4.99559E-05
7.025110685	-5.1848E-05
7.025282863	-5.3356E-05
7.025455041	-5.44494E-05
7.025627219	-5.50974E-05
7.025799397	-5.52703E-05
7.025971575	-5.4943E-05
7.026143753	-5.4103E-05
7.026315931	-5.27776E-05
7.026488109	-5.10005E-05
7.026660287	-4.88052E-05
7.026832465	-4.62252E-05
7.027004643	-4.32941E-05
7.027176821	-4.00455E-05
7.027348999	-3.65128E-05
7.027521177	-3.27297E-05
7.027693355	-2.87296E-05
7.027865533	-2.45462E-05
7.028037711	-2.02129E-05
7.028209889	-1.57634E-05
7.028382067	-1.12312E-05
7.028554245	-6.64975E-06
7.028726423	-2.05269E-06
7.028898601	2.52645E-06
7.029070779	7.05413E-06
7.029242957	1.14968E-05
7.029415135	1.58209E-05
7.029587313	1.99929E-05
7.029759491	2.39792E-05
7.029931669	2.77463E-05
7.030103847	3.12607E-05
7.030276025	3.44888E-05
7.030448203	3.7397E-05
7.030620381	3.99518E-05
7.030792559	4.21209E-05
7.030964737	4.38804E-05
7.031136915	4.52258E-05
7.031309093	4.61768E-05
7.031481271	4.67567E-05
7.031653449	4.69887E-05
7.031825627	4.68961E-05
7.031997805	4.65023E-05
7.032169983	4.58304E-05
7.032342161	4.49039E-05
7.032514339	4.37459E-05
7.032686517	4.23797E-05
7.032858695	4.08287E-05
7.033030873	3.91161E-05
7.033203051	3.72652E-05
7.033375229	3.52993E-05
7.033547407	3.32417E-05
7.033719585	3.11156E-05
7.033891763	2.89444E-05
7.034063941	2.67513E-05
7.034236119	2.45596E-05
7.034408297	2.23926E-05
7.034580475	2.02736E-05
7.034752653	1.82259E-05
7.034924831	1.62727E-05
7.035097009	1.44374E-05
7.035269187	1.27431E-05
7.035441365	1.12133E-05
7.035613543	9.87113E-06
7.035785721	8.73987E-06
7.035957899	7.83553E-06
7.036130077	7.14332E-06
7.036302255	6.64069E-06
7.036474433	6.30749E-06
7.036646611	6.12358E-06
7.036818789	6.06886E-06
7.036990967	6.12321E-06
7.037163145	6.26651E-06
7.037335323	6.47865E-06
7.037507501	6.73951E-06
7.037679679	7.02897E-06
7.037851857	7.32692E-06
7.038024035	7.61325E-06
7.038196213	7.86783E-06
7.038368391	8.07055E-06
7.038540569	8.2013E-06
7.038712747	8.23995E-06
7.038884925	8.1664E-06
7.039057103	7.96052E-06
7.039229281	7.6022E-06
7.039401459	7.07133E-06
7.039573637	6.34778E-06
7.039745815	5.41145E-06
7.039917993	4.24221E-06
7.040090171	2.81995E-06
7.040262349	1.12455E-06
7.040434527	-8.64095E-07
7.040606705	-3.16611E-06
7.040778883	-5.80158E-06
7.040951061	-8.78852E-06
7.041123239	-1.21013E-05
7.041295417	-1.56763E-05
7.041467595	-1.94767E-05
7.041639773	-2.34659E-05
7.041811951	-2.76078E-05
7.041984129	-3.18659E-05
7.042156307	-3.62039E-05
7.042328485	-4.05855E-05
7.042500663	-4.49743E-05
7.042672841	-4.9334E-05
7.042845019	-5.36283E-05
7.043017197	-5.78208E-05
7.043189375	-6.18751E-05
7.043361553	-6.57549E-05
7.043533731	-6.94239E-05
7.043705909	-7.28458E-05
7.043878087	-7.59842E-05
7.044050265	-7.88027E-05
7.044222443	-8.1265E-05
7.044394621	-8.33348E-05
7.044566799	-8.49757E-05
7.044738977	-8.61514E-05
7.044911155	-8.68255E-05
7.045083333	-8.69618E-05
7.045255511	-8.65238E-05
7.045427689	-8.54753E-05
7.045599867	-8.37798E-05
7.045772045	-8.1401E-05
7.045944223	-7.83005E-05
7.046116401	-7.44589E-05
7.046288579	-6.99125E-05
7.046460757	-6.47152E-05
7.046632935	-5.89209E-05
7.046805113	-5.25835E-05
7.046977291	-4.5757E-05
7.047149469	-3.84951E-05
7.047321647	-3.08517E-05
7.047493825	-2.28808E-05
7.047666003	-1.46363E-05
7.047838181	-6.17204E-06
7.048010359	2.45811E-06
7.048182537	1.12002E-05
7.048354715	2.00005E-05
7.048526893	2.88049E-05
7.048699071	3.75596E-05
7.048871249	4.62107E-05
7.049043427	5.47044E-05
7.049215605	6.29867E-05
7.049387783	7.10037E-05
7.049559961	7.87016E-05
7.049732139	8.60264E-05
7.049904317	9.29243E-05
7.050076495	9.93414E-05
7.050248673	0.000105224
7.050420851	0.000110518
7.050593029	0.000115169
7.050765207	0.000119124
7.050937385	0.000122325
7.051109563	0.000124716
7.051281741	0.0001263
7.051453919	0.000127111
7.051626097	0.00012718
7.051798275	0.00012654
7.051970453	0.000125223
7.052142631	0.000123263
7.052314809	0.000120691
7.052486987	0.00011754
7.052659165	0.000113843
7.052831343	0.000109632
7.053003521	0.000104939
7.053175699	9.97975E-05
7.053347877	9.42393E-05
7.053520055	8.82972E-05
7.053692233	8.20035E-05
7.053864411	7.53909E-05
7.054036589	6.84919E-05
7.054208767	6.13388E-05
7.054380945	5.39643E-05
7.054553123	4.64007E-05
7.054725301	3.86807E-05
7.054897479	3.08367E-05
7.055069657	2.29012E-05
7.055241835	1.49068E-05
7.055414013	6.88582E-06
7.055586191	-1.12913E-06
7.055758369	-9.10538E-06
7.055930547	-1.69996E-05
7.056102725	-2.47392E-05
7.056274903	-3.22848E-05
7.056447081	-3.96188E-05
7.056619259	-4.67235E-05
7.056791437	-5.35814E-05
7.056963615	-6.01749E-05
7.057135793	-6.64864E-05
7.057307971	-7.24984E-05
7.057480149	-7.81933E-05
7.057652327	-8.35535E-05
7.057824505	-8.85614E-05
7.057996683	-9.31995E-05
7.058168861	-9.74502E-05
7.058341039	-0.000101296
7.058513217	-0.000104719
7.058685395	-0.000107702
7.058857573	-0.000110228
7.059029751	-0.000112278
7.059201929	-0.000113835
7.059374107	-0.000114882
7.059546285	-0.000115401
7.059718463	-0.000115374
7.059890641	-0.000114784
7.060062819	-0.000113614
7.060234997	-0.000111845
7.060407175	-0.00010946
7.060579353	-0.000106442
7.060751531	-0.000102773
7.060923709	-9.84402E-05
7.061095887	-9.34752E-05
7.061268065	-8.79302E-05
7.061440243	-8.18581E-05
7.061612421	-7.53121E-05
7.061784599	-6.83455E-05
7.061956777	-6.10115E-05
7.062128955	-5.33632E-05
7.062301133	-4.5454E-05
7.062473311	-3.7337E-05
7.062645489	-2.90655E-05
7.062817667	-2.06926E-05
7.062989845	-1.22715E-05
7.063162023	-3.8556E-06
7.063334201	4.50203E-06
7.063506379	1.27481E-05
7.063678557	2.08295E-05
7.063850735	2.86929E-05
7.064022913	3.62852E-05
7.064195091	4.3553E-05
7.064367269	5.04433E-05
7.064539447	5.69027E-05
7.064711625	6.28781E-05
7.064883803	6.83163E-05
7.065055981	7.3164E-05
7.065228159	7.7368E-05
7.065400337	8.08751E-05
7.065572515	8.36321E-05
7.065744693	8.55858E-05
7.065916871	8.66912E-05
7.066089049	8.69518E-05
7.066261227	8.64133E-05
7.066433405	8.51307E-05
7.066605583	8.31594E-05
7.066777761	8.05546E-05
7.066949939	7.73718E-05
7.067122117	7.36661E-05
7.067294295	6.94928E-05
7.067466473	6.49073E-05
7.067638651	5.99649E-05
7.067810829	5.47208E-05
7.067983007	4.92304E-05
7.068155185	4.3549E-05
7.068327363	3.77318E-05
7.068499541	3.18342E-05
7.068671719	2.59115E-05
7.068843897	2.00189E-05
7.069016075	1.42118E-05
7.069188253	8.54539E-06
7.069360431	3.07509E-06
7.069532609	-2.14385E-06
7.069704787	-7.05613E-06
7.069876965	-1.16064E-05
7.070049143	-1.57395E-05
7.070221321	-1.94E-05
7.070393499	-2.25326E-05
7.070565677	-2.50821E-05
7.070737855	-2.69931E-05
7.070910033	-2.82159E-05
7.071082211	-2.87486E-05
7.071254389	-2.86326E-05
7.071426567	-2.79159E-05
7.071598745	-2.66465E-05
7.071770923	-2.48726E-05
7.071943101	-2.26423E-05
7.072115279	-2.00035E-05
7.072287457	-1.70044E-05
7.072459635	-1.36931E-05
7.072631813	-1.01175E-05
7.072803991	-6.3258E-06
7.072976169	-2.36605E-06
7.073148347	1.71369E-06
7.073320525	5.86535E-06
7.073492703	1.00409E-05
7.073664881	1.41922E-05
7.073837059	1.82712E-05
7.074009237	2.22298E-05
7.074181415	2.60201E-05
7.074353593	2.95938E-05
7.074525771	3.2903E-05
7.074697949	3.58995E-05
7.074870127	3.85354E-05
7.075042305	4.07625E-05
7.075214483	4.25327E-05
7.075386661	4.37981E-05
7.075558839	4.45104E-05
7.075731017	4.46217E-05
7.075903195	4.40852E-05
7.076075373	4.28696E-05
7.076247551	4.10035E-05
7.076419729	3.85317E-05
7.076591907	3.54991E-05
7.076764085	3.19503E-05
7.076936263	2.79302E-05
7.077108441	2.34835E-05
7.077280619	1.86551E-05
7.077452797	1.34898E-05
7.077624975	8.03222E-06
7.077797153	2.3273E-06
7.077969331	-3.58022E-06
7.078141509	-9.64555E-06
7.078313687	-1.58239E-05
7.078485865	-2.20705E-05
7.078658043	-2.83405E-05
7.078830221	-3.45892E-05
7.079002399	-4.07717E-05
7.079174577	-4.68433E-05
7.079346755	-5.27593E-05
7.079518933	-5.84747E-05
7.079691111	-6.39448E-05
7.079863289	-6.91249E-05
7.080035467	-7.397E-05
7.080207645	-7.84356E-05
7.080379823	-8.24767E-05
7.080552001	-8.60486E-05
7.080724179	-8.91064E-05
7.080896357	-9.16043E-05
7.081068535	-9.34808E-05
7.081240713	-9.46886E-05
7.081412891	-9.5235E-05
7.081585069	-9.51309E-05
7.081757247	-9.4387E-05
7.081929425	-9.30142E-05
7.082101603	-9.10232E-05
7.082273781	-8.84248E-05
7.082445959	-8.52298E-05
7.082618137	-8.1449E-05
7.082790315	-7.70931E-05
7.082962493	-7.21731E-05
7.083134671	-6.66995E-05
7.083306849	-6.06833E-05
7.083479027	-5.41353E-05
7.083651205	-4.70661E-05
7.083823383	-3.94867E-05
7.083995561	-3.14077E-05
7.084167739	-2.28401E-05
7.084339917	-1.37944E-05
7.084512095	-4.28169E-06
7.084684273	5.68742E-06
7.084856451	1.61021E-05
7.085028629	2.69516E-05
7.085200807	3.8225E-05
7.085372985	4.99117E-05
7.085545163	6.20007E-05
7.085717341	7.44814E-05
7.085889519	8.73329E-05
7.086061697	0.000100444
7.086233875	0.00011369
7.086406053	0.00012692
7.086578231	0.000139977
7.086750409	0.000152702
7.086922587	0.000164937
7.087094765	0.000176525
7.087266943	0.000187307
7.087439121	0.000197126
7.087611299	0.000205823
7.087783477	0.00021324
7.087955655	0.00021922
7.088127833	0.000223604
7.088300011	0.000226235
7.088472189	0.000226955
7.088644367	0.000225605
7.088816545	0.000222027
7.088988723	0.000216064
7.089160901	0.000207558
7.089333079	0.00019635
7.089505257	0.000182284
7.089677435	0.000165199
7.089849613	0.00014494
7.090021791	0.000121347
7.090193969	9.42631E-05
7.090366147	6.35298E-05
7.090538325	2.89894E-05
7.090710503	-9.51621E-06
7.090882681	-5.21132E-05
7.091054859	-9.86383E-05
7.091227037	-0.000148454
7.091399215	-0.000200836
7.091571393	-0.000255064
7.091743571	-0.000310416
7.091915749	-0.000366172
7.092087927	-0.000421609
7.092260105	-0.000476006
7.092432283	-0.000528642
7.092604461	-0.000578796
7.092776639	-0.000625746
7.092948817	-0.000668771
7.093120995	-0.00070715
7.093293173	-0.000740161
7.093465351	-0.000767083
7.093637529	-0.000787194
7.093809707	-0.000799773
7.093981885	-0.0008041
7.094154063	-0.000799452
7.094326241	-0.000785108
7.094498419	-0.000760346
7.094670597	-0.000724447
7.094842775	-0.000676687
7.095014953	-0.000616346
7.095187131	-0.000542703
7.095359309	-0.000455036
7.095531487	-0.000352623
7.095703665	-0.000234744
7.095875843	-0.000100885
7.096048021	4.40834E-05
7.096220199	0.000171178
7.096392377	0.000240248
7.096564555	0.000215896
7.096736733	0.000110852
7.096908911	-4.0532E-05
7.097081089	-0.000172024
7.097253267	-0.000224557
7.097425445	-0.000179225
7.097597623	-6.75824E-05
7.097769801	5.84611E-05
7.097941979	0.000139016
7.098114157	0.000144421
7.098286335	8.66499E-05
7.098458513	1.13459E-05
7.098630691	-8.10052E-05
7.098802869	-0.0001532
7.098975047	-0.000113977
7.099147225	8.80865E-06
7.099319403	0.000117379
7.099491581	0.000126491
7.099663759	6.3623E-05
7.099835937	-1.86091E-05
7.100008115	-6.18535E-05
7.100180293	-5.61798E-05
7.100352471	-2.46034E-05
7.100524649	-7.93787E-06
7.100696827	-3.16441E-06
7.100869005	1.25938E-05
7.101041183	7.32986E-05
7.101213361	0.000170638
7.101385539	0.000286014
7.101557717	0.000391674
7.101729895	0.000476394
7.101902073	0.000521046
7.102074251	0.00054373
7.102246429	0.000589824
7.102418607	0.000690159
7.102590785	0.000847815
7.102762963	0.001045812
7.102935141	0.001262695
7.103107319	0.001466928
7.103279497	0.001624816
7.103451675	0.001710924
7.103623853	0.001740622
7.103796031	0.00175993
7.103968209	0.001839852
7.104140387	0.00201342
7.104312565	0.002248503
7.104484743	0.00248887
7.104656921	0.002678725
7.104829099	0.002789629
7.105001277	0.002854004
7.105173455	0.002917302
7.105345633	0.003008965
7.105517811	0.003139721
7.105689989	0.003322671
7.105862167	0.003569885
7.106034345	0.003866255
7.106206523	0.004148454
7.106378701	0.004345822
7.106550879	0.0044376
7.106723057	0.004518311
7.106895235	0.004679438
7.107067413	0.004977202
7.107239591	0.005370094
7.107411769	0.005781705
7.107583947	0.006167176
7.107756125	0.006529566
7.107928303	0.006879898
7.108100481	0.0072193
7.108272659	0.007563809
7.108444837	0.007926443
7.108617015	0.00833183
7.108789193	0.008801396
7.108961371	0.00937387
7.109133549	0.010072928
7.109305727	0.010900883
7.109477905	0.01183659
7.109650083	0.012872758
7.109822261	0.014069956
7.109994439	0.015493649
7.110166617	0.017098828
7.110338795	0.01875921
7.110510973	0.020366287
7.110683151	0.02189841
7.110855329	0.023352239
7.111027507	0.024815271
7.111199685	0.026427954
7.111371863	0.028200875
7.111544041	0.030048099
7.111716219	0.031884775
7.111888397	0.033624209
7.112060575	0.035277287
7.112232753	0.036764195
7.112404931	0.037903606
7.112577109	0.038595101
7.112749287	0.039027032
7.112921465	0.039472657
7.113093643	0.040189329
7.113265821	0.041234956
7.113437999	0.042466159
7.113610177	0.043720039
7.113782355	0.044809042
7.113954533	0.045508952
7.114126711	0.045871899
7.114298889	0.046050457
7.114471067	0.04621515
7.114643245	0.046506519
7.114815423	0.047037598
7.114987601	0.047914821
7.115159779	0.049240763
7.115331957	0.051108559
7.115504135	0.05361957
7.115676313	0.056866271
7.115848491	0.060934203
7.116020669	0.065830857
7.116192847	0.071388106
7.116365025	0.07739272
7.116537203	0.08382284
7.116709381	0.090868722
7.116881559	0.098736904
7.117053737	0.10757183
7.117225915	0.117323873
7.117398093	0.127870619
7.117570271	0.139256195
7.117742449	0.151638216
7.117914627	0.165266421
7.118086805	0.180425215
7.118258983	0.197296153
7.118431161	0.215954597
7.118603339	0.236930543
7.118775517	0.260440752
7.118947695	0.28679367
7.119119873	0.31628777
7.119292051	0.348640001
7.119464229	0.383653862
7.119636407	0.420669706
7.119808585	0.457963707
7.119980763	0.493664489
7.120152941	0.526230697
7.120325119	0.554383896
7.120497297	0.577643209
7.120669475	0.597524999
7.120841653	0.614903031
7.121013831	0.630042493
7.121186009	0.644057821
7.121358187	0.658213212
7.121530365	0.673685824
7.121702543	0.691372986
7.121874721	0.711777438
7.122046899	0.735358046
7.122219077	0.762153837
7.122391255	0.791485629
7.122563433	0.822606705
7.122735611	0.854350029
7.122907789	0.885257455
7.123079967	0.91499017
7.123252145	0.943994927
7.123424323	0.972434261
7.123596501	0.99983953
7.123768679	1.024955326
7.123940857	1.046923274
7.124113035	1.066261879
7.124285213	1.084102193
7.124457391	1.100863925
7.124629569	1.116678887
7.124801747	1.130734165
7.124973925	1.141907577
7.125146103	1.150573492
7.125318281	1.157827296
7.125490459	1.16472226
7.125662637	1.171611402
7.125834815	1.17807274
7.126006993	1.183673176
7.126179171	1.18887417
7.126351349	1.194456519
7.126523527	1.201541915
7.126695705	1.211262976
7.126867883	1.223775683
7.127040061	1.238647101
7.127212239	1.255312478
7.127384417	1.273278737
7.127556595	1.292513996
7.127728773	1.313244583
7.127900951	1.335682601
7.128073129	1.359485344
7.128245307	1.383213722
7.128417485	1.405330989
7.128589663	1.424972496
7.128761841	1.44143501
7.128934019	1.454153424
7.129106197	1.463112487
7.129278375	1.468364354
7.129450553	1.469929121
7.129622731	1.468169003
7.129794909	1.463632641
7.129967087	1.456788366
7.130139265	1.448264955
7.130311443	1.438879709
7.130483621	1.429399258
7.130655799	1.420040931
7.130827977	1.41068466
7.131000155	1.40103729
7.131172333	1.390952643
7.131344511	1.380826594
7.131516689	1.371123691
7.131688867	1.361843891
7.131861045	1.352806755
7.132033223	1.343555235
7.132205401	1.333393924
7.132377579	1.32176944
7.132549757	1.308341892
7.132721935	1.293500926
7.132894113	1.278291502
7.133066291	1.263555214
7.133238469	1.249441418
7.133410647	1.235935712
7.133582825	1.222611397
7.133755003	1.209276977
7.133927181	1.196428199
7.134099359	1.184039415
7.134271537	1.172232565
7.134443715	1.161297783
7.134615893	1.15074282
7.134788071	1.139915975
7.134960249	1.128503928
7.135132427	1.11685699
7.135304605	1.105990448
7.135476783	1.09672017
7.135648961	1.088488485
7.135821139	1.08050208
7.135993317	1.072321984
7.136165495	1.064075303
7.136337673	1.056137056
7.136509851	1.048922724
7.136682029	1.04272745
7.136854207	1.037671655
7.137026385	1.033542697
7.137198563	1.029803592
7.137370741	1.025941086
7.137542919	1.02184319
7.137715097	1.017898871
7.137887275	1.014733619
7.138059453	1.012779229
7.138231631	1.011819581
7.138403809	1.011501721
7.138575987	1.011645828
7.138748165	1.012160322
7.138920343	1.012877385
7.139092521	1.013636142
7.139264699	1.01457736
7.139436877	1.015984411
7.139609055	1.018058544
7.139781233	1.020527828
7.139953411	1.022903009
7.140125589	1.025005632
7.140297767	1.026847862
7.140469945	1.028515913
7.140642123	1.030063367
7.140814301	1.03143188
7.140986479	1.032574781
7.141158657	1.033459917
7.141330835	1.034086414
7.141503013	1.034448562
7.141675191	1.0345404
7.141847369	1.03435615
7.142019547	1.03388742
7.142191725	1.033132255
7.142363903	1.032121072
7.142536081	1.03089027
7.142708259	1.029476816
7.142880437	1.027916228
7.143052615	1.026238537
7.143224793	1.024454786
7.143396971	1.022560411
7.143569149	1.020544848
7.143741327	1.018397447
7.143913505	1.016104417
7.144085683	1.01365575
7.144257861	1.011045098
7.144430039	1.008267515
7.144602217	1.005318102
7.144774395	1.002192522
7.144946573	0.998887523
7.145118751	0.995391318
7.145290929	0.99167525
7.145463107	0.987706038
7.145635285	0.983450403
7.145807463	0.978874899
7.145979641	0.973963227
7.146151819	0.968768413
7.146323997	0.963369001
7.146496175	0.957843563
7.146668353	0.95227067
7.146840531	0.946729017
7.147012709	0.941287318
7.147184887	0.935964275
7.147357065	0.930726833
7.147529243	0.925536992
7.147701421	0.920356753
7.147873599	0.915148213
7.148045777	0.909888978
7.148217955	0.904611236
7.148390133	0.899380451
7.148562311	0.89426293
7.148734489	0.889324978
7.148906667	0.884632505
7.149078845	0.880237115
7.149251023	0.87615108
7.149423201	0.872369852
7.149595379	0.868887369
7.149767557	0.86569764
7.149939735	0.862794887
7.150111913	0.860158225
7.150284091	0.857748173
7.150456269	0.855528801
7.150628447	0.853464612
7.150800625	0.851519906
7.150972803	0.849661892
7.151144981	0.847901048
7.151317159	0.846283482
7.151489337	0.844858539
7.151661515	0.843675561
7.151833693	0.842784435
7.152005871	0.84222215
7.152178049	0.841948888
7.152350227	0.841903055
7.152522405	0.842023423
7.152694583	0.842248761
7.152866761	0.842516791
7.153038939	0.842782066
7.153211117	0.843059939
7.153383295	0.843381983
7.153555473	0.843780163
7.153727651	0.844286502
7.153899829	0.844936382
7.154072007	0.845753991
7.154244185	0.846705423
7.154416363	0.847744072
7.154588541	0.848823296
7.154760719	0.849896177
7.154932897	0.850911087
7.155105075	0.851837929
7.155277253	0.852715447
7.155449431	0.853601185
7.155621609	0.854552833
7.155793787	0.855628593
7.155965965	0.856891183
7.156138143	0.858385082
7.156310321	0.860078101
7.156482499	0.861898613
7.156654677	0.863773734
7.156826855	0.865630062
7.156999033	0.867393634
7.157171211	0.869031093
7.157343389	0.870553778
7.157515567	0.871977438
7.157687745	0.873317827
7.157859923	0.874592465
7.158032101	0.875836443
7.158204279	0.877105678
7.158376457	0.878444895
7.158548635	0.87989716
7.158720813	0.88150542
7.158892991	0.883306824
7.159065169	0.885308057
7.159237347	0.887465577
7.159409525	0.889727022
7.159581703	0.892040004
7.159753881	0.894352857
7.159926059	0.896626455
7.160098237	0.898859722
7.160270415	0.901094829
7.160442593	0.903376007
7.160614771	0.905747486
7.160786949	0.908252907
7.160959127	0.910921503
7.161131305	0.913753067
7.161303483	0.916715048
7.161475661	0.919768911
7.161647839	0.922876115
7.161820017	0.926000516
7.161992195	0.929120527
7.162164373	0.932232806
7.162336551	0.935331852
7.162508729	0.938408291
7.162680907	0.941452725
7.162853085	0.944455413
7.163025263	0.947403676
7.163197441	0.950285928
7.163369619	0.953095587
7.163541797	0.955827797
7.163713975	0.958477678
7.163886153	0.961040047
7.164058331	0.963521646
7.164230509	0.965924648
7.164402687	0.968239329
7.164574865	0.970455538
7.164747043	0.972563158
7.164919221	0.97455579
7.165091399	0.976432765
7.165263577	0.978194768
7.165435755	0.979846349
7.165607933	0.981392181
7.165780111	0.982836291
7.165952289	0.984179493
7.166124467	0.985419673
7.166296645	0.986558552
7.166468823	0.987600677
7.166641001	0.988550596
7.166813179	0.989413103
7.166985357	0.990197168
7.167157535	0.990922261
7.167329713	0.991588766
7.167501891	0.992192964
7.167674069	0.992731131
7.167846247	0.993199009
7.168018425	0.993593389
7.168190603	0.993920165
7.168362781	0.994200237
7.168534959	0.994460469
7.168707137	0.994727734
7.168879315	0.995030017
7.169051493	0.995400476
7.169223671	0.995859324
7.169395849	0.996401841
7.169568027	0.997018028
7.169740205	0.997697884
7.169912383	0.998429706
7.170084561	0.999191404
7.170256739	0.999969773
7.170428917	1.000760226
7.170601095	1.001560463
7.170773273	1.00236801
7.170945451	1.003173745
7.171117629	1.00395666
7.171289807	1.004714701
7.171461985	1.005455593
7.171634163	1.00618714
7.171806341	1.006916152
7.171978519	1.007647456
7.172150697	1.008410854
7.172322875	1.009214512
7.172495053	1.010059303
7.172667231	1.010946091
7.172839409	1.011875736
7.173011587	1.01283978
7.173183765	1.013836913
7.173355943	1.014892696
7.173528121	1.016033725
7.173700299	1.017286593
7.173872477	1.018677153
7.174044655	1.020219775
7.174216833	1.021882912
7.174389011	1.023612798
7.174561189	1.025354794
7.174733367	1.027054165
7.174905545	1.028653955
7.175077723	1.030110391
7.175249901	1.031423462
7.175422079	1.032619369
7.175594257	1.033725491
7.175766435	1.034769204
7.175938613	1.035778047
7.176110791	1.036778192
7.176282969	1.037775063
7.176455147	1.038774898
7.176627325	1.039784962
7.176799503	1.040812253
7.176971681	1.041857979
7.177143859	1.042915329
7.177316037	1.043977454
7.177488215	1.045038664
7.177660393	1.04609327
7.177832571	1.047135872
7.178004749	1.048165986
7.178176927	1.0491741
7.178349105	1.05014689
7.178521283	1.051070747
7.178693461	1.051932068
7.178865639	1.05271825
7.179037817	1.053419746
7.179209995	1.054046652
7.179382173	1.054618255
7.179554351	1.055153989
7.179726529	1.055673274
7.179898707	1.05619427
7.180070885	1.056727368
7.180243063	1.057255317
7.180415241	1.05774739
7.180587419	1.05817277
7.180759597	1.058500638
7.180931775	1.058703459
7.181103953	1.058783279
7.181276131	1.058786692
7.181448309	1.058759329
7.181620487	1.058745379
7.181792665	1.058788845
7.181964843	1.058921254
7.182137021	1.059142031
7.182309199	1.059410462
7.182481377	1.059658116
7.182653555	1.059815364
7.182825733	1.059811965
7.182997911	1.059590686
7.183170089	1.059183849
7.183342267	1.058649015
7.183514445	1.058038361
7.183686623	1.057404081
7.183858801	1.056799102
7.184030979	1.056268695
7.184203157	1.055815492
7.184375335	1.055431259
7.184547513	1.055107267
7.184719691	1.054834785
7.184891869	1.054598764
7.185064047	1.054345864
7.185236225	1.054049642
7.185408403	1.05370815
7.185580581	1.05331972
7.185752759	1.052882855
7.185924937	1.0524002
7.186097115	1.051889017
7.186269293	1.051352505
7.186441471	1.050787532
7.186613649	1.050190955
7.186785827	1.049559655
7.186958005	1.048888838
7.187130183	1.04817847
7.187302361	1.047462391
7.187474539	1.046779966
7.187646717	1.046170555
7.187818895	1.045670794
7.187991073	1.045305371
7.188163251	1.045053154
7.188335429	1.044846783
7.188507607	1.044611281
7.188679785	1.0442716
7.188851963	1.043754759
7.189024141	1.043019212
7.189196319	1.042090142
7.189368497	1.041041627
7.189540675	1.039952566
7.189712853	1.038901845
7.189885031	1.037965949
7.190057209	1.037196127
7.190229387	1.03656094
7.190401565	1.03599306
7.190573743	1.035424464
7.190745921	1.034787166
7.190918099	1.034014783
7.191090277	1.033068327
7.191262455	1.031987237
7.191434633	1.030826335
7.191606811	1.029640537
7.191778989	1.028484488
7.191951167	1.027413557
7.192123345	1.026454883
7.192295523	1.025589023
7.192467701	1.024790939
7.192639879	1.024035598
7.192812057	1.02329806
7.192984235	1.022552623
7.193156413	1.021786595
7.193328591	1.021010791
7.193500769	1.020238556
7.193672947	1.019483228
7.193845125	1.01875548
7.194017303	1.018051583
7.194189481	1.017346391
7.194361659	1.016617898
7.194533837	1.015844629
7.194706015	1.015005132
7.194878193	1.014080024
7.195050371	1.01305334
7.195222549	1.011938242
7.195394727	1.010767775
7.195566905	1.00957542
7.195739083	1.008394691
7.195911261	1.007257933
7.196083439	1.006172488
7.196255617	1.005130581
7.196427795	1.004122187
7.196599973	1.003137227
7.196772151	1.002165407
7.196944329	1.001185774
7.197116507	1.000165956
7.197288685	0.999114617
7.197460863	0.998043969
7.197633041	0.996966451
7.197805219	0.995895176
7.197977397	0.994852053
7.198149575	0.993843507
7.198321753	0.992868286
7.198493931	0.991925978
7.198666109	0.991016166
7.198838287	0.990136781
7.199010465	0.989273288
7.199182643	0.98841572
7.199354821	0.987555612
7.199526999	0.986684348
7.199699177	0.985793314
7.199871355	0.98487702
7.200043533	0.983949655
7.200215711	0.983025767
7.200387889	0.982114039
7.200560067	0.981222874
7.200732245	0.980360675
7.200904423	0.97953525
7.201076601	0.978743295
7.201248779	0.977978858
7.201420957	0.977246325
7.201593135	0.976551024
7.201765313	0.975898283
7.201937491	0.975290007
7.202109669	0.974725553
7.202281847	0.974184576
7.202454025	0.973634952
7.202626203	0.973044508
7.202798381	0.972381209
7.202970559	0.971625007
7.203142737	0.970793806
7.203314915	0.969942239
7.203487093	0.969128275
7.203659271	0.968409658
7.203831449	0.967843493
7.204003627	0.967461533
7.204175805	0.967224741
7.204347983	0.967082226
7.204520161	0.966983917
7.204692339	0.966879742
7.204864517	0.966723201
7.205036695	0.966494891
7.205208873	0.966212016
7.205381051	0.965901921
7.205553229	0.965591988
7.205725407	0.96530961
7.205897585	0.965081366
7.206069763	0.964923152
7.206241941	0.964836879
7.206414119	0.964822109
7.206586297	0.9648784
7.206758475	0.965005278
7.206930653	0.965200905
7.207102831	0.965456781
7.207275009	0.965745172
7.207447187	0.966038974
7.207619365	0.966311112
7.207791543	0.966534971
7.207963721	0.966689128
7.208135899	0.966783877
7.208308077	0.966846957
7.208480255	0.966902609
7.208652433	0.966975074
7.208824611	0.967088239
7.208996789	0.967265096
7.209168967	0.967505394
7.209341145	0.967790083
7.209513323	0.968099609
7.209685501	0.968414422
7.209857679	0.968715182
7.210029857	0.968985933
7.210202035	0.969229822
7.210374213	0.969459798
7.210546391	0.969687762
7.210718569	0.969925616
7.210890747	0.970185335
7.211062925	0.970475362
7.211235103	0.970794386
7.211407281	0.971139595
7.211579459	0.971508221
7.211751637	0.971897495
7.211923815	0.97230465
7.212095993	0.972726915
7.212268171	0.973161523
7.212440349	0.973605706
7.212612527	0.974056695
7.212784705	0.974511703
7.212956883	0.974967722
7.213129061	0.975424155
7.213301239	0.975882618
7.213473417	0.97634471
7.213645595	0.976812028
7.213817773	0.977286171
7.213989951	0.977768737
7.214162129	0.978261322
7.214334307	0.978765527
7.214506485	0.979282947
7.214678663	0.979815184
7.214850841	0.980364543
7.215023019	0.98093411
7.215195197	0.981521473
7.215367375	0.982122083
7.215539553	0.982731407
7.215711731	0.983344912
7.215883909	0.983958064
7.216056087	0.98456633
7.216228265	0.985165177
7.216400443	0.985750072
7.216572621	0.986316481
7.216744799	0.986859723
7.216916977	0.987373365
7.217089155	0.987852839
7.217261333	0.988298508
7.217433511	0.988710709
7.217605689	0.989089713
7.217777867	0.98943579
7.217950045	0.989749209
7.218122223	0.990030241
7.218294401	0.990279155
7.218466579	0.990496221
7.218638757	0.99068171
7.218810935	0.99083601
7.218983113	0.990961305
7.219155291	0.991059508
7.219327469	0.99113317
7.219499647	0.991185244
7.219671825	0.991218683
7.219844003	0.991236443
7.220016181	0.991241476
7.220188359	0.991236738
7.220360537	0.991225182
7.220532715	0.991209762
7.220704893	0.991193425
7.220877071	0.99117767
7.221049249	0.991161473
7.221221427	0.991142408
7.221393605	0.991117854
7.221565783	0.991085244
7.221737961	0.991042012
7.221910139	0.990985592
7.222082317	0.990913416
7.222254495	0.99082292
7.222426673	0.990711535
7.222598851	0.990576696
7.222771029	0.990415869
7.222943207	0.990227602
7.223115385	0.990012435
7.223287563	0.989773006
7.223459741	0.989512094
7.223631919	0.989232478
7.223804097	0.988936939
7.223976275	0.988628255
7.224148453	0.988309204
7.224320631	0.987982568
7.224492809	0.987651123
7.224664987	0.987317651
7.224837165	0.986984814
7.225009343	0.986653926
7.225181521	0.986324866
7.225353699	0.985997034
7.225525877	0.985669995
7.225698055	0.985343311
7.225870233	0.985016546
7.226042411	0.984689263
7.226214589	0.984361025
7.226386767	0.984031397
7.226558945	0.98369994
7.226731123	0.983366243
7.226903301	0.983031164
7.227075479	0.982699418
7.227247657	0.98237464
7.227419835	0.982058654
7.227592013	0.981753278
7.227764191	0.981460326
7.227936369	0.981181618
7.228108547	0.980918968
7.228280725	0.980674195
7.228452903	0.980449115
7.228625081	0.980245545
7.228797259	0.980065296
7.228969437	0.979908784
7.229141615	0.97977275
7.229313793	0.979653948
7.229485971	0.979549361
7.229658149	0.979455972
7.229830327	0.979370765
7.230002505	0.979290722
7.230174683	0.979212827
7.230346861	0.979134061
7.230519039	0.979051409
7.230691217	0.978961852
7.230863395	0.978862242
7.231035573	0.978749322
7.231207751	0.978624179
7.231379929	0.978490721
7.231552107	0.978352951
7.231724285	0.978214875
7.231896463	0.978080497
7.232068641	0.97795382
7.232240819	0.97783885
7.232412997	0.97773959
7.232585175	0.977660045
7.232757353	0.97760422
7.232929531	0.977576319
7.233101709	0.977580185
7.233273887	0.977615446
7.233446065	0.977680873
7.233618243	0.977775237
7.233790421	0.977897305
7.233962599	0.978045849
7.234134777	0.978219635
7.234306955	0.978417435
7.234479133	0.978638017
7.234651311	0.97888015
7.234823489	0.979142655
7.234995667	0.979423729
7.235167845	0.979719968
7.235340023	0.980029309
7.235512201	0.980349882
7.235684379	0.980679821
7.235856557	0.981017256
7.236028735	0.98136032
7.236200913	0.981707144
7.236373091	0.982055859
7.236545269	0.982404599
7.236717447	0.982751494
7.236889625	0.983094974
7.237061803	0.983436454
7.237233981	0.983778718
7.237406159	0.984123898
7.237578337	0.984474092
7.237750515	0.9848314
7.237922693	0.985197921
7.238094871	0.985575755
7.238267049	0.985967001
7.238439227	0.986373759
7.238611405	0.986798128
7.238783583	0.987242206
7.238955761	0.987707559
7.239127939	0.988194892
7.239300117	0.988704174
7.239472295	0.989234164
7.239644473	0.989783611
7.239816651	0.990351264
7.239988829	0.990935872
7.240161007	0.991536183
7.240333185	0.992150948
7.240505363	0.992778914
7.240677541	0.993418829
7.240849719	0.994069281
7.241021897	0.99472869
7.241194075	0.995395125
7.241366253	0.996066425
7.241538431	0.99674047
7.241710609	0.997415143
7.241882787	0.998088324
7.242054965	0.998757897
7.242227143	0.999421743
7.242399321	1.000077744
7.242571499	1.000723781
7.242743677	1.001357747
7.242915855	1.001978324
7.243088033	1.002586591
7.243260211	1.003184713
7.243432389	1.003775042
7.243604567	1.004359932
7.243776745	1.004941734
7.243948923	1.005522802
7.244121101	1.006105488
7.244293279	1.006692144
7.244465457	1.007285124
7.244637635	1.00788678
7.244809813	1.008499431
7.244981991	1.009124367
7.245154169	1.009758941
7.245326347	1.010398182
7.245498525	1.011037026
7.245670703	1.011670409
7.245842881	1.012293269
7.246015059	1.012900541
7.246187237	1.013487162
7.246359415	1.014048069
7.246531593	1.014578198
7.246703771	1.015072495
7.246875949	1.015526574
7.247048127	1.01593882
7.247220305	1.016311486
7.247392483	1.016648359
7.247564661	1.016953257
7.247736839	1.017229999
7.247909017	1.017482405
7.248081195	1.017714295
7.248253373	1.017929486
7.248425551	1.018131799
7.248597729	1.018325053
7.248769907	1.018513045
7.248942085	1.018698475
7.249114263	1.018881823
7.249286441	1.019061397
7.249458619	1.019234895
7.249630797	1.019400009
7.249802975	1.019554435
7.249975153	1.019695867
7.250147331	1.019822
7.250319509	1.019930529
7.250491687	1.020019148
7.250663865	1.020085552
7.250836043	1.020127792
7.251008221	1.020144423
7.251180399	1.020135189
7.251352577	1.020102189
7.251524755	1.020047566
7.251696933	1.019973463
7.251869111	1.019882024
7.252041289	1.019775391
7.252213467	1.019655707
7.252385645	1.019525116
7.252557823	1.01938576
7.252730001	1.019239782
7.252902179	1.019089141
7.253074357	1.018939124
7.253246535	1.018797631
7.253418713	1.018670808
7.253590891	1.018564694
7.253763069	1.01848533
7.253935247	1.018438753
7.254107425	1.018431002
7.254279603	1.018468118
7.254451781	1.018556139
7.254623959	1.018701104
7.254796137	1.018909062
7.254968315	1.019184406
7.255140493	1.019513754
7.255312671	1.019873373
7.255484849	1.020239542
7.255657027	1.02058854
7.255829205	1.020896647
7.256001383	1.021140142
7.256173561	1.021295304
7.256345739	1.021338413
7.256517917	1.021245747
7.256690095	1.020993521
7.256862273	1.020551001
7.257034451	1.019929785
7.257206629	1.019252835
7.257378807	1.018737242
7.257550985	1.018632156
7.257723163	1.01899924
7.257895341	1.019816763
7.258067519	1.020852199
7.258239697	1.021717316
7.258411875	1.02205994
7.258584053	1.021551335
7.258756231	1.020500898
7.258928409	1.019524994
7.259100587	1.019081036
7.259272765	1.019153706
7.259444943	1.019428344
7.259617121	1.019728898
7.259789299	1.020018508
7.259961477	1.020346109
7.260133655	1.020723381
7.260305833	1.020919842
7.260478011	1.020724506
7.260650189	1.020367536
7.260822367	1.020072133
7.260994545	1.019992065
7.261166723	1.020230421
7.261338901	1.020444492
7.261511079	1.020299989
7.261683257	1.02004384
7.261855435	1.019791564
7.262027613	1.019452784
7.262199791	1.019066993
7.262371969	1.019265432
7.262544147	1.020118305
7.262716325	1.021098394
7.262888503	1.022025384
7.263060681	1.022663432
7.263232859	1.02290903
7.263405037	1.022946416
7.263577215	1.022671126
7.263749393	1.021902896
7.263921571	1.020543337
7.264093749	1.018796481
7.264265927	1.017225126
7.264438105	1.016381509
7.264610283	1.016372027
7.264782461	1.016892966
7.264954639	1.01746779
7.265126817	1.017744836
7.265298995	1.017539903
7.265471173	1.016896124
7.265643351	1.016267524
7.265815529	1.016087171
7.265987707	1.016403414
7.266159885	1.016796727
7.266332063	1.016628048
7.266504241	1.015454291
7.266676419	1.013927194
7.266848597	1.012953476
7.267020775	1.013176848
7.267192953	1.014256632
7.267365131	1.015283248
7.267537309	1.015473098
7.267709487	1.014850137
7.267881665	1.013865271
7.268053843	1.012871368
7.268226021	1.011971883
7.268398199	1.011170887
7.268570377	1.010463869
7.268742555	1.009846298
7.268914733	1.009313648
7.269086911	1.008861391
7.269259089	1.008484999
7.269431267	1.008179944
7.269603445	1.007941699
7.269775623	1.007765735
7.269947801	1.007647524
7.270119979	1.00758254
7.270292157	1.007566253
7.270464335	1.007594137
7.270636513	1.007661663
7.270808691	1.007764304
7.270980869	1.007897531
7.271153047	1.008056817
7.271325225	1.008237635
7.271497403	1.008435455
7.271669581	1.008645751
7.271841759	1.008863994
7.272013937	1.009085658
7.272186115	1.009306213
7.272358293	1.009521132
7.272530471	1.009725888
7.272702649	1.009915952
7.272874827	1.010086797
7.273047005	1.010233868
7.273219183	1.010354167
7.273391361	1.010447977
7.273563539	1.010516274
7.273735717	1.010560036
7.273907895	1.010580243
7.274080073	1.010577875
7.274252251	1.010553911
7.274424429	1.010509331
7.274596607	1.010445114
7.274768785	1.01036224
7.274940963	1.010261688
7.275113141	1.010144437
7.275285319	1.010011467
7.275457497	1.009863758
7.275629675	1.009702288
7.275801853	1.009528039
7.275974031	1.009341988
7.276146209	1.009145115
7.276318387	1.0089384
7.276490565	1.008722823
7.276662743	1.008499362
7.276834921	1.008268998
7.277007099	1.008032709
7.277179277	1.007791475
7.277351455	1.007546277
7.277523633	1.007298092
7.277695811	1.007047901
7.277867989	1.006796684
7.278040167	1.006545466
7.278212345	1.006295247
7.278384523	1.00604642
7.278556701	1.005799063
7.278728879	1.00555325
7.278901057	1.005309051
7.279073235	1.005066538
7.279245413	1.004825784
7.279417591	1.00458686
7.279589769	1.004349839
7.279761947	1.004114791
7.279934125	1.00388179
7.280106303	1.003650907
7.280278481	1.003422214
7.280450659	1.003195783
7.280622837	1.002971686
7.280795015	1.002749994
7.280967193	1.002530781
7.281139371	1.002314116
7.281311549	1.002100074
7.281483727	1.001888725
7.281655905	1.001680141
7.281828083	1.001474395
7.282000261	1.001271558
7.282172439	1.001071702
7.282344617	1.0008749
7.282516795	1.000681222
7.282688973	1.000490742
7.282861151	1.00030353
7.283033329	1.00011965
7.283205507	0.999939066
7.283377685	0.999761779
7.283549863	0.99958779
7.283722041	0.999417096
7.283894219	0.999249692
7.284066397	0.999085574
7.284238575	0.998924738
7.284410753	0.998767181
7.284582931	0.998612899
7.284755109	0.998461886
7.284927287	0.99831414
7.285099465	0.998169656
7.285271643	0.99802843
7.285443821	0.997890459
7.285615999	0.997755737
7.285788177	0.997624262
7.285960355	0.997496029
7.286132533	0.997371035
7.286304711	0.997249274
7.286476889	0.997130744
7.286649067	0.99701544
7.286821245	0.996903357
7.286993423	0.996794494
7.287165601	0.996688844
7.287337779	0.996586404
7.287509957	0.99648717
7.287682135	0.996391139
7.287854313	0.996298305
7.288026491	0.996208666
7.288198669	0.996122235
7.288370847	0.99603897
7.288543025	0.99595877
7.288715203	0.995881586
7.288887381	0.995807369
7.289059559	0.995736072
7.289231737	0.995667649
7.289403915	0.995602051
7.289576093	0.995539233
7.289748271	0.995479146
7.289920449	0.995421744
7.290092627	0.995366979
7.290264805	0.995314804
7.290436983	0.995265172
7.290609161	0.995218036
7.290781339	0.995173348
7.290953517	0.995131062
7.291125695	0.995091129
7.291297873	0.995053504
7.291470051	0.995018139
7.291642229	0.994984986
7.291814407	0.994953998
7.291986585	0.994925129
7.292158763	0.994898331
7.292330941	0.994873556
7.292503119	0.994850759
7.292675297	0.99482989
7.292847475	0.994810904
7.293019653	0.994793753
7.293191831	0.994778381
7.293364009	0.994764685
7.293536187	0.994752646
7.293708365	0.99474217
7.293880543	0.994733152
7.294052721	0.994725487
7.294224899	0.994719069
7.294397077	0.994713792
7.294569255	0.994709552
7.294741433	0.994706242
7.294913611	0.994703756
7.295085789	0.99470199
7.295257967	0.994700837
7.295430145	0.994700192
7.295602323	0.99469995
7.295774501	0.994700005
7.295946679	0.994700251
7.296118857	0.994700582
7.296291035	0.994700894
7.296463213	0.99470108
7.296635391	0.994701035
7.296807569	0.994700653
7.296979747	0.994699829
7.297151925	0.994698457
7.297324103	0.994696431
7.297496281	0.994693647
7.297668459	0.994689998
7.297840637	0.994685379
7.298012815	0.994679684
7.298184993	0.994672812
7.298357171	0.99466468
7.298529349	0.994655164
7.298701527	0.994644251
7.298873705	0.994631959
7.299045883	0.994618305
7.299218061	0.994603308
7.299390239	0.994586985
7.299562417	0.994569353
7.299734595	0.994550431
7.299906773	0.994530236
7.300078951	0.994508785
7.300251129	0.994486096
7.300423307	0.994462188
7.300595485	0.994437077
7.300767663	0.994410782
7.300939841	0.994383319
7.301112019	0.994354707
7.301284197	0.994324964
7.301456375	0.994294107
7.301628553	0.994262153
7.301800731	0.99422912
7.301972909	0.994195027
7.302145087	0.99415989
7.302317265	0.994123728
7.302489443	0.994086558
7.302661621	0.994048397
7.302833799	0.994009264
7.303005977	0.993969176
7.303178155	0.993928151
7.303350333	0.993886202
7.303522511	0.993843394
7.303694689	0.993799901
7.303866867	0.993755935
7.304039045	0.993711709
7.304211223	0.993667435
7.304383401	0.993623328
7.304555579	0.9935796
7.304727757	0.993536464
7.304899935	0.993494133
7.305072113	0.99345282
7.305244291	0.993412738
7.305416469	0.993374099
7.305588647	0.993337118
7.305760825	0.993302007
7.305933003	0.993268979
7.306105181	0.993238246
7.306277359	0.993210022
7.306449537	0.993184521
7.306621715	0.993161954
7.306793893	0.993142535
7.306966071	0.993126477
7.307138249	0.993113992
7.307310427	0.993105295
7.307482605	0.993100597
7.307654783	0.993100112
7.307826961	0.993104053
7.307999139	0.993112632
7.308171317	0.993126063
7.308343495	0.993144559
7.308515673	0.993168311
7.308687851	0.993197333
7.308860029	0.993231453
7.309032207	0.993270448
7.309204385	0.993314093
7.309376563	0.993362164
7.309548741	0.993414436
7.309720919	0.993470684
7.309893097	0.993530685
7.310065275	0.993594214
7.310237453	0.993661046
7.310409631	0.993730957
7.310581809	0.993803723
7.310753987	0.993879118
7.310926165	0.993956919
7.311098343	0.994036901
7.311270521	0.994118839
7.311442699	0.99420251
7.311614877	0.994287687
7.311787055	0.994374148
7.311959233	0.994461668
7.312131411	0.994550021
7.312303589	0.994638985
7.312475767	0.994728333
7.312647945	0.994817842
7.312820123	0.994907287
7.312992301	0.994996444
7.313164479	0.995085088
7.313336657	0.995172996
7.313508835	0.995259994
7.313681013	0.99534613
7.313853191	0.995431513
7.314025369	0.995516222
7.314197547	0.995600335
7.314369725	0.99568393
7.314541903	0.995767086
7.314714081	0.995849881
7.314886259	0.995932394
7.315058437	0.996014702
7.315230615	0.996096885
7.315402793	0.99617902
7.315574971	0.996261185
7.315747149	0.99634346
7.315919327	0.996425923
7.316091505	0.996508651
7.316263683	0.996591723
7.316435861	0.996675218
7.316608039	0.996759214
7.316780217	0.99684379
7.316952395	0.996929023
7.317124573	0.997014991
7.317296751	0.997101775
7.317468929	0.99718945
7.317641107	0.997278097
7.317813285	0.997367794
7.317985463	0.997458618
7.318157641	0.997550648
7.318329819	0.997643962
7.318501997	0.997738638
7.318674175	0.997834674
7.318846353	0.997931878
7.319018531	0.998030105
7.319190709	0.998129231
7.319362887	0.998229129
7.319535065	0.998329676
7.319707243	0.998430746
7.319879421	0.998532214
7.320051599	0.998633955
7.320223777	0.998735843
7.320395955	0.998837754
7.320568133	0.998939562
7.320740311	0.999041142
7.320912489	0.999142369
7.321084667	0.999243119
7.321256845	0.999343265
7.321429023	0.999442683
7.321601201	0.999541248
7.321773379	0.999638834
7.321945557	0.999735316
7.322117735	0.99983057
7.322289913	0.99992447
7.322462091	1.00001689
7.322634269	1.000107707
7.322806447	1.000196794
7.322978625	1.000284027
7.323150803	1.00036928
7.323322981	1.000452429
7.323495159	1.000533348
7.323667337	1.000611913
7.323839515	1.000688072
7.324011693	1.000761829
7.324183871	1.000833219
7.324356049	1.000902289
7.324528227	1.000969083
7.324700405	1.001033645
7.324872583	1.001096021
7.325044761	1.001156255
7.325216939	1.001214393
7.325389117	1.001270478
7.325561295	1.001324557
7.325733473	1.001376674
7.325905651	1.001426873
7.326077829	1.0014752
7.326250007	1.001521699
7.326422185	1.001566416
7.326594363	1.001609395
7.326766541	1.001650681
7.326938719	1.001690319
7.327110897	1.001728353
7.327283075	1.00176483
7.327455253	1.001799792
7.327627431	1.001833287
7.327799609	1.001865357
7.327971787	1.001896049
7.328143965	1.001925407
7.328316143	1.001953475
7.328488321	1.001980299
7.328660499	1.002005927
7.328832677	1.002030372
7.329004855	1.002053548
7.329177033	1.002075357
7.329349211	1.002095701
7.329521389	1.002114484
7.329693567	1.002131609
7.329865745	1.002146977
7.330037923	1.002160491
7.330210101	1.002172054
7.330382279	1.002181569
7.330554457	1.002188938
7.330726635	1.002194063
7.330898813	1.002196848
7.331070991	1.002197196
7.331243169	1.002195007
7.331415347	1.002190187
7.331587525	1.002182636
7.331759703	1.002172257
7.331931881	1.002158954
7.332104059	1.002142629
7.332276237	1.002123184
7.332448415	1.002100522
7.332620593	1.002074546
7.332792771	1.002045159
7.332964949	1.002012262
7.333137127	1.001975758
7.333309305	1.001935551
7.333481483	1.001891543
7.333653661	1.001843636
7.333825839	1.001791731
7.333998017	1.001735809
7.334170195	1.001676027
7.334342373	1.00161257
7.334514551	1.001545625
7.334686729	1.001475378
7.334858907	1.001402017
7.335031085	1.001325726
7.335203263	1.001246694
7.335375441	1.001165105
7.335547619	1.001081148
7.335719797	1.000995008
7.335891975	1.000906871
7.336064153	1.000816925
7.336236331	1.000725356
7.336408509	1.000632349
7.336580687	1.000538093
7.336752865	1.000442772
7.336925043	1.000346575
7.337097221	1.000249686
7.337269399	1.000152293
7.337441577	1.000054582
7.337613755	0.99995674
7.337785933	0.999858953
7.337958111	0.999761407
7.338130289	0.99966429
7.338302467	0.999567787
7.338474645	0.999472085
7.338646823	0.99937737
7.338819001	0.999283831
7.338991179	0.999191645
7.339163357	0.999100904
7.339335535	0.999011639
7.339507713	0.998923877
7.339679891	0.998837643
7.339852069	0.998752963
7.340024247	0.998669863
7.340196425	0.998588368
7.340368603	0.998508505
7.340540781	0.9984303
7.340712959	0.998353777
7.340885137	0.998278964
7.341057315	0.998205887
7.341229493	0.99813457
7.341401671	0.998065039
7.341573849	0.997997322
7.341746027	0.997931443
7.341918205	0.997867428
7.342090383	0.997805304
7.342262561	0.997745095
7.342434739	0.997686829
7.342606917	0.997630531
7.342779095	0.997576226
7.342951273	0.997523941
7.343123451	0.997473701
7.343295629	0.997425532
7.343467807	0.997379461
7.343639985	0.997335513
7.343812163	0.997293714
7.343984341	0.997254109
7.344156519	0.997216546
7.344328697	0.997180887
7.344500875	0.997147129
7.344673053	0.997115276
7.344845231	0.997085326
7.345017409	0.997057282
7.345189587	0.997031145
7.345361765	0.997006915
7.345533943	0.996984595
7.345706121	0.996964184
7.345878299	0.996945685
7.346050477	0.996929098
7.346222655	0.996914425
7.346394833	0.996901666
7.346567011	0.996890822
7.346739189	0.996881895
7.346911367	0.996874887
7.347083545	0.996869797
7.347255723	0.996866627
7.347427901	0.996865379
7.347600079	0.996866053
7.347772257	0.99686865
7.347944435	0.996873172
7.348116613	0.996879619
7.348288791	0.996887994
7.348460969	0.996898296
7.348633147	0.996910527
7.348805325	0.996924689
7.348977503	0.996940786
7.349149681	0.996958926
7.349321859	0.996979056
7.349494037	0.997001031
7.349666215	0.997024706
7.349838393	0.997049938
7.350010571	0.997076583
7.350182749	0.997104495
7.350354927	0.997133532
7.350527105	0.997163549
7.350699283	0.997194403
7.350871461	0.997225948
7.351043639	0.997258041
7.351215817	0.997290537
7.351387995	0.997323294
7.351560173	0.997356165
7.351732351	0.997389009
7.351904529	0.997421679
7.352076707	0.997454033
7.352248885	0.997485926
7.352421063	0.997517214
7.352593241	0.997547754
7.352765419	0.997577399
7.352937597	0.997606008
7.353109775	0.997633436
7.353281953	0.997659538
7.353454131	0.99768417
7.353626309	0.997707189
7.353798487	0.99772845
7.353970665	0.997747808
7.354142843	0.997765046
7.354315021	0.997779918
7.354487199	0.997792504
7.354659377	0.997802931
7.354831555	0.997811326
7.355003733	0.997817814
7.355175911	0.997822522
7.355348089	0.997825577
7.355520267	0.997827105
7.355692445	0.997827232
7.355864623	0.997826085
7.356036801	0.997823791
7.356208979	0.997820476
7.356381157	0.997816266
7.356553335	0.997811288
7.356725513	0.997805668
7.356897691	0.997799533
7.357069869	0.997793009
7.357242047	0.997786223
7.357414225	0.9977793
7.357586403	0.997772369
7.357758581	0.997765554
7.357930759	0.997758983
7.358102937	0.997752781
7.358275115	0.997747076
7.358447293	0.997741994
7.358619471	0.997737661
7.358791649	0.997734204
7.358963827	0.997731753
7.359136005	0.997730474
7.359308183	0.997730555
7.359480361	0.997732019
7.359652539	0.997734716
7.359824717	0.997738491
7.359996895	0.99774319
7.360169073	0.997748656
7.360341251	0.997754734
7.360513429	0.99776127
7.360685607	0.997768108
7.360857785	0.997775092
7.361029963	0.997782068
7.361202141	0.997788881
7.361374319	0.997795374
7.361546497	0.997801393
7.361718675	0.997806783
7.361890853	0.997811388
7.362063031	0.997815053
7.362235209	0.997817624
7.362407387	0.997818943
7.362579565	0.997818858
7.362751743	0.997817211
7.362923921	0.997813848
7.363096099	0.997808614
7.363268277	0.997801354
7.363440455	0.997791912
7.363612633	0.997780132
7.363784811	0.997765861
7.363956989	0.997748942
7.364129167	0.997729218
7.364301345	0.997706499
7.364473523	0.99768073
7.364645701	0.99765209
7.364817879	0.99762075
7.364990057	0.997586877
7.365162235	0.99755064
7.365334413	0.997512207
7.365506591	0.997471746
7.365678769	0.997429426
7.365850947	0.997385415
7.366023125	0.997339882
7.366195303	0.997292995
7.366367481	0.997244921
7.366539659	0.997195831
7.366711837	0.99714589
7.366884015	0.997095269
7.367056193	0.997044136
7.367228371	0.996992658
7.367400549	0.996941004
7.367572727	0.996889343
7.367744905	0.996837843
7.367917083	0.996786671
7.368089261	0.996735998
7.368261439	0.99668599
7.368433617	0.996636816
7.368605795	0.996588644
7.368777973	0.996541643
7.368950151	0.996495982
7.369122329	0.996451828
7.369294507	0.996409351
7.369466685	0.99636865
7.369638863	0.996329729
7.369811041	0.996292589
7.369983219	0.996257232
7.370155397	0.996223658
7.370327575	0.99619187
7.370499753	0.996161868
7.370671931	0.996133654
7.370844109	0.996107229
7.371016287	0.996082594
7.371188465	0.996059751
7.371360643	0.996038701
7.371532821	0.996019445
7.371704999	0.996001984
7.371877177	0.99598632
7.372049355	0.995972455
7.372221533	0.995960389
7.372393711	0.995950123
7.372565889	0.99594166
7.372738067	0.995934999
7.372910245	0.995930144
7.373082423	0.995927094
7.373254601	0.995925851
7.373426779	0.995926417
7.373598957	0.995928793
7.373771135	0.99593298
7.373943313	0.995938979
7.374115491	0.995946792
7.374287669	0.995956421
7.374459847	0.995967916
7.374632025	0.995981368
7.374804203	0.995996719
7.374976381	0.996013887
7.375148559	0.996032788
7.375320737	0.996053339
7.375492915	0.996075457
7.375665093	0.996099059
7.375837271	0.996124061
7.376009449	0.99615038
7.376181627	0.996177933
7.376353805	0.996206637
7.376525983	0.996236409
7.376698161	0.996267165
7.376870339	0.996298822
7.377042517	0.996331297
7.377214695	0.996364507
7.377386873	0.996398368
7.377559051	0.996432797
7.377731229	0.996467712
7.377903407	0.996503028
7.378075585	0.996538663
7.378247763	0.996574534
7.378419941	0.996610557
7.378592119	0.996646649
7.378764297	0.996682726
7.378936475	0.996718706
7.379108653	0.996754506
7.379280831	0.996790041
7.379453009	0.996825224
7.379625187	0.996859987
7.379797365	0.996894289
7.379969543	0.996928048
7.380141721	0.996961182
7.380313899	0.996993608
7.380486077	0.997025244
7.380658255	0.997056008
7.380830433	0.997085817
7.381002611	0.997114589
7.381174789	0.99714224
7.381346967	0.99716869
7.381519145	0.997193855
7.381691323	0.997217652
7.381863501	0.99724
7.382035679	0.997260816
7.382207857	0.997280017
7.382380035	0.997297522
7.382552213	0.997313246
7.382724391	0.997327109
7.382896569	0.997339028
7.383068747	0.99734892
7.383240925	0.997356702
7.383413103	0.997362293
7.383585281	0.99736561
7.383757459	0.99736657
7.383929637	0.997365091
7.384101815	0.99736109
7.384273993	0.997354486
7.384446171	0.997345197
7.384618349	0.997333102
7.384790527	0.997318204
7.384962705	0.997300613
7.385134883	0.997280437
7.385307061	0.997257784
7.385479239	0.997232764
7.385651417	0.997205485
7.385823595	0.997176055
7.385995773	0.997144584
7.386167951	0.99711118
7.386340129	0.997075952
7.386512307	0.997039008
7.386684485	0.997000457
7.386856663	0.996960408
7.387028841	0.99691897
7.387201019	0.996876251
7.387373197	0.996832359
7.387545375	0.996787404
7.387717553	0.996741494
7.387889731	0.996694738
7.388061909	0.996647245
7.388234087	0.996599123
7.388406265	0.996550481
7.388578443	0.996501427
7.388750621	0.996452071
7.388922799	0.996402521
7.389094977	0.996352885
7.389267155	0.996303273
7.389439333	0.996253792
7.389611511	0.996204556
7.389783689	0.996155639
7.389955867	0.996106929
7.390128045	0.99605828
7.390300223	0.996009546
7.390472401	0.995960584
7.390644579	0.995911248
7.390816757	0.995861394
7.390988935	0.995810876
7.391161113	0.99575955
7.391333291	0.99570727
7.391505469	0.995653893
7.391677647	0.995599273
7.391849825	0.995543266
7.392022003	0.995485725
7.392194181	0.995426508
7.392366359	0.995365468
7.392538537	0.995302461
7.392710715	0.995237342
7.392882893	0.995169966
7.393055071	0.995100189
7.393227249	0.995027865
7.393399427	0.99495285
7.393571605	0.994874998
7.393743783	0.994794165
7.393915961	0.994710206
7.394088139	0.994622977
7.394260317	0.994532332
7.394432495	0.994438126
7.394604673	0.994340226
7.394776851	0.994238577
7.394949029	0.994133227
7.395121207	0.99402443
7.395293385	0.993912482
7.395465563	0.993797681
7.395637741	0.993680323
7.395809919	0.993560706
7.395982097	0.993439125
7.396154275	0.99331588
7.396326453	0.993191265
7.396498631	0.993065578
7.396670809	0.992939117
7.396842987	0.992812177
7.397015165	0.992685056
7.397187343	0.992558051
7.397359521	0.992431459
7.397531699	0.992305576
7.397703877	0.9921807
7.397876055	0.992057128
7.398048233	0.991935156
7.398220411	0.991815081
7.398392589	0.9916972
7.398564767	0.991581811
7.398736945	0.99146921
7.398909123	0.991359694
7.399081301	0.99125356
7.399253479	0.991151105
7.399425657	0.991052626
7.399597835	0.990958419
7.399770013	0.990868751
7.399942191	0.99078359
7.400114369	0.990702711
7.400286547	0.990625911
7.400458725	0.990552982
7.400630903	0.990483721
7.400803081	0.99041792
7.400975259	0.990355375
7.401147437	0.99029588
7.401319615	0.990239229
7.401491793	0.990185217
7.401663971	0.990133638
7.401836149	0.990084287
7.402008327	0.990036958
7.402180505	0.989991445
7.402352683	0.989947544
7.402524861	0.989905048
7.402697039	0.989863752
7.402869217	0.98982345
7.403041395	0.989783937
7.403213573	0.989745006
7.403385751	0.989706454
7.403557929	0.989668074
7.403730107	0.98962966
7.403902285	0.989591007
7.404074463	0.989551909
7.404246641	0.989512161
7.404418819	0.989471558
7.404590997	0.989429893
7.404763175	0.98938698
7.404935353	0.989342799
7.405107531	0.989297449
7.405279709	0.98925098
7.405451887	0.98920344
7.405624065	0.989154877
7.405796243	0.98910534
7.405968421	0.989054877
7.406140599	0.989003536
7.406312777	0.988951366
7.406484955	0.988898415
7.406657133	0.988844731
7.406829311	0.988790363
7.407001489	0.988735359
7.407173667	0.988679767
7.407345845	0.988623637
7.407518023	0.988567015
7.407690201	0.988509951
7.407862379	0.988452493
7.408034557	0.988394689
7.408206735	0.988336588
7.408378913	0.988278237
7.408551091	0.988219686
7.408723269	0.988160983
7.408895447	0.988102175
7.409067625	0.988043312
7.409239803	0.987984442
7.409411981	0.987925612
7.409584159	0.987866872
7.409756337	0.98780827
7.409928515	0.987749854
7.410100693	0.987691672
7.410272871	0.987633774
7.410445049	0.987576206
7.410617227	0.987519018
7.410789405	0.987462258
7.410961583	0.987405974
7.411133761	0.987350215
7.411305939	0.987295028
7.411478117	0.987240463
7.411650295	0.987186568
7.411822473	0.987133391
7.411994651	0.98708098
7.412166829	0.987029383
7.412339007	0.98697865
7.412511185	0.986928828
7.412683363	0.986879966
7.412855541	0.986832112
7.413027719	0.986785315
7.413199897	0.986739623
7.413372075	0.986695083
7.413544253	0.986651746
7.413716431	0.986609658
7.413888609	0.986568868
7.414060787	0.986529425
7.414232965	0.986491377
7.414405143	0.986454773
7.414577321	0.98641966
7.414749499	0.986386087
