#%Name: Vesuvianite
#%formula: Ca10(Mg, Fe)2Al4(SiO4)5(Si2O7)2(OH,F)4
#%Mineral class: silicates
#%Xtal system: tetragonal
#%Edge: K
#%Sample prep: powder mixed with DI water, air dried on Cu TEM grid, then plunged in liquid ethane and cryo-transfered. sample mounted at 40 deg.
#%Beamline: ALS 10.3.2, HxV slits = 300x20 um
#%Det:  I0=N2, Fluorescence mode (Amptek C2)
#%Ref/notes: Chemplex standard, average of several qxas scans
#%Temp: -174 Celcius, pressure=1 10^-6 torr
#%Time&date: 5:38 PM 3/30/2023. Sirine C. Fakra
#%============================================================
7.0102296643,0.00103099923671855
7.0105296643,0.0011357720218989
7.0108296643,0.00100872357906684
7.0111296643,0.000727327396878877
7.0114296643,0.000369056963991515
7.0117296643,1.13857690612668e-05
7.0120296643,-0.000268212699255358
7.01232966429999,-0.000393299628640675
7.01262966429999,-0.000350744021972386
7.01292966429999,-0.000226254237315637
7.01322966429999,-0.000114124735900358
7.01352966429999,-8.5888545202312e-05
7.01382966429999,-0.000120917228907519
7.01412966429999,-0.000175259642864208
7.01442966429999,-0.000207632906524092
7.01472966429999,-0.00020839009783725
7.01502966429999,-0.000188591621469891
7.01532966429999,-0.000159549539736304
7.01562966429999,-0.00012582816743749
7.01592966429999,-8.13419731482861e-05
7.01622966429999,-1.9066636254498e-05
7.01652966429999,6.43181093749831e-05
7.01682966429998,0.000156951094543027
7.01712966429998,0.000243082247459565
7.01742966429998,0.000307342359648207
7.01772966429998,0.000338945474872196
7.01802966429998,0.000330138221967548
7.01832966429998,0.000273354955527167
7.01862966429998,0.000169712771792461
7.01892966429998,3.41823686002619e-05
7.01922966429998,-0.00011702641234538
7.01952966429998,-0.000264240504848759
7.01982966429998,-0.000373418496576091
7.02012966429998,-0.000406793267806338
7.02042966429998,-0.000332288843311528
7.02072966429998,-0.000187346046550827
7.02102966429997,-5.5902606148949e-05
7.02132966429997,-2.18884212421993e-05
7.02162966429997,-0.000111623757587957
7.02192966429997,-0.000258505722595892
7.02222966429997,-0.000387498402427324
7.02252966429997,-0.000444236695504869
7.02282966429997,-0.000461165732088856
7.02312966429997,-0.000493515927207057
7.02342966429997,-0.000591167468947843
7.02372966429997,-0.000737659278219717
7.02402966429997,-0.000871675946966084
7.02432966429997,-0.000931813696444494
7.02462966429997,-0.00090896526572249
7.02492966429997,-0.000879300857605169
7.02522966429996,-0.000926842497787072
7.02552966429996,-0.00110552135303727
7.02582966429996,-0.00134134791268989
7.02612966429996,-0.00152634605413648
7.02642966429996,-0.00155912528326109
7.02672966429996,-0.00142119835825435
7.02702966429996,-0.00115073816938223
7.02732966429996,-0.000787408544851804
7.02762966429996,-0.00039889778279733
7.02792966429996,-9.90936966427472e-05
7.02822966429996,-6.19951675790431e-06
7.02852966429996,-0.000193184005664018
7.02882966429996,-0.000538360904741367
7.02912966429996,-0.00086769486742644
7.02942966429995,-0.00102013999124349
7.02972966429995,-0.00100066702405789
7.03002966429995,-0.000928939103082786
7.03032966429995,-0.000925815873568533
7.03062966429995,-0.00103220050861578
7.03092966429995,-0.00115573789542865
7.03122966429995,-0.00119144603537935
7.03152966429995,-0.00106546613064541
7.03182966429995,-0.000839513411623907
7.03212966429995,-0.000612209144152818
7.03242966429995,-0.000473667822573356
7.03272966429995,-0.000403605598479455
7.03302966429995,-0.000304644409632345
7.03332966429995,-7.90426943972251e-05
7.03362966429995,0.000278763986085667
7.03392966429994,0.000619024742498444
7.03422966429994,0.00077706035188949
7.03452966429994,0.000639689186413458
7.03482966429994,0.000320806581536961
7.03512966429994,-3.1225475467776e-06
7.03542966429994,-0.00016620481447075
7.03572966429994,-0.000141870750607294
7.03602966429994,-1.89604248384601e-06
7.03632966429994,0.000180191860240464
7.03662966429994,0.000355444785815871
7.03692966429994,0.000516785546187473
7.03722966429994,0.000661218960726744
7.03752966429994,0.000785915583288553
7.03782966429994,0.000888785742737229
7.03812966429993,0.000967946096424377
7.03842966429993,0.00102037711766816
7.03872966429993,0.00102785552183129
7.03902966429993,0.000961310119035091
7.03932966429993,0.000791972322549385
7.03962966429993,0.000534625871981742
7.03992966429993,0.000279064392459333
7.04022966429993,0.000122498401877728
7.04052966429993,0.000136130127782964
7.04082966429993,0.000273645638500213
7.04112966429993,0.000455555495837632
7.04142966429993,0.000605203827639345
7.04172966429993,0.000684469753469729
7.04202966429993,0.000683023758971168
7.04232966429992,0.000591489271887175
7.04262966429992,0.00042890682572075
7.04292966429992,0.000263799565257215
7.04322966429992,0.000169652771042378
7.04352966429992,0.000195889794278477
7.04382966429992,0.000281875735752176
7.04412966429992,0.000335527022316522
7.04442966429992,0.000271097351856614
7.04472966429992,9.0349828201977e-05
7.04502966429992,-0.000141160053960702
7.04532966429992,-0.000356614340931441
7.04562966429992,-0.000505256974214133
7.04592966429992,-0.000564609696816125
7.04622966429992,-0.000515070023420415
7.04652966429992,-0.000350754340190015
7.04682966429991,-0.000129300458126566
7.04712966429991,7.32818992615726e-05
7.04742966429991,0.000185101732693817
7.04772966429991,0.000192042632606201
7.04802966429991,0.000122558109841162
7.04832966429991,6.10242328541756e-06
7.04862966429991,-0.000126942510362862
7.04892966429991,-0.000244543514325361
7.04922966429991,-0.000314497122415331
7.04952966429991,-0.000314801657203888
7.04982966429991,-0.000271272967455049
7.05012966429991,-0.000223724891019078
7.05042966429991,-0.000209613802266222
7.05072966429991,-0.000232792199852746
7.0510296642999,-0.000272085671917047
7.0513296642999,-0.00030588669342875
7.0516296642999,-0.000327872217716498
7.0519296642999,-0.000359227755695704
7.0522296642999,-0.000424015451362104
7.0525296642999,-0.000538899857653828
7.0528296642999,-0.000685444623339042
7.0531296642999,-0.000834813247981901
7.0534296642999,-0.000957631095194934
7.0537296642999,-0.00101675967144514
7.0540296642999,-0.000969216083933608
7.0543296642999,-0.000772434139726669
7.0546296642999,-0.000437952225191453
7.0549296642999,-7.57650667089167e-05
7.05522966429989,0.000193693186800795
7.05552966429989,0.000277630110919025
7.05582966429989,0.000216026402298591
7.05612966429989,8.86793016451292e-05
7.05642966429989,-2.88753087054605e-05
7.05672966429989,-0.000123867746355953
7.05702966429989,-0.000231284882417406
7.05732966429989,-0.000386892970862501
7.05762966429989,-0.000584623456042191
7.05792966429989,-0.000741432577438145
7.05822966429989,-0.000766001312311287
7.05852966429989,-0.000591212249315933
7.05882966429989,-0.000267631385099833
7.05912966429989,0.000118456348498723
7.05942966429989,0.000482842263166943
7.05972966429988,0.000772459233770608
7.06002966429988,0.000958189223683271
7.06032966429988,0.00101186658387634
7.06062966429988,0.000940482154449767
7.06092966429988,0.000816433905804106
7.06122966429988,0.000719248777153107
7.06152966429988,0.000710866866703142
7.06182966429988,0.000766654738752052
7.06212966429988,0.000835384742361148
7.06242966429988,0.000867856914592647
7.06272966429988,0.000845766817593457
7.06302966429988,0.000774824790735682
7.06332966429988,0.000661476255006296
7.06362966429988,0.000523393337707904
7.06392966429987,0.000399367958807756
7.06422966429987,0.000330525737181842
7.06452966429987,0.000345707771146836
7.06482966429987,0.00041253543612035
7.06512966429987,0.000479597013286584
7.06542966429987,0.000499295600923889
7.06572966429987,0.000482995172048575
7.06602966429987,0.000488381134987492
7.06632966429987,0.000573971869472546
7.06662966429987,0.000751787565924573
7.06692966429987,0.00094539912202055
7.06722966429987,0.00106846964989752
7.06752966429987,0.00105245465544207
7.06782966429987,0.000918574098319789
7.06812966429986,0.00071629198291623
7.06842966429986,0.000494011088797569
7.06872966429986,0.000283326082461804
7.06902966429986,0.000102485192065674
7.06932966429986,-3.06558525227919e-05
7.06962966429986,-0.000101139236143973
7.06992966429986,-9.95812637764464e-05
7.07022966429986,-1.72311902450396e-05
7.07052966429986,0.000146586002772928
7.07082966429986,0.000351297742366621
7.07112966429986,0.000543196689169913
7.07142966429986,0.000671428520614343
7.07172966429986,0.000730717873984048
7.07202966429986,0.000752369085617515
7.07232966429985,0.000768613149173445
7.07262966429985,0.000798939611718625
7.07292966429985,0.000838055277210713
7.07322966429985,0.000877814405816937
7.07352966429985,0.000908976401713939
7.07382966429985,0.000916639285954618
7.07412966429985,0.000884076614099837
7.07442966429985,0.000796431125303862
7.07472966429985,0.000669159182495389
7.07502966429985,0.000542305893320616
7.07532966429985,0.000456395340645525
7.07562966429985,0.000422761765238669
7.07592966429985,0.000395326979343567
7.07622966429985,0.000321314663609331
7.07652966429985,0.000164175705813436
7.07682966429984,-2.76879832921567e-05
7.07712966429984,-0.000178168896764952
7.07742966429984,-0.00021652292058419
7.07772966429984,-0.000160655026680647
7.07802966429984,-0.000101147148762287
7.07832966429984,-0.000130316866154053
7.07862966429984,-0.000286456831755394
7.07892966429984,-0.000500405455098814
7.07922966429984,-0.000690294789159313
7.07952966429984,-0.000791677309861469
7.07982966429984,-0.000832435959196448
7.08012966429984,-0.000870926836732884
7.08042966429984,-0.000962605781418814
7.08072966429984,-0.0011140036590731
7.08102966429983,-0.00129111253913018
7.08132966429983,-0.00145866370491754
7.08162966429983,-0.00157624088842973
7.08192966429983,-0.00159307427638586
7.08222966429983,-0.00145715322641327
7.08252966429983,-0.0011411672950118
7.08282966429983,-0.000750349897689129
7.08312966429983,-0.000434203653083591
7.08342966429983,-0.000333640981031052
7.08372966429983,-0.000442635325352957
7.08402966429983,-0.000632105916598887
7.08432966429983,-0.000769588047178389
7.08462966429983,-0.000782050914409998
7.08492966429983,-0.000717354600598462
7.08522966429982,-0.000638042618568899
7.08552966429982,-0.00059602498679033
7.08582966429982,-0.000585440601293958
7.08612966429982,-0.000580902502860557
7.08642966429982,-0.000558550910011003
7.08672966429982,-0.000521264819286603
7.08702966429982,-0.000494554776078739
7.08732966429982,-0.000504549326994573
7.08762966429982,-0.000562967148620135
7.08792966429982,-0.000651885824582825
7.08822966429982,-0.000749734426106833
7.08852966429982,-0.000837847220117618
7.08882966429982,-0.000913539246660375
7.08912966429982,-0.00097959129965727
7.08942966429982,-0.00103812975746878
7.08972966429981,-0.00107965754773479
7.09002966429981,-0.00108473447602902
7.09032966429981,-0.00103371783267356
7.09062966429981,-0.000925519396367638
7.09092966429981,-0.000797649412819051
7.09122966429981,-0.000692432789233197
7.09152966429981,-0.000639599279853907
7.09182966429981,-0.000598729672254742
7.09212966429981,-0.000505126463616696
7.09242966429981,-0.000299618817885724
7.09272966429981,-2.25954915753497e-05
7.09302966429981,0.000199479159410629
7.09332966429981,0.000237948577762343
7.09362966429981,6.99988737522274e-05
7.0939296642998,-0.000104508106349821
7.0942296642998,-5.75642981327027e-05
7.0945296642998,0.00035460298725049
7.0948296642998,0.000800746867182628
7.0951296642998,0.000801103691754819
7.0954296642998,0.000200837522748789
7.0957296642998,0.000225579006320088
7.0960296642998,0.000844540388116451
7.0963296642998,-0.00033773062210276
7.0966296642998,0.000393170231339052
7.0969296642998,0.000462729805550565
7.0972296642998,-0.000546481994700038
7.0975296642998,0.00111281844795636
7.0978296642998,0.00155655586631599
7.09812966429979,0.00131092318412576
7.09842966429979,0.000900210061264383
7.09872966429979,0.000614963730566975
7.09902966429979,2.49175887065915e-05
7.09932966429979,0.000333986282797736
7.09962966429979,0.000440343174760652
7.09992966429979,0.000490840638004816
7.10022966429979,0.00114323913204357
7.10052966429979,0.000288678279794788
7.10082966429979,0.0021553373503031
7.10112966429979,0.00216973567782608
7.10142966429979,0.00185347622607228
7.10172966429979,0.00187846774889755
7.10202966429979,0.00178899170843509
7.10232966429979,0.000818397918603256
7.10262966429978,0.0020861521591684
7.10292966429978,0.00201043911990903
7.10322966429978,0.00354318198474148
7.10352966429978,0.00273016293914601
7.10382966429978,0.00334794099515745
7.10412966429978,0.002577746148233
7.10442966429978,0.0031121398936177
7.10472966429978,0.00221338332482048
7.10502966429978,0.00334246512294692
7.10532966429978,0.00447938813552131
7.10562966429978,0.00515830450952047
7.10592966429978,0.00453434242525467
7.10622966429978,0.00414304000829613
7.10652966429978,0.00437256883226922
7.10682966429977,0.00459275797050908
7.10712966429977,0.00587898781997042
7.10742966429977,0.00672164853178825
7.10772966429977,0.00657906470124101
7.10802966429977,0.00851572780261636
7.10832966429977,0.00778674855712073
7.10862966429977,0.00881912171548403
7.10892966429977,0.00966043164648756
7.10922966429977,0.0120642659834549
7.10952966429977,0.0134331379146766
7.10982966429977,0.0144749608676752
7.11012966429977,0.0173745206621249
7.11042966429977,0.0197565491451403
7.11072966429977,0.0228776717181649
7.11102966429976,0.0263218258932108
7.11132966429976,0.0291618919172967
7.11162966429976,0.0338226060958373
7.11192966429976,0.0409329382051891
7.11222966429976,0.0444402164678542
7.11252966429976,0.0472983524720578
7.11282966429976,0.0479003409636899
7.11312966429976,0.0478003668527895
7.11342966429976,0.0473147891056055
7.11372966429976,0.04603570599531
7.11402966429976,0.043056585987346
7.11432966429976,0.0446429981128607
7.11462966429976,0.0433600377227758
7.11492966429976,0.0425696069172142
7.11522966429976,0.0462641014568125
7.11552966429975,0.0501867004307703
7.11582966429975,0.0589691617826287
7.11612966429975,0.0643776359980732
7.11642966429975,0.0741831078243689
7.11672966429975,0.085134611582519
7.11702966429975,0.0954402647226294
7.11732966429975,0.105272879891938
7.11762966429975,0.112970756844424
7.11792966429975,0.122845538667031
7.11822966429975,0.13534017051746
7.11852966429975,0.154735875246017
7.11882966429975,0.172774293706463
7.11912966429975,0.195768892633522
7.11942966429975,0.220221115492238
7.11972966429974,0.235382442448193
7.12002966429974,0.259244535102539
7.12032966429974,0.27827800799667
7.12062966429974,0.298962352498625
7.12092966429974,0.319553026578606
7.12122966429974,0.339217717424156
7.12152966429974,0.359431987911548
7.12182966429974,0.387876510072371
7.12212966429974,0.415072764337918
7.12242966429974,0.452967099217563
7.12272966429974,0.489009763898501
7.12302966429974,0.527199376810243
7.12332966429974,0.573936484380113
7.12362966429974,0.617698321794086
7.12392966429973,0.667531664598492
7.12422966429973,0.713092992363901
7.12452966429973,0.75515929727765
7.12482966429973,0.809216217384072
7.12512966429973,0.858506199484733
7.12542966429973,0.921813129025204
7.12572966429973,0.984384121191036
7.12602966429973,1.05072650632878
7.12632966429973,1.12345748447142
7.12662966429973,1.17207493922059
7.12692966429973,1.2428030550032
7.12722966429973,1.28277149393641
7.12752966429973,1.34621485910822
7.12782966429973,1.41374452984946
7.12812966429972,1.46905713095192
7.12842966429972,1.51094838925385
7.12872966429972,1.53727037615442
7.12902966429972,1.52354897557951
7.12932966429972,1.49856395807692
7.12962966429972,1.50649564505375
7.12992966429972,1.47892444024984
7.13022966429972,1.46234491599896
7.13052966429972,1.4282647766659
7.13082966429972,1.3946541045301
7.13112966429972,1.37161960009633
7.13142966429972,1.37284013582004
7.13172966429972,1.36812546355594
7.13202966429972,1.35431133988366
7.13232966429972,1.34911579842783
7.13262966429971,1.33193335117781
7.13292966429971,1.3347760668948
7.13322966429971,1.33269427230532
7.13352966429971,1.35215379094523
7.13382966429971,1.36057372528523
7.13412966429971,1.36603276737935
7.13442966429971,1.36150443236918
7.13472966429971,1.35971109818538
7.13502966429971,1.35417465706842
7.13532966429971,1.32689407470456
7.13562966429971,1.33891724005224
7.13592966429971,1.32666931001786
7.13622966429971,1.31124908788428
7.13652966429971,1.29608230947165
7.1368296642997,1.28627422921036
7.1371296642997,1.28184511277193
7.1374296642997,1.26429119584326
7.1377296642997,1.27706284966448
7.1380296642997,1.26263133215574
7.1383296642997,1.27600132914767
7.1386296642997,1.25921200965643
7.1389296642997,1.25302527077271
7.1392296642997,1.25956476055221
7.1395296642997,1.2546869849953
7.1398296642997,1.24975924061399
7.1401296642997,1.24581483594613
7.1404296642997,1.2407618610156
7.1407296642997,1.23378790072568
7.14102966429969,1.22522675142011
7.14132966429969,1.21545101213759
7.14162966429969,1.20489489394994
7.14192966429969,1.19412296310232
7.14222966429969,1.18371637204067
7.14252966429969,1.17419207346667
7.14282966429969,1.1657042330971
7.14312966429969,1.15827971459267
7.14342966429969,1.15191785611988
7.14372966429969,1.1461195890976
7.14402966429969,1.13995111087397
7.14432966429969,1.1324677532622
7.14462966429969,1.12335014256747
7.14492966429969,1.11360186698642
7.14522966429969,1.10439484644344
7.14552966429968,1.09665048984825
7.14582966429968,1.08987459088067
7.14612966429968,1.08307620343421
7.14642966429968,1.07531861672874
7.14672966429968,1.06666191560517
7.14702966429968,1.05803563745534
7.14732966429968,1.05039438628053
7.14762966429968,1.04400402818209
7.14792966429968,1.0376732374795
7.14822966429968,1.03002527755039
7.14852966429968,1.01994605908222
7.14882966429968,1.00780568910551
7.14912966429968,0.994495079569218
7.14942966429968,0.980897675756826
7.14972966429967,0.967750765177436
7.15002966429967,0.955664149577694
7.15032966429967,0.945241206323876
7.15062966429967,0.936723334235862
7.15092966429967,0.929586078877763
7.15122966429967,0.923207539770378
7.15152966429967,0.916984846466741
7.15182966429967,0.910422665521795
7.15212966429967,0.903063398255006
7.15242966429967,0.894492326856591
7.15272966429967,0.88507435024297
7.15302966429967,0.875854386119892
7.15332966429967,0.867896936640527
7.15362966429967,0.861724336132461
7.15392966429966,0.856711831620556
7.15422966429966,0.85208871642621
7.15452966429966,0.847246485156421
7.15482966429966,0.842493217305872
7.15512966429966,0.838458622266776
7.15542966429966,0.835733622775185
7.15572966429966,0.834196941677955
7.15602966429966,0.833106087204346
7.15632966429966,0.831700256504069
7.15662966429966,0.829643164612364
7.15692966429966,0.827496696934082
7.15722966429966,0.82593702075261
7.15752966429966,0.825433497221449
7.15782966429966,0.825286844639963
7.15812966429966,0.824387704197914
7.15842966429965,0.821702806417883
7.15872966429965,0.817591674355587
7.15902966429965,0.813628690959372
7.15932966429965,0.811423629566758
7.15962966429965,0.81168547910727
7.15992966429965,0.813217401000457
7.16022966429965,0.814580061972894
7.16052966429965,0.814688053963555
7.16082966429965,0.814455968479264
7.16112966429965,0.81550019744359
7.16142966429965,0.819330639945734
7.16172966429965,0.825505352408592
7.16202966429965,0.83187990124615
7.16232966429965,0.836259925370641
7.16262966429964,0.837657524974345
7.16292966429964,0.837637361191981
7.16322966429964,0.838088879263245
7.16352966429964,0.840578255203969
7.16382966429964,0.844844899698111
7.16412966429964,0.849987210955483
7.16442966429964,0.855140703903765
7.16472966429964,0.860129005421223
7.16502966429964,0.865375946358071
7.16532966429964,0.87132432412822
7.16562966429964,0.878221474670437
7.16592966429964,0.885901187848299
7.16622966429964,0.894144634530209
7.16652966429964,0.902694575480832
7.16682966429963,0.911076719420503
7.16712966429963,0.918740611445503
7.16742966429963,0.925183927966724
7.16772966429963,0.930781759055831
7.16802966429963,0.936674516711872
7.16832966429963,0.944023422810997
7.16862966429963,0.953172150085123
7.16892966429963,0.962734648108962
7.16922966429963,0.971104779023376
7.16952966429963,0.977024929503953
7.16982966429963,0.981206967050381
7.17012966429963,0.985053850543379
7.17042966429963,0.989921050117432
7.17072966429963,0.996286181920088
7.17102966429962,1.00386115609804
7.17132966429962,1.01233126108249
7.17162966429962,1.02122268867073
7.17192966429962,1.02972502321106
7.17222966429962,1.03698501961435
7.17252966429962,1.04231443476929
7.17282966429962,1.04595743691261
7.17312966429962,1.04848537768813
7.17342966429962,1.05046177664344
7.17372966429962,1.05230116593446
7.17402966429962,1.05428812382777
7.17432966429962,1.0567020253534
7.17462966429962,1.05967986809374
7.17492966429962,1.06305741566873
7.17522966429962,1.06663210313138
7.17552966429961,1.07016827243444
7.17582966429961,1.07324325939513
7.17612966429961,1.07536877932452
7.17642966429961,1.07610195645071
7.17672966429961,1.07582757746351
7.17702966429961,1.07565235561799
7.17732966429961,1.0767022741682
7.17762966429961,1.07927150812233
7.17792966429961,1.08189434074907
7.17822966429961,1.08288112927715
7.17852966429961,1.08097995433233
7.17882966429961,1.07741243211982
7.17912966429961,1.07426814318293
7.17942966429961,1.07351957792777
7.1797296642996,1.0749912517929
7.1800296642996,1.0766341142855
7.1803296642996,1.07634397978909
7.1806296642996,1.07331225214225
7.1809296642996,1.06947146836093
7.1812296642996,1.06710294322034
7.1815296642996,1.06794917298002
7.1818296642996,1.07070783888944
7.1821296642996,1.07300819574526
7.1824296642996,1.07260758594561
7.1827296642996,1.06961541822263
7.1830296642996,1.06619268543699
7.1833296642996,1.06456209282806
7.1836296642996,1.06575309033087
7.18392966429959,1.06827050737589
7.18422966429959,1.0702979443887
7.18452966429959,1.07031793798347
7.18482966429959,1.06850228631142
7.18512966429959,1.06561554987753
7.18542966429959,1.06242328011307
7.18572966429959,1.05969736504121
7.18602966429959,1.05821521976198
7.18632966429959,1.0587496735379
7.18662966429959,1.06127000547425
7.18692966429959,1.06404538976479
7.18722966429959,1.06512868175143
7.18752966429959,1.06309483698975
7.18782966429959,1.05946915242346
7.18812966429959,1.05681220062847
7.18842966429958,1.05753790640107
7.18872966429958,1.06137101763209
7.18902966429958,1.06569065420891
7.18932966429958,1.06780617161838
7.18962966429958,1.06652474624132
7.18992966429958,1.06382255720912
7.19022966429958,1.06207900290866
7.19052966429958,1.06314091720022
7.19082966429958,1.065845659664
7.19112966429958,1.06797456449936
7.19142966429958,1.06744567504186
7.19172966429958,1.06468575401144
7.19202966429958,1.06230978849852
7.19232966429958,1.0629959552946
7.19262966429957,1.06770628202993
7.19292966429957,1.07377186727327
7.19322966429957,1.07806181551255
7.19352966429957,1.07811414381824
7.19382966429957,1.07524683415228
7.19412966429957,1.07210425923226
7.19442966429957,1.07121408253879
7.19472966429957,1.07295387847876
7.19502966429957,1.07582581150316
7.19532966429957,1.07827230995901
7.19562966429957,1.07926692083585
7.19592966429957,1.078906901205
7.19622966429957,1.07743248735812
7.19652966429957,1.07515878277689
7.19682966429956,1.07282395870568
7.19712966429956,1.07131464098716
7.19742966429956,1.07145321456173
7.19772966429956,1.07289005623045
7.19802966429956,1.07425326155045
7.19832966429956,1.07414133950833
7.19862966429956,1.07194342470099
7.19892966429956,1.06872141162877
7.19922966429956,1.06575003430532
7.19952966429956,1.0640795040533
7.19982966429956,1.06349127464528
7.20012966429956,1.06332159246857
7.20042966429956,1.0629233844007
7.20072966429956,1.06196191982851
7.20102966429956,1.06037490813159
7.20132966429955,1.05811055157645
7.20162966429955,1.05534558294184
7.20192966429955,1.05274024663655
7.20222966429955,1.05101630837907
7.20252966429955,1.05068162772808
7.20282966429955,1.0510352997561
7.20312966429955,1.05095226373351
7.20342966429955,1.04935786647241
7.20372966429955,1.04610315876542
7.20402966429955,1.0418466344468
7.20432966429955,1.0372731682036
7.20462966429955,1.03295044831476
7.20492966429955,1.02919822683995
7.20522966429955,1.02630470879843
7.20552966429954,1.0244729886526
7.20582966429954,1.02342520875654
7.20612966429954,1.02271474523264
7.20642966429954,1.02191317800281
7.20672966429954,1.02092669636862
7.20702966429954,1.01995335184783
7.20732966429954,1.01919907259454
7.20762966429954,1.01854800451072
7.20792966429954,1.01720348523437
7.20822966429954,1.01428222735993
7.20852966429954,1.00915260524135
7.20882966429954,1.00260511122048
7.20912966429954,0.995929259245798
7.20942966429954,0.990375412738913
7.20972966429953,0.986471613014691
7.21002966429953,0.984115857690106
7.21032966429953,0.983183937266821
7.21062966429953,0.983351154910367
7.21092966429953,0.983858672172583
7.21122966429953,0.983890897072602
7.21152966429953,0.982806279926126
7.21182966429953,0.981025589493742
7.21212966429953,0.979370333308077
7.21242966429953,0.978625868450218
7.21272966429953,0.978770221497565
7.21302966429953,0.978996285380634
7.21332966429953,0.978465615321063
7.21362966429953,0.97675379978899
7.21392966429952,0.974468791685186
7.21422966429952,0.972376776734248
7.21452966429952,0.97112058183758
7.21482966429952,0.970461980915447
7.21512966429952,0.969779538275145
7.21542966429952,0.968470174012287
7.21572966429952,0.966486271246062
7.21602966429952,0.964395694259668
7.21632966429952,0.962798064953914
7.21662966429952,0.962079300480308
7.21692966429952,0.962009834298722
7.21722966429952,0.962249964543036
7.21752966429952,0.962480007897587
7.21782966429952,0.962548440946308
7.21812966429952,0.962387815204863
7.21842966429951,0.961932067927359
7.21872966429951,0.961142986069234
7.21902966429951,0.960017532083937
7.21932966429951,0.958554946406876
7.21962966429951,0.956889547267896
7.21992966429951,0.955606340358596
7.22022966429951,0.955384212775134
7.22052966429951,0.956819182702202
7.22082966429951,0.959682981616365
7.22112966429951,0.96327490033763
7.22142966429951,0.966891752628703
7.22172966429951,0.969985063220935
7.22202966429951,0.972229322084526
7.22232966429951,0.973316357953196
7.2226296642995,0.973105525718843
7.2229296642995,0.972105144952732
7.2232296642995,0.970980657105316
7.2235296642995,0.970355998402718
7.2238296642995,0.970361983586941
7.2241296642995,0.970806166430948
7.2244296642995,0.971488622021834
7.2247296642995,0.972077476600084
7.2250296642995,0.972023539759926
7.2253296642995,0.970757347275633
7.2256296642995,0.967950390749513
7.2259296642995,0.964358747744796
7.2262296642995,0.961043522355597
7.2265296642995,0.959001684136775
7.22682966429949,0.958309792765673
7.22712966429949,0.958355538782872
7.22742966429949,0.958511511803221
7.22772966429949,0.958316097242935
7.22802966429949,0.957620385789327
7.22832966429949,0.95631013187106
7.22862966429949,0.954353353121558
7.22892966429949,0.952148758060153
7.22922966429949,0.95023553006517
7.22952966429949,0.94913314591619
7.22982966429949,0.949013536621715
7.23012966429949,0.949752024120285
7.23042966429949,0.95121361808392
7.23072966429949,0.953115528535363
7.23102966429949,0.954854915465739
7.23132966429948,0.955787100052818
7.23162966429948,0.955455848111874
7.23192966429948,0.954555152835703
7.23222966429948,0.95421290810786
7.23252966429948,0.9555043310616
7.23282966429948,0.958334282278264
7.23312966429948,0.961469443732111
7.23342966429948,0.963630724805235
7.23372966429948,0.964011158764115
7.23402966429948,0.962980988452176
7.23432966429948,0.961090890278902
7.23462966429948,0.958873615245462
7.23492966429948,0.956733887560704
7.23522966429948,0.955020746816765
7.23552966429947,0.954066985829792
7.23582966429947,0.953758876838863
7.23612966429947,0.953487924667462
7.23642966429947,0.952620306155531
7.23672966429947,0.950896315788846
7.23702966429947,0.949133731406356
7.23732966429947,0.948343136898615
7.23762966429947,0.949397124426022
7.23792966429947,0.952009127520389
7.23822966429947,0.955313034989469
7.23852966429947,0.958441690163316
7.23882966429947,0.96064669892385
7.23912966429947,0.961329669907409
7.23942966429947,0.959901910083935
7.23972966429946,0.956265837346789
7.24002966429946,0.951962462642637
7.24032966429946,0.948874127508566
7.24062966429946,0.948685737872665
7.24092966429946,0.951118332328189
7.24122966429946,0.954767357166218
7.24152966429946,0.958226455265988
7.24182966429946,0.960661503548103
7.24212966429946,0.962063067065408
7.24242966429946,0.962485841669101
7.24272966429946,0.962096771020729
7.24302966429946,0.961497625587892
7.24332966429946,0.961395452453531
7.24362966429946,0.962421875810774
7.24392966429946,0.964312424289314
7.24422966429945,0.966215199830608
7.24452966429945,0.967276651003121
7.24482966429945,0.967251928905973
7.24512966429945,0.966898703386904
7.24542966429945,0.967068170882509
7.24572966429945,0.96838377234669
7.24602966429945,0.970443779924701
7.24632966429945,0.972558149577853
7.24662966429945,0.974077177892643
7.24692966429945,0.974930174184774
7.24722966429945,0.975479802527264
7.24752966429945,0.976099032364525
7.24782966429945,0.977144432097599
7.24812966429945,0.978941636336255
7.24842966429944,0.981812850643679
7.24872966429944,0.985849395634821
7.24902966429944,0.989933788508414
7.24932966429944,0.992554281120977
7.24962966429944,0.992316973902022
7.24992966429944,0.989902019957983
7.25022966429944,0.987759649567844
7.25052966429944,0.988388722571416
7.25082966429944,0.992771880950055
7.25112966429944,0.998608500614274
7.25142966429944,1.00316874971692
7.25172966429944,1.0042663996061
7.25202966429944,1.00303326392748
7.25232966429944,1.00185282262651
7.25262966429943,1.00301697514971
7.25292966429943,1.00676286638023
7.25322966429943,1.0113293803431
7.25352966429943,1.01487493431454
7.25382966429943,1.01634753909444
7.25412966429943,1.01666400453985
7.25442966429943,1.01704290277836
7.25472966429943,1.01851474446707
7.25502966429943,1.02076686824566
7.25532966429943,1.02290240676348
7.25562966429943,1.02404317358469
7.25592966429943,1.02389847645264
7.25622966429943,1.02282859641794
7.25652966429943,1.02122770315088
7.25682966429942,1.01956553014053
7.25712966429942,1.01852943962923
7.25742966429942,1.01884573658684
7.25772966429942,1.02101359918035
7.25802966429942,1.02362429418822
7.25832966429942,1.02431518962784
7.25862966429942,1.02081391695305
7.25892966429942,1.01440362479937
7.25922966429942,1.01085824919676
7.25952966429942,1.01623809896314
7.25982966429942,1.03009206842385
7.26012966429942,1.03024369811789
7.26042966429942,1.00824927735845
7.26072966429942,1.02751930280475
7.26102966429942,1.02446222748482
7.26132966429941,1.02886820568328
7.26162966429941,1.01530250662366
7.26192966429941,1.00583367225377
7.26222966429941,1.02951935706447
7.26252966429941,1.02757195791683
7.26282966429941,1.02198582864295
7.26312966429941,1.0310877588291
7.26342966429941,1.04211924266505
7.26372966429941,1.051880068067
7.26402966429941,1.04647910775367
7.26432966429941,1.02902467235117
7.26462966429941,1.02523193294722
7.26492966429941,1.02366463666361
7.26522966429941,1.02382852717716
7.2655296642994,1.03064604197552
7.2658296642994,1.01959982764937
7.2661296642994,1.01138149180318
7.2664296642994,0.998692135764933
7.2667296642994,1.01020429574802
7.2670296642994,1.0186090192931
7.2673296642994,1.0097745683904
7.2676296642994,1.01333262933254
7.2679296642994,1.01584491419523
7.2682296642994,1.02018580323354
7.2685296642994,1.01811905329051
7.2688296642994,1.00346341954435
7.2691296642994,0.999037439785065
7.2694296642994,1.01281276739722
7.26972966429939,1.02257262523071
7.27002966429939,1.02228359915095
7.27032966429939,1.02119624155154
7.27062966429939,1.0198291713245
7.27092966429939,1.01838881174343
7.27122966429939,1.01708158608193
7.27152966429939,1.0161139176136
7.27182966429939,1.01567348785255
7.27212966429939,1.01576788393722
7.27242966429939,1.01630424184689
7.27272966429939,1.01718860699542
7.27302966429939,1.01832702479665
7.27332966429939,1.01962554066442
7.27362966429939,1.02099020001259
7.27392966429939,1.02232704825499
7.27422966429938,1.02354213080547
7.27452966429938,1.02454149307788
7.27482966429938,1.0252311853184
7.27512966429938,1.02554738310059
7.27542966429938,1.02552774800021
7.27572966429938,1.02523128980205
7.27602966429938,1.02471701829091
7.27632966429938,1.02404394325155
7.27662966429938,1.02327107446878
7.27692966429938,1.02245742172737
7.27722966429938,1.02166199481212
7.27752966429938,1.0209438035078
7.27782966429938,1.0203618575992
7.27812966429938,1.01997409784131
7.27842966429937,1.01979543836643
7.27872966429937,1.0197840357409
7.27902966429937,1.01989416510385
7.27932966429937,1.02008010159439
7.27962966429937,1.02029612035164
7.27992966429937,1.02049649651474
7.28022966429937,1.02063550522279
7.28052966429937,1.02066742161493
7.28082966429937,1.02054652083027
7.28112966429937,1.02022707800793
7.28142966429937,1.01966910727209
7.28172966429937,1.01888588884831
7.28202966429937,1.01791960125129
7.28232966429937,1.01681270942963
7.28262966429936,1.01560767833193
7.28292966429936,1.0143469729068
7.28322966429936,1.01307305810282
7.28352966429936,1.0118283988686
7.28382966429936,1.01065546015275
7.28412966429936,1.00959670690385
7.28442966429936,1.00869460074594
7.28472966429936,1.00797853380944
7.28502966429936,1.00743517948689
7.28532966429936,1.00704249711262
7.28562966429936,1.00677844602094
7.28592966429936,1.00662098554616
7.28622966429936,1.00654807502261
7.28652966429936,1.0065376737846
7.28682966429936,1.00656774116644
7.28712966429935,1.00661623650246
7.28742966429935,1.00666111912697
7.28772966429935,1.00668055718023
7.28802966429935,1.00666063133333
7.28832966429935,1.0065975839796
7.28862966429935,1.00648832500114
7.28892966429935,1.00632976428004
7.28922966429935,1.00611881169839
7.28952966429935,1.00585237713829
7.28982966429935,1.00552737048183
7.29012966429935,1.00514070161111
7.29042966429935,1.00468928040821
7.29072966429935,1.00417001675525
7.29102966429935,1.00358031683923
7.29132966429934,1.00292203758042
7.29162966429934,1.00219938431205
7.29192966429934,1.001416583535
7.29222966429934,1.00057786175014
7.29252966429934,0.99968744545836
7.29282966429934,0.99874956116053
7.29312966429934,0.997768435357533
7.29342966429934,0.996748294550249
7.29372966429934,0.995693365239556
7.29402966429934,0.994607874847676
7.29432966429934,0.993498496425716
7.29462966429934,0.992379659765911
7.29492966429934,0.991267328912121
7.29522966429934,0.990177467908208
7.29552966429933,0.989126040798031
7.29582966429933,0.988129011625452
7.29612966429933,0.987202344434332
7.29642966429933,0.986362003268531
7.29672966429933,0.98562395217191
7.29702966429933,0.985004155188331
7.29732966429933,0.984518113296034
7.29762966429933,0.984164780019214
7.29792966429933,0.983922418531172
7.29822966429933,0.983767987371513
7.29852966429933,0.983678445079842
7.29882966429933,0.983630750195767
7.29912966429933,0.983601861258892
7.29942966429933,0.983568736808825
7.29972966429933,0.98350833538517
7.30002966429932,0.983397615527534
7.30032966429932,0.983213535775523
7.30062966429932,0.982935360313673
7.30092966429932,0.982562337065291
7.30122966429932,0.98210396799269
7.30152966429932,0.981569838749763
7.30182966429932,0.980969534990405
7.30212966429932,0.98031264236851
7.30242966429932,0.979608746537972
7.30272966429932,0.978867433152686
7.30302966429932,0.978098287866546
7.30332966429932,0.977310896333445
7.30362966429932,0.976514844074771
7.30392966429932,0.975719466584657
7.30422966429931,0.974933329779791
7.30452966429931,0.974164851989682
7.30482966429931,0.973422451543837
7.30512966429931,0.972714546771765
7.30542966429931,0.972049556002972
7.30572966429931,0.971435897566968
7.30602966429931,0.97088198979326
7.30632966429931,0.970396251011356
7.30662966429931,0.969987099550763
7.30692966429931,0.969662769157118
7.30722966429931,0.969425264110884
7.30752966429931,0.969269004846121
7.30782966429931,0.969187953046144
7.30812966429931,0.969176070394268
7.3084296642993,0.969227318573806
7.3087296642993,0.969335659268074
7.3090296642993,0.969495054160387
7.3093296642993,0.969699464934058
7.3096296642993,0.969942853272403
7.3099296642993,0.970219180858736
7.3102296642993,0.970521389164434
7.3105296642993,0.970833870892741
7.3108296642993,0.971136753451134
7.3111296642993,0.971410132870907
7.3114296642993,0.971634105183355
7.3117296642993,0.971788766419768
7.3120296642993,0.971854212611442
7.3123296642993,0.97181053978967
7.31262966429929,0.971637843985744
7.31292966429929,0.971316221230959
7.31322966429929,0.970825780471046
7.31352966429929,0.970164660245864
7.31382966429929,0.96938486042294
7.31412966429929,0.968548394956611
7.31442966429929,0.967717277801215
7.31472966429929,0.96695352291109
7.31502966429929,0.966319144240574
7.31532966429929,0.965876155744004
7.31562966429929,0.965686571375718
7.31592966429929,0.965812405090055
7.31622966429929,0.966315670841351
7.31652966429929,0.96725631576997
7.31682966429929,0.968628317521156
7.31712966429928,0.970347455082544
7.31742966429928,0.972324972600245
7.31772966429928,0.974472114220368
7.31802966429928,0.976700124089021
7.31832966429928,0.978920246352315
7.31862966429928,0.981043725156358
7.31892966429928,0.982981804647261
7.31922966429928,0.984645728971131
7.31952966429928,0.985946742274079
7.31982966429928,0.986806965084448
7.32012966429928,0.987236652723955
7.32042966429928,0.98728881394753
7.32072966429928,0.987016739525554
7.32102966429928,0.986473720228409
7.32132966429927,0.985713046826476
7.32162966429927,0.984788010090136
7.32192966429927,0.98375190078977
7.32222966429927,0.98265800969576
7.32252966429927,0.981559627578487
7.32282966429927,0.980510033862597
7.32312966429927,0.979550406914283
7.32342966429927,0.9786868343499
7.32372966429927,0.97791907938903
7.32402966429927,0.977246905251255
7.32432966429927,0.976670075156155
7.32462966429927,0.97618835232331
7.32492966429927,0.975801499972304
7.32522966429927,0.975509281322715
7.32552966429926,0.975311459594126
7.32582966429926,0.975207798006117
7.32612966429926,0.975197987843101
7.32642966429926,0.975279545932226
7.32672966429926,0.975447479309362
7.32702966429926,0.975696655575663
7.32732966429926,0.97602194233228
7.32762966429926,0.976418207180364
7.32792966429926,0.976880317721067
7.32822966429926,0.977403141555542
7.32852966429926,0.97798154628494
7.32882966429926,0.978610399510412
7.32912966429926,0.979284568833111
7.32942966429926,0.979998236432266
7.32972966429926,0.980740211876359
7.33002966429925,0.981496771144734
7.33032966429925,0.982254175314181
7.33062966429925,0.982998685461487
7.33092966429925,0.983716562663442
7.33122966429925,0.984394067996835
7.33152966429925,0.985017462538455
7.33182966429925,0.98557300736509
7.33212966429925,0.98604696355353
7.33242966429925,0.986425600115552
7.33272966429925,0.986701823464728
7.33302966429925,0.986887225282881
7.33332966429925,0.986996661380522
7.33362966429925,0.987044987568162
7.33392966429925,0.987047059656312
7.33422966429924,0.987017733455482
7.33452966429924,0.986971864776181
7.33482966429924,0.986924309428922
7.33512966429924,0.986889923224215
7.33542966429924,0.986883561972569
7.33572966429924,0.986919546262317
7.33602966429924,0.98699685533093
7.33632966429924,0.987097226239504
7.33662966429924,0.987201479035126
7.33692966429924,0.987290433764885
7.33722966429924,0.987344910475871
7.33752966429924,0.987345729215172
7.33782966429924,0.987273710029877
7.33812966429924,0.987109672967073
7.33842966429923,0.986834438073851
7.33872966429923,0.986428825397298
7.33902966429923,0.985877559130657
7.33932966429923,0.985194972651663
7.33962966429923,0.98440897160543
7.33992966429923,0.983547532386847
7.34022966429923,0.982638631390805
7.34052966429923,0.981710245012193
7.34082966429923,0.980790349645901
7.34112966429923,0.97990692168682
7.34142966429923,0.979087937529838
7.34172966429923,0.978361373569846
7.34202966429923,0.97775519644218
7.34232966429923,0.977290829180878
7.34262966429923,0.976971809158634
7.34292966429922,0.976798645727618
7.34322966429922,0.976771848240001
7.34352966429922,0.976891926047955
7.34382966429922,0.97715938850365
7.34412966429922,0.977574744959259
7.34442966429922,0.978138504766951
7.34472966429922,0.978851177278898
7.34502966429922,0.979713271847271
7.34532966429922,0.980724726235462
7.34562966429922,0.981869923700751
7.34592966429922,0.983116224521715
7.34622966429922,0.984430122944137
7.34652966429922,0.9857781132138
7.34682966429922,0.987126689576489
7.34712966429921,0.988442346277987
7.34742966429921,0.989691577564077
7.34772966429921,0.990840877680544
7.34802966429921,0.99185674087317
7.34832966429921,0.99270566138774
7.34862966429921,0.993359404747026
7.34892966429921,0.993828425855466
7.34922966429921,0.994140415744362
7.34952966429921,0.994323144531548
7.34982966429921,0.994404382334861
7.35012966429921,0.994411899272133
7.35042966429921,0.994373465461201
7.35072966429921,0.994316851019898
7.35102966429921,0.99426982606606
7.3513296642992,0.994260160717522
7.3516296642992,0.9943156082268
7.3519296642992,0.994454689330274
7.3522296642992,0.994671419970063
7.3525296642992,0.994955796050145
7.3528296642992,0.995297813474501
7.3531296642992,0.995687468147109
7.3534296642992,0.996114755971949
7.3537296642992,0.996569672853001
7.3540296642992,0.997042214694243
7.3543296642992,0.997522377399655
7.3546296642992,0.998000156873217
7.3549296642992,0.998465434498891
7.3552296642992,0.998905129605759
7.35552966429919,0.999303004844703
7.35582966429919,0.999642669372509
7.35612966429919,0.999907732345962
7.35642966429919,1.00008180292185
7.35672966429919,1.00014849025695
7.35702966429919,1.00009140350805
7.35732966429919,0.999894151831935
7.35762966429919,0.999540344385392
7.35792966429919,0.999013590325206
7.35822966429919,0.998302028347608
7.35852966429919,0.997425978356956
7.35882966429919,0.996419692401006
7.35912966429919,0.995317478372501
7.35942966429919,0.994153644164184
7.35972966429919,0.992962497668798
7.36002966429918,0.991778346779084
7.36032966429918,0.990635499387785
7.36062966429918,0.989568263387644
7.36092966429918,0.988610946671404
7.36122966429918,0.987797834134034
7.36152966429918,0.98715276837299
7.36182966429918,0.986672675011447
7.36212966429918,0.986350201433668
7.36242966429918,0.986177995023916
7.36272966429918,0.986148703166454
7.36302966429918,0.986254973245546
7.36332966429918,0.986489452645456
7.36362966429918,0.986844788750446
7.36392966429918,0.987313628944781
7.36422966429917,0.987888620612723
7.36452966429917,0.988562069428954
7.36482966429917,0.989317871398851
7.36512966429917,0.99013119524662
7.36542966429917,0.990976804437148
7.36572966429917,0.991829462435318
7.36602966429917,0.992663932706015
7.36632966429917,0.993454978714124
7.36662966429917,0.994177363924528
7.36692966429917,0.994805851802114
7.36722966429917,0.995315205811764
7.36752966429917,0.995680189418365
7.36782966429917,0.995880385443639
7.36812966429917,0.995928528030517
7.36842966429916,0.99585129665958
7.36872966429916,0.995675419231736
7.36902966429916,0.995427623647892
7.36932966429916,0.995134637808955
7.36962966429916,0.994823189615833
7.36992966429916,0.994520006969434
7.37022966429916,0.994251817770664
7.37052966429916,0.994045349920432
7.37082966429916,0.993927300123632
7.37112966429916,0.99391245506179
7.37142966429916,0.993985782039455
7.37172966429916,0.994127657160344
7.37202966429916,0.994318456528172
7.37232966429916,0.994538556246655
7.37262966429916,0.994768332419509
7.37292966429915,0.994988161150451
7.37322966429915,0.995178418543195
7.37352966429915,0.995319480701458
7.37382966429915,0.995391723728956
7.37412966429915,0.995376447945956
7.37442966429915,0.995276618378929
7.37472966429915,0.995117093725231
7.37502966429915,0.994923702693293
7.37532966429915,0.994722273991544
7.37562966429915,0.994538636328415
7.37592966429915,0.994398618412336
7.37622966429915,0.994328048951739
7.37652966429915,0.994352756655053
7.37682966429915,0.994498570230708
7.37712966429914,0.994791318387135
7.37742966429914,0.995251817727614
7.37772966429914,0.995867497580384
7.37802966429914,0.996612142511174
7.37832966429914,0.997459496434499
7.37862966429914,0.998383303264876
7.37892966429914,0.999357306916818
7.37922966429914,1.00035525130484
7.37952966429914,1.00135088034346
7.37982966429914,1.0023179379472
7.38012966429914,1.00323016803056
7.38042966429914,1.0040613335856
7.38072966429914,1.00479139490641
7.38102966429914,1.00541538532885
7.38132966429913,1.00593058590558
7.38162966429913,1.00633427768922
7.38192966429913,1.00662374173244
7.38222966429913,1.00679625908786
7.38252966429913,1.00684911080814
7.38282966429913,1.00677957794592
7.38312966429913,1.00658494155384
7.38342966429913,1.00626248268455
7.38372966429913,1.0058100277779
7.38402966429913,1.00523759222578
7.38432966429913,1.00456718637726
7.38462966429913,1.00382132716649
7.38492966429913,1.00302253152764
7.38522966429913,1.00219331639487
7.38552966429913,1.00135619870234
7.38582966429912,1.00053369538422
7.38612966429912,0.999748323374663
7.38642966429912,0.999022599607836
7.38672966429912,0.9983790410179
7.38702966429912,0.997837104782549
7.38732966429912,0.997396506728027
7.38762966429912,0.997049125453645
7.38792966429912,0.996786819738114
7.38822966429912,0.996601448360144
7.38852966429912,0.996484870098445
7.38882966429912,0.996428943731728
7.38912966429912,0.9964255280387
7.38942966429912,0.996466481798074
7.38972966429912,0.996543663788559
7.39002966429911,0.996648947239033
7.39032966429911,0.996778241482037
7.39062966429911,0.996936993228831
7.39092966429911,0.997132026404539
7.39122966429911,0.997370164934286
7.39152966429911,0.997658232743195
7.39182966429911,0.998003053756389
7.39212966429911,0.998411451898993
7.39242966429911,0.998890251096131
7.39272966429911,0.999446275272926
7.39302966429911,1.0000863483545
7.39332966429911,1.000816822095
7.39362966429911,1.00163397783504
7.39392966429911,1.00252444652365
7.3942296642991,1.00347447099102
7.3945296642991,1.00447029406736
7.3948296642991,1.00549815858288
7.3951296642991,1.00654430736779
7.3954296642991,1.0075949832523
7.3957296642991,1.00863642906661
7.3960296642991,1.00965488764093
7.3963296642991,1.01063660180547
7.3966296642991,1.0115687362196
7.3969296642991,1.01244421716203
7.3972296642991,1.0132581925535
7.3975296642991,1.01400581502637
7.3978296642991,1.01468223721297
7.3981296642991,1.01528261174563
7.39842966429909,1.01580209125671
7.39872966429909,1.01623582837853
7.39902966429909,1.01657897574343
7.39932966429909,1.01682668598377
7.39962966429909,1.01697414250032
7.39992966429909,1.01702398676984
7.40022966429909,1.0169959847595
7.40052966429909,1.01691229649608
7.40082966429909,1.01679508200636
7.40112966429909,1.01666650131712
7.40142966429909,1.01654871445513
7.40172966429909,1.01646388144716
7.40202966429909,1.01643416232001
7.40232966429909,1.01648171710045
7.40262966429909,1.01662870581525
7.40292966429908,1.01689607808539
7.40322966429908,1.01728012596513
7.40352966429908,1.01775413186853
7.40382966429908,1.01829049788353
7.40412966429908,1.01886162609808
7.40442966429908,1.01943991860014
7.40472966429908,1.01999777747764
7.40502966429908,1.02050760481854
7.40532966429908,1.02094180271079
7.40562966429908,1.02127277324235
7.40592966429908,1.02147291850116
7.40622966429908,1.02151894147521
7.40652966429908,1.02141359032436
7.40682966429908,1.02116936634223
7.40712966429907,1.02079878792572
7.40742966429907,1.02031437347173
7.40772966429907,1.01972864137714
7.40802966429907,1.01905411003883
7.40832966429907,1.01830329785372
7.40862966429907,1.01748872321867
7.40892966429907,1.0166229045306
7.40922966429907,1.01571835639414
7.40952966429907,1.01478678908466
7.40982966429907,1.01383811812812
7.41012966429907,1.01288201618052
7.41042966429907,1.01192815589789
7.41072966429907,1.01098620993623
7.41102966429907,1.01006585095156
7.41132966429906,1.0091767515999
7.41162966429906,1.00832858453724
7.41192966429906,1.00753102241961
7.41222966429906,1.00679373790302
7.41252966429906,1.00612640364348
7.41282966429906,1.005538692297
7.41312966429906,1.0050402765196
7.41342966429906,1.00464082896729
7.41372966429906,1.00435002229608
7.41402966429906,1.00417752916198
7.41432966429906,1.00413302222101
7.41462966429906,1.00422617412919
7.41492966429906,1.00446665754251
7.41522966429906,1.004864145117
7.41552966429906,1.00542830950866
