#%Name: Vesuvianite
#%formula: Ca10(Mg, Fe)2Al4(SiO4)5(Si2O7)2(OH,F)4
#%Mineral class: silicates
#%Xtal system: tetragonal
#%Edge: K
#%Sample prep: powder on kapton tape
#%Beamline: ALS 10.3.2, HxV slits = 200x20 um
#%Det:  I0=N2, 7 elts SDD Canberra-Mirion
#%Ref/notes:  Chemplex standard, average of several qxas scans
#%Temp: Room temp (26 degC)
#%Time&date: 8:37 PM 4/29/2023. Sirine C. Fakra
#%============================================================
7.01178841052,-1.81625590301175e-05
7.01208841052,-1.25025253003506e-05
7.01238841052,-2.71166953476522e-05
7.01268841052,-5.10831992645516e-05
7.01298841052,-7.34801671435777e-05
7.01328841052,-8.34223683987953e-05
7.01358841052,-7.47625192005233e-05
7.01388841051999,-4.89440136804884e-05
7.01418841051999,-1.10011945214953e-05
7.01448841051999,3.6442724455175e-05
7.01478841051999,9.59708065881875e-05
7.01508841051999,0.000158646698110611
7.01538841051999,0.000207866266808106
7.01568841051999,0.000222236612901293
7.01598841051999,0.000202900770399119
7.01628841051999,0.000171531243969539
7.01658841051999,0.000154344471778693
7.01688841051999,0.000161342778664174
7.01718841051999,0.000170425086943311
7.01748841051999,0.000154341540503333
7.01778841051999,9.76452532538603e-05
7.01808841051998,2.32959708771346e-05
7.01838841051998,-3.28697519720489e-05
7.01868841051998,-4.28948444074816e-05
7.01898841051998,-1.66503964986766e-05
7.01928841051998,1.20668184610618e-05
7.01958841051998,1.16471251980369e-05
7.01988841051998,-2.2611764040488e-05
7.02018841051998,-6.58487378376311e-05
7.02048841051998,-9.44938673690555e-05
7.02078841051998,-9.62217642960121e-05
7.02108841051998,-8.28279471273482e-05
7.02138841051998,-5.96445324786487e-05
7.02168841051998,-3.04714871051415e-05
7.02198841051998,7.54698243260627e-06
7.02228841051997,4.11360340438275e-05
7.02258841051997,5.17973724720276e-05
7.02288841051997,2.9365414878043e-05
7.02318841051997,-1.78290362028142e-05
7.02348841051997,-6.48576761791887e-05
7.02378841051997,-9.72447082787609e-05
7.02408841051997,-0.00011317694547879
7.02438841051997,-0.000124814096255934
7.02468841051997,-0.000143065870053667
7.02498841051997,-0.000161224521938238
7.02528841051997,-0.000169941882024581
7.02558841051997,-0.000156063549873145
7.02588841051997,-0.000122730811031503
7.02618841051997,-8.67840873604766e-05
7.02648841051997,-6.49920663164383e-05
7.02678841051996,-7.11082133190421e-05
7.02708841051996,-8.57722601085259e-05
7.02738841051996,-8.06283372960504e-05
7.02768841051996,-2.60842160180503e-05
7.02798841051996,7.23726352930731e-05
7.02828841051996,0.000170616650360413
7.02858841051996,0.000220323267080132
7.02888841051996,0.000195490961372864
7.02918841051996,0.00012803538191195
7.02948841051996,6.48635595663955e-05
7.02978841051996,4.23469789483977e-05
7.03008841051996,5.02353094826845e-05
7.03038841051996,5.52065216450181e-05
7.03068841051996,2.94988428643282e-05
7.03098841051995,-2.07269842911487e-05
7.03128841051995,-6.45529164076109e-05
7.03158841051995,-7.43135054142495e-05
7.03188841051995,-4.8618136684456e-05
7.03218841051995,-2.17893215502002e-05
7.03248841051995,-2.5051473819916e-05
7.03278841051995,-7.54758054999595e-05
7.03308841051995,-0.000147467310734844
7.03338841051995,-0.000208210889727931
7.03368841051995,-0.00023028036887536
7.03398841051995,-0.000208782974885683
7.03428841051995,-0.000153333982309236
7.03458841051995,-7.39551783343225e-05
7.03488841051995,1.63131289496129e-05
7.03518841051994,9.44420652657591e-05
7.03548841051994,0.000134213164549767
7.03578841051994,0.000117405027082128
7.03608841051994,5.73023107852195e-05
7.03638841051994,-1.10213465157846e-05
7.03668841051994,-5.36784535059475e-05
7.03698841051994,-5.55031686489721e-05
7.03728841051994,-3.3110902937866e-05
7.03758841051994,-8.04555114728732e-06
7.03788841051994,-3.68949708942834e-06
7.03818841051994,-2.0254550723117e-05
7.03848841051994,-4.76177991293516e-05
7.03878841051994,-6.52362369217237e-05
7.03908841051994,-5.39454568173714e-05
7.03938841051994,-1.27623705997634e-05
7.03968841051993,4.89141867918252e-05
7.03998841051993,0.000100071101783408
7.04028841051993,0.000128996383582898
7.04058841051993,0.00012906345153063
7.04088841051993,0.00011998552682595
7.04118841051993,0.000108396038998746
7.04148841051993,9.48488561043372e-05
7.04178841051993,6.94947613262809e-05
7.04208841051993,2.91133643886912e-05
7.04238841051993,-1.02569144999901e-05
7.04268841051993,-3.2766119377868e-05
7.04298841051993,-2.63352593364099e-05
7.04328841051993,-4.06193093623776e-06
7.04358841051993,1.64692381622642e-05
7.04388841051992,1.59516735814693e-05
7.04418841051992,-7.29010727017904e-06
7.04448841051992,-4.28688659822893e-05
7.04478841051992,-7.27802862839245e-05
7.04508841051992,-8.33703234127765e-05
7.04538841051992,-7.60299585680433e-05
7.04568841051992,-5.86744782454141e-05
7.04598841051992,-4.14680221987849e-05
7.04628841051992,-2.633260328066e-05
7.04658841051992,-1.20397668678939e-05
7.04688841051992,1.56798964208873e-06
7.04718841051992,1.28245412704843e-05
7.04748841051992,2.39044198433225e-05
7.04778841051992,3.83151704919858e-05
7.04808841051991,6.5196340417559e-05
7.04838841051991,0.000102871037616092
7.04868841051991,0.000143927371578989
7.04898841051991,0.000168026510591857
7.04928841051991,0.000162906502143626
7.04958841051991,0.000125522817632762
7.04988841051991,7.30078198892488e-05
7.05018841051991,2.59275835122399e-05
7.05048841051991,-4.85510783413124e-06
7.05078841051991,-1.519609268585e-05
7.05108841051991,-1.96664146511937e-05
7.05138841051991,-2.44206370273981e-05
7.05168841051991,-4.483546289438e-05
7.05198841051991,-8.20179770946038e-05
7.05228841051991,-0.000119637257702776
7.0525884105199,-0.000129773709401814
7.0528884105199,-7.51434582365648e-05
7.0531884105199,3.48047582573053e-05
7.0534884105199,0.00016673810063737
7.0537884105199,0.000259419474254732
7.0540884105199,0.000280283219207273
7.0543884105199,0.000235603480446425
7.0546884105199,0.000160505789884402
7.0549884105199,9.60545316907156e-05
7.0552884105199,5.65698416693182e-05
7.0555884105199,3.15999331688222e-05
7.0558884105199,-8.4257249974547e-07
7.0561884105199,-4.998188843349e-05
7.0564884105199,-0.000104388656468435
7.05678841051989,-0.000143972944092088
7.05708841051989,-0.000161650932280303
7.05738841051989,-0.000164370401213807
7.05768841051989,-0.000169233579546523
7.05798841051989,-0.000182344194392503
7.05828841051989,-0.000202542088581981
7.05858841051989,-0.000217219506097707
7.05888841051989,-0.00021454796183801
7.05918841051989,-0.000189594139312179
7.05948841051989,-0.00014596692868437
7.05978841051989,-9.61887534684162e-05
7.06008841051989,-4.78156637619277e-05
7.06038841051989,-5.07038016034305e-06
7.06068841051989,3.3403542342468e-05
7.06098841051988,6.00462467345683e-05
7.06128841051988,5.88231751905767e-05
7.06158841051988,1.65481668606649e-05
7.06188841051988,-6.71719538213435e-05
7.06218841051988,-0.000155905712709102
7.06248841051988,-0.000216120349970038
7.06278841051988,-0.000215691273258963
7.06308841051988,-0.000171915272506183
7.06338841051988,-0.000118041137912796
7.06368841051988,-9.16984561887031e-05
7.06398841051988,-0.000103091779916918
7.06428841051988,-0.000126179402934273
7.06458841051988,-0.00013168826244561
7.06488841051988,-9.76519158240696e-05
7.06518841051988,-4.00268234002041e-05
7.06548841051987,1.95577348691171e-05
7.06578841051987,5.72766621576582e-05
7.06608841051987,7.31525203659595e-05
7.06638841051987,7.19879948515288e-05
7.06668841051987,6.62513355782486e-05
7.06698841051987,6.17554542371333e-05
7.06728841051987,6.47814107017973e-05
7.06758841051987,7.63239239864009e-05
7.06788841051987,8.99550220836568e-05
7.06818841051987,0.000100984268637571
7.06848841051987,0.000104186196484793
7.06878841051987,0.00010852504407221
7.06908841051987,0.000112996483074632
7.06938841051987,0.000113993425931029
7.06968841051986,9.80702037100291e-05
7.06998841051986,5.98081611672523e-05
7.07028841051986,1.17061209690562e-05
7.07058841051986,-3.06203611041351e-05
7.07088841051986,-5.01128228261237e-05
7.07118841051986,-5.10567859401041e-05
7.07148841051986,-3.90779374230577e-05
7.07178841051986,-2.41961669084695e-05
7.07208841051986,-1.06601675270391e-05
7.07238841051986,-2.91646494833804e-06
7.07268841051986,-3.25519091048063e-06
7.07298841051986,-7.745757443067e-06
7.07328841051986,-8.39142869503765e-06
7.07358841051986,4.02353486550218e-06
7.07388841051985,2.88356183343235e-05
7.07418841051985,5.9750872404925e-05
7.07448841051985,8.34764158040713e-05
7.07478841051985,9.30272112983222e-05
7.07508841051985,8.23488391725209e-05
7.07538841051985,5.78421175000934e-05
7.07568841051985,3.04037385684874e-05
7.07598841051985,1.80758840145338e-05
7.07628841051985,3.46242291543529e-05
7.07658841051985,7.8194690408081e-05
7.07688841051985,0.000134516631324969
7.07718841051985,0.000171761501516761
7.07748841051985,0.000170306102539935
7.07778841051985,0.000124781304431871
7.07808841051984,5.73901472141616e-05
7.07838841051984,-3.90118006113563e-06
7.07868841051984,-4.13681541915161e-05
7.07898841051984,-5.29374994039337e-05
7.07928841051984,-4.33850194334047e-05
7.07958841051984,-1.31630344816335e-05
7.07988841051984,3.62012608533593e-05
7.08018841051984,8.98877642901902e-05
7.08048841051984,0.000125742549479949
7.08078841051984,0.0001306728847206
7.08108841051984,0.000120149563055493
7.08138841051984,0.000125405878805863
7.08168841051984,0.000168999103608005
7.08198841051984,0.000234505120899707
7.08228841051984,0.000276584681051443
7.08258841051983,0.000246382089635733
7.08288841051983,0.000137919922072688
7.08318841051983,-5.95752907580895e-06
7.08348841051983,-0.000119241069628879
7.08378841051983,-0.000161900675618215
7.08408841051983,-0.000151428563573006
7.08438841051983,-0.000137869620118153
7.08468841051983,-0.00016441343234024
7.08498841051983,-0.000219041432760409
7.08528841051983,-0.000255387021651568
7.08558841051983,-0.000225526369115061
7.08588841051983,-0.000132683891035452
7.08618841051983,-3.1917059736189e-05
7.08648841051983,1.51404971563456e-05
7.08678841051982,-1.82632895984612e-05
7.08708841051982,-9.32057423435177e-05
7.08738841051982,-0.000149499355161294
7.08768841051982,-0.000140198057628061
7.08798841051982,-7.04097782240918e-05
7.08828841051982,1.38666301725253e-05
7.08858841051982,6.51457154933262e-05
7.08888841051982,6.40346236201986e-05
7.08918841051982,3.8412745190528e-05
7.08948841051982,2.91881417541003e-05
7.08978841051982,6.00171844453378e-05
7.09008841051982,0.000121110185399703
7.09038841051982,0.000183895287807539
7.09068841051982,0.000232372082303499
7.09098841051981,0.000274945376472573
7.09128841051981,0.000329244283627084
7.09158841051981,0.000410814046045294
7.09188841051981,0.000511338433226511
7.09218841051981,0.00060850486527616
7.09248841051981,0.000674594566577249
7.09278841051981,0.000690458332724847
7.09308841051981,0.000672009134909758
7.09338841051981,0.000660770084199769
7.09368841051981,0.000701458651830204
7.09398841051981,0.000804968473464782
7.09428841051981,0.000922578786938033
7.09458841051981,0.000991262107908571
7.09488841051981,0.000972612387484434
7.09518841051981,0.000913345801787924
7.0954884105198,0.000911643633733348
7.0957884105198,0.00108371701017466
7.0960884105198,0.00142618357678735
7.0963884105198,0.00149532301664052
7.0966884105198,0.00197132864169364
7.0969884105198,0.00206947227427021
7.0972884105198,0.00202322164726258
7.0975884105198,0.00176759907732422
7.0978884105198,0.00203930630925924
7.0981884105198,0.00196679587906286
7.0984884105198,0.00182566015919577
7.0987884105198,0.00175823031303707
7.0990884105198,0.0020823354381804
7.0993884105198,0.0022100230529293
7.09968841051979,0.00238577571408203
7.09998841051979,0.00286846832481739
7.10028841051979,0.0030088990625373
7.10058841051979,0.00293271386990867
7.10088841051979,0.00316701314600259
7.10118841051979,0.00325883026227563
7.10148841051979,0.00362197994462813
7.10178841051979,0.00409820357860881
7.10208841051979,0.00437735693237984
7.10238841051979,0.00436811390015484
7.10268841051979,0.00473221933079016
7.10298841051979,0.00461754894932186
7.10328841051979,0.00485133163852993
7.10358841051979,0.00488384741714047
7.10388841051978,0.00473480148088055
7.10418841051978,0.00489932924556012
7.10448841051978,0.0055543726397515
7.10478841051978,0.00588400696833573
7.10508841051978,0.00623631202318564
7.10538841051978,0.00627615727340082
7.10568841051978,0.00673004095701555
7.10598841051978,0.00713994915239518
7.10628841051978,0.00698752010151503
7.10658841051978,0.00757737684316004
7.10688841051978,0.00784466953192218
7.10718841051978,0.00811159142857174
7.10748841051978,0.00828563312155517
7.10778841051978,0.00908509079753953
7.10808841051978,0.00973876201592919
7.10838841051977,0.0103108033401842
7.10868841051977,0.0110430485094348
7.10898841051977,0.0117716734257494
7.10928841051977,0.0125867879464294
7.10958841051977,0.0140071726192208
7.10988841051977,0.0156449137420095
7.11018841051977,0.0174550349376998
7.11048841051977,0.0199880380369669
7.11078841051977,0.0225444620891785
7.11108841051977,0.0256321535165885
7.11138841051977,0.0291933574004136
7.11168841051977,0.0330990897731892
7.11198841051977,0.0386354308518125
7.11228841051977,0.043801324066317
7.11258841051976,0.0498690160348834
7.11288841051976,0.0538867727657437
7.11318841051976,0.0562548105633534
7.11348841051976,0.0575435238397766
7.11378841051976,0.0568635984000641
7.11408841051976,0.0548749722506391
7.11438841051976,0.0510553300489574
7.11468841051976,0.0486114619989085
7.11498841051976,0.0484200847350096
7.11528841051976,0.051011194906088
7.11558841051976,0.056531875895494
7.11588841051976,0.066229921810819
7.11618841051976,0.0782094957462841
7.11648841051976,0.0941471950864974
7.11678841051975,0.113341808137202
7.11708841051975,0.128764560285253
7.11738841051975,0.139738854548745
7.11768841051975,0.148661010821896
7.11798841051975,0.155792740857966
7.11828841051975,0.163033885658519
7.11858841051975,0.175075840672219
7.11888841051975,0.18945771935695
7.11918841051975,0.205404680262687
7.11948841051975,0.221016036773856
7.11978841051975,0.23693229316132
7.12008841051975,0.251504930382804
7.12038841051975,0.268761275275348
7.12068841051975,0.28738318144558
7.12098841051974,0.304898575209547
7.12128841051974,0.328792527313531
7.12158841051974,0.353444722025479
7.12188841051974,0.37750834139679
7.12218841051974,0.413258514163333
7.12248841051974,0.450788966345685
7.12278841051974,0.489818798861884
7.12308841051974,0.530187912823635
7.12338841051974,0.571757668764567
7.12368841051974,0.605744859705255
7.12398841051974,0.643156362887039
7.12428841051974,0.673263586281171
7.12458841051974,0.707565995726539
7.12488841051974,0.740850582098295
7.12518841051974,0.783964643165103
7.12548841051973,0.832072226390545
7.12578841051973,0.883510410624636
7.12608841051973,0.944439111300536
7.12638841051973,1.01147620992932
7.12668841051973,1.07358813894852
7.12698841051973,1.12863561426188
7.12728841051973,1.18461413652253
7.12758841051973,1.24423827571331
7.12788841051973,1.2970027460906
7.12818841051973,1.33625843546255
7.12848841051973,1.37808133040346
7.12878841051973,1.41244435041296
7.12908841051973,1.42279705514186
7.12938841051973,1.43217901160982
7.12968841051972,1.43330061340848
7.12998841051972,1.41674846792589
7.13028841051972,1.40934888603285
7.13058841051972,1.3985966009555
7.13088841051972,1.37611574694916
7.13118841051972,1.35979923321988
7.13148841051972,1.33754885126409
7.13178841051972,1.3239855497309
7.13208841051972,1.32575039025525
7.13238841051972,1.31996446718649
7.13268841051972,1.31799088291037
7.13298841051972,1.32183632773819
7.13328841051972,1.3264454147646
7.13358841051972,1.32749691727801
7.13388841051971,1.32989743537749
7.13418841051971,1.32577770701529
7.13448841051971,1.31639739208464
7.13478841051971,1.30779243236744
7.13508841051971,1.29050232188084
7.13538841051971,1.28166710824619
7.13568841051971,1.27197346733784
7.13598841051971,1.26713294733086
7.13628841051971,1.25757478960854
7.13658841051971,1.24564848056067
7.13688841051971,1.24322052324967
7.13718841051971,1.24149138347999
7.13748841051971,1.23627582894677
7.13778841051971,1.22965665876609
7.13808841051971,1.22455009530477
7.1383884105197,1.21980195092472
7.1386884105197,1.20696578014546
7.1389884105197,1.198661787004
7.1392884105197,1.20111205530563
7.1395884105197,1.19751521471742
7.1398884105197,1.19035853799399
7.1401884105197,1.18863791700551
7.1404884105197,1.18543803129928
7.1407884105197,1.17882615793458
7.1410884105197,1.17747586228981
7.1413884105197,1.17295129419525
7.1416884105197,1.16461775336218
7.1419884105197,1.15551613678932
7.1422884105197,1.14608311954489
7.14258841051969,1.1358684478175
7.14288841051969,1.12475170743835
7.14318841051969,1.11343123554008
7.14348841051969,1.10283157147262
7.14378841051969,1.09367164199206
7.14408841051969,1.08580136676748
7.14438841051969,1.07859616923523
7.14468841051969,1.07132598484895
7.14498841051969,1.0635745511879
7.14528841051969,1.05536506649276
7.14558841051969,1.04697552501547
7.14588841051969,1.03879307907735
7.14618841051969,1.03105116244001
7.14648841051969,1.02366023559105
7.14678841051968,1.0163294475419
7.14708841051968,1.00874725622667
7.14738841051968,1.00100591640741
7.14768841051968,0.993427515560382
7.14798841051968,0.986299408162305
7.14828841051968,0.97938001473031
7.14858841051968,0.972044542327935
7.14888841051968,0.963832385430173
7.14918841051968,0.955024460022726
7.14948841051968,0.946419487140667
7.14978841051968,0.938736442666393
7.15008841051968,0.931878772617676
7.15038841051968,0.925256590336745
7.15068841051968,0.918238644990199
7.15098841051968,0.910817926251873
7.15128841051967,0.903524447200415
7.15158841051967,0.896917076604746
7.15188841051967,0.891298997070628
7.15218841051967,0.886418512101421
7.15248841051967,0.881981729179702
7.15278841051967,0.877651795458513
7.15308841051967,0.873220564722053
7.15338841051967,0.868472959214599
7.15368841051967,0.863320836123727
7.15398841051967,0.857988717360417
7.15428841051967,0.852960250081219
7.15458841051967,0.848656400523499
7.15488841051967,0.845098397409737
7.15518841051967,0.842025902249679
7.15548841051966,0.839113637364563
7.15578841051966,0.836285231267411
7.15608841051966,0.83341296635134
7.15638841051966,0.830265264846262
7.15668841051966,0.826582978401525
7.15698841051966,0.822411637055903
7.15728841051966,0.81836610943859
7.15758841051966,0.815111090720329
7.15788841051966,0.813079459022984
7.15818841051966,0.812065505831485
7.15848841051966,0.811634508076639
7.15878841051966,0.811398282186991
7.15908841051966,0.811242619099139
7.15938841051966,0.81128712441903
7.15968841051965,0.811684328581102
7.15998841051965,0.812458858120985
7.16028841051965,0.813470965042828
7.16058841051965,0.814483248165936
7.16088841051965,0.815383022979105
7.16118841051965,0.816236046448591
7.16148841051965,0.817242416183746
7.16178841051965,0.818588763353667
7.16208841051965,0.820377146234389
7.16238841051965,0.822642615493316
7.16268841051965,0.82536940754609
7.16298841051965,0.8283974359766
7.16328841051965,0.831463232868596
7.16358841051965,0.83431327378888
7.16388841051964,0.836896539992708
7.16418841051964,0.839606370318858
7.16448841051964,0.842846417429846
7.16478841051964,0.846945493933475
7.16508841051964,0.851639995571714
7.16538841051964,0.856487380721534
7.16568841051964,0.861128216006743
7.16598841051964,0.865540592254434
7.16628841051964,0.870082207827061
7.16658841051964,0.874997199802833
7.16688841051964,0.880400963531514
7.16718841051964,0.886224931654616
7.16748841051964,0.892408859959002
7.16778841051964,0.898968318159196
7.16808841051964,0.905607864730393
7.16838841051963,0.911894889568241
7.16868841051963,0.91736196765796
7.16898841051963,0.922060442034804
7.16928841051963,0.926705067721103
7.16958841051963,0.932064485631568
7.16988841051963,0.93863664030624
7.17018841051963,0.945923588887474
7.17048841051963,0.953155700127823
7.17078841051963,0.959536876627001
7.17108841051963,0.96488147276015
7.17138841051963,0.969605093237258
7.17168841051963,0.974284822385538
7.17198841051963,0.979498378791768
7.17228841051963,0.985336404643743
7.17258841051962,0.991613088340412
7.17288841051962,0.998092716655019
7.17318841051962,1.00469726926343
7.17348841051962,1.01155902366414
7.17378841051962,1.01865443492667
7.17408841051962,1.02544603716704
7.17438841051962,1.03125472481969
7.17468841051962,1.03555812864035
7.17498841051962,1.03856590353943
7.17528841051962,1.04104086517272
7.17558841051962,1.04359318814786
7.17588841051962,1.04648682743328
7.17618841051962,1.04936237273765
7.17648841051962,1.05188448255416
7.17678841051961,1.05385951402562
7.17708841051961,1.055107096776
7.17738841051961,1.05530940832211
7.17768841051961,1.05408530325808
7.17798841051961,1.05147196703883
7.17828841051961,1.04852783173191
7.17858841051961,1.04646769823338
7.17888841051961,1.0462913493947
7.17918841051961,1.04756630925988
7.17948841051961,1.04930736006505
7.17978841051961,1.05035744599297
7.18008841051961,1.05022212939741
7.18038841051961,1.04905674437812
7.18068841051961,1.04739836493006
7.18098841051961,1.04611892018426
7.1812884105196,1.04579165673544
7.1815884105196,1.04670873390181
7.1818884105196,1.04834008353666
7.1821884105196,1.04981572348352
7.1824884105196,1.05040813978585
7.1827884105196,1.04991097635432
7.1830884105196,1.0488505546897
7.1833884105196,1.04770038888329
7.1836884105196,1.04673763193304
7.1839884105196,1.04565892443985
7.1842884105196,1.04419078662027
7.1845884105196,1.04233210531623
7.1848884105196,1.04054541303112
7.1851884105196,1.03945084885713
7.18548841051959,1.0392281865585
7.18578841051959,1.03960342063726
7.18608841051959,1.03986444904007
7.18638841051959,1.0395722700209
7.18668841051959,1.03858966823585
7.18698841051959,1.03718137568164
7.18728841051959,1.03578306652294
7.18758841051959,1.03474896676545
7.18788841051959,1.0343589614566
7.18818841051959,1.03438963639332
7.18848841051959,1.03446330765022
7.18878841051959,1.0340211992848
7.18908841051959,1.03297290669674
7.18938841051959,1.03154538741997
7.18968841051958,1.03015847248914
7.18998841051958,1.02918278994923
7.19028841051958,1.02881861611752
7.19058841051958,1.02930897038695
7.19088841051958,1.03063043253668
7.19118841051958,1.03245336662738
7.19148841051958,1.03403331132162
7.19178841051958,1.03473898853082
7.19208841051958,1.03441036842481
7.19238841051958,1.03358541881045
7.19268841051958,1.03302116744775
7.19298841051958,1.03331386686249
7.19328841051958,1.03437735834877
7.19358841051958,1.03572478670763
7.19388841051958,1.03672952868175
7.19418841051957,1.03723294614045
7.19448841051957,1.03754374099676
7.19478841051957,1.0380201747527
7.19508841051957,1.03874185996534
7.19538841051957,1.03936009656317
7.19568841051957,1.03958276582066
7.19598841051957,1.03949240068696
7.19628841051957,1.03951452495919
7.19658841051957,1.0400922937713
7.19688841051957,1.04136631770017
7.19718841051957,1.04305157366662
7.19748841051957,1.04475103153365
7.19778841051957,1.04604612126457
7.19808841051957,1.04679413441191
7.19838841051956,1.04711556946184
7.19868841051956,1.04729821326447
7.19898841051956,1.0476758208242
7.19928841051956,1.04812352573336
7.19958841051956,1.04827351943623
7.19988841051956,1.04753321508381
7.20018841051956,1.04596327505875
7.20048841051956,1.04425274328815
7.20078841051956,1.04336810870637
7.20108841051956,1.04365282601673
7.20138841051956,1.04425749330215
7.20168841051956,1.04391425611407
7.20198841051956,1.04178911084318
7.20228841051956,1.03856733201432
7.20258841051955,1.03557233930749
7.20288841051955,1.03403134277807
7.20318841051955,1.03383729640581
7.20348841051955,1.03414166675831
7.20378841051955,1.03402930363191
7.20408841051955,1.03323446705609
7.20438841051955,1.03188162263776
7.20468841051955,1.03008179256059
7.20498841051955,1.02764684139159
7.20528841051955,1.02458339041672
7.20558841051955,1.021237846008
7.20588841051955,1.0182421101605
7.20618841051955,1.01600867654916
7.20648841051955,1.01425871126306
7.20678841051954,1.01241182154014
7.20708841051954,1.01005899883535
7.20738841051954,1.00753062450209
7.20768841051954,1.00553949933716
7.20798841051954,1.00457822647093
7.20828841051954,1.00433259368467
7.20858841051954,1.00408532674493
7.20888841051954,1.00316388121437
7.20918841051954,1.00170214458928
7.20948841051954,1.00011829952616
7.20978841051954,0.998919000994871
7.21008841051954,0.998027843346256
7.21038841051954,0.997282940967435
7.21068841051954,0.996511117400644
7.21098841051954,0.995794729277441
7.21128841051953,0.995117740297646
7.21158841051953,0.994262960845035
7.21188841051953,0.992992152641822
7.21218841051953,0.991477035132592
7.21248841051953,0.99034665274924
7.21278841051953,0.99030416010117
7.21308841051953,0.99122766113934
7.21338841051953,0.992164321314872
7.21368841051953,0.991913578891934
7.21398841051953,0.989981172232613
7.21428841051953,0.987142366714252
7.21458841051953,0.984484537598704
7.21488841051953,0.982944007749375
7.21518841051953,0.982359927505448
7.21548841051952,0.98217773947019
7.21578841051952,0.981744867166278
7.21608841051952,0.980791847481877
7.21638841051952,0.97940109093587
7.21668841051952,0.977741307722912
7.21698841051952,0.976043677449976
7.21728841051952,0.97454276199845
7.21758841051952,0.973465145028773
7.21788841051952,0.973056836500524
7.21818841051952,0.973268083674543
7.21848841051952,0.973820074444473
7.21878841051952,0.974244597652003
7.21908841051952,0.974112932639901
7.21938841051952,0.973375407484479
7.21968841051951,0.972232975254625
7.21998841051951,0.971230930336324
7.22028841051951,0.970857057686713
7.22058841051951,0.971387215246525
7.22088841051951,0.972607995343483
7.22118841051951,0.973874214369687
7.22148841051951,0.974554059136068
7.22178841051951,0.974408182902289
7.22208841051951,0.973758000227433
7.22238841051951,0.972952598888419
7.22268841051951,0.972123167676787
7.22298841051951,0.971037875550328
7.22328841051951,0.969695088941885
7.22358841051951,0.968353367204169
7.22388841051951,0.967422140415207
7.2241884105195,0.967068979092772
7.2244884105195,0.967111098811357
7.2247884105195,0.967369493530458
7.2250884105195,0.967614398753996
7.2253884105195,0.967628811103216
7.2256884105195,0.967168015651359
7.2259884105195,0.966099441936677
7.2262884105195,0.964965683827292
7.2265884105195,0.96441931784038
7.2268884105195,0.965051840020108
7.2271884105195,0.966413240664743
7.2274884105195,0.967542939565886
7.2277884105195,0.967475580607967
7.2280884105195,0.966003659835881
7.22838841051949,0.963789949577835
7.22868841051949,0.961642372006226
7.22898841051949,0.960265781260593
7.22928841051949,0.959864422075668
7.22958841051949,0.960420871037438
7.22988841051949,0.9616963600473
7.23018841051949,0.963061984444284
7.23048841051949,0.963823880339814
7.23078841051949,0.963450654620981
7.23108841051949,0.962018890591605
7.23138841051949,0.960241705314827
7.23168841051949,0.958849382610782
7.23198841051949,0.958355790389552
7.23228841051949,0.958653978926514
7.23258841051948,0.959339288112415
7.23288841051948,0.959991009958613
7.23318841051948,0.960299734206731
7.23348841051948,0.960331666382077
7.23378841051948,0.960241236888864
7.23408841051948,0.96033152874457
7.23438841051948,0.960746183033954
7.23468841051948,0.961472921223
7.23498841051948,0.962392868854726
7.23528841051948,0.963335895399487
7.23558841051948,0.964336706085307
7.23588841051948,0.965428359955204
7.23618841051948,0.966571189327817
7.23648841051948,0.967451890349187
7.23678841051948,0.967775685116911
7.23708841051947,0.967583902487911
7.23738841051947,0.967402271874326
7.23768841051947,0.967802394240504
7.23798841051947,0.969016133769799
7.23828841051947,0.970549088032394
7.23858841051947,0.97176524803386
7.23888841051947,0.972180263771134
7.23918841051947,0.97211994967651
7.23948841051947,0.972431849904481
7.23978841051947,0.973892774339621
7.24008841051947,0.9766902322115
7.24038841051947,0.979901349239904
7.24068841051947,0.982444199613843
7.24098841051947,0.983544093941337
7.24128841051946,0.983410976322168
7.24158841051946,0.982949390906542
7.24188841051946,0.982917413752244
7.24218841051946,0.983753706864257
7.24248841051946,0.985243002172846
7.24278841051946,0.987054288903384
7.24308841051946,0.98905329341846
7.24338841051946,0.990985059599581
7.24368841051946,0.992780377144392
7.24398841051946,0.993994522935143
7.24428841051946,0.994473589879098
7.24458841051946,0.994232338733693
7.24488841051946,0.993562740831257
7.24518841051946,0.993082568836033
7.24548841051945,0.993345349932978
7.24578841051945,0.994887602017269
7.24608841051945,0.997722178283558
7.24638841051945,1.00113896731462
7.24668841051945,1.00403462317908
7.24698841051945,1.00532855824528
7.24728841051945,1.00494830182001
7.24758841051945,1.00361363308328
7.24788841051945,1.00244203253708
7.24818841051945,1.00224759737769
7.24848841051945,1.00318383465619
7.24878841051945,1.00509513257779
7.24908841051945,1.00739785813729
7.24938841051945,1.00944378359993
7.24968841051945,1.01050268355918
7.24998841051944,1.01027347789795
7.25028841051944,1.00926640043494
7.25058841051944,1.00852485125922
7.25088841051944,1.00907427048073
7.25118841051944,1.01103102148019
7.25148841051944,1.01350796475799
7.25178841051944,1.01527211974913
7.25208841051944,1.01547208464881
7.25238841051944,1.01452430197432
7.25268841051944,1.01344368716259
7.25298841051944,1.01331427980454
7.25328841051944,1.01428126313737
7.25358841051944,1.01568062610598
7.25388841051944,1.0167142537912
7.25418841051943,1.0170177831405
7.25448841051943,1.01695599437798
7.25478841051943,1.01704888816604
7.25508841051943,1.01748816718049
7.25538841051943,1.01794675519292
7.25568841051943,1.01791266242809
7.25598841051943,1.0172620899375
7.25628841051943,1.01636930339437
7.25658841051943,1.01587103866166
7.25688841051943,1.01607323175166
7.25718841051943,1.01665949730168
7.25748841051943,1.01703685600223
7.25778841051943,1.01665365188694
7.25808841051943,1.01568628574581
7.25838841051942,1.01470984871084
7.25868841051942,1.01443679822646
7.25898841051942,1.01508291115898
7.25928841051942,1.01593451137157
7.25958841051942,1.01587261835798
7.25988841051942,1.01415044547732
7.26018841051942,1.01185764933248
7.26048841051942,1.01174572502894
7.26078841051942,1.01610527647112
7.26108841051942,1.02236551017531
7.26138841051942,1.02201425646605
7.26168841051942,1.02085488509495
7.26198841051942,1.02458050042169
7.26228841051942,1.01363255838142
7.26258841051941,1.02423501772879
7.26288841051941,1.0136161550123
7.26318841051941,1.00776847011493
7.26348841051941,1.02425645842863
7.26378841051941,1.0268711011632
7.26408841051941,1.02570982251825
7.26438841051941,1.02581819819717
7.26468841051941,1.02512881462853
7.26498841051941,1.02509140735327
7.26528841051941,1.026306709815
7.26558841051941,1.02271819129931
7.26588841051941,1.01603813876274
7.26618841051941,1.02230167696118
7.26648841051941,1.02813853570641
7.26678841051941,1.01655200099635
7.2670884105194,1.01455645112447
7.2673884105194,1.02239541242564
7.2676884105194,1.0253289317958
7.2679884105194,1.01404814009508
7.2682884105194,1.01222333649155
7.2685884105194,1.01997409999375
7.2688884105194,1.00983264254495
7.2691884105194,1.00948963597902
7.2694884105194,1.02260275579469
7.2697884105194,1.01331664591485
7.2700884105194,1.0050638726827
7.2703884105194,1.0182184378716
7.2706884105194,1.01776462987737
7.2709884105194,1.01895810961184
7.27128841051939,1.0205435165884
7.27158841051939,1.01658259519808
7.27188841051939,1.01440282711526
7.27218841051939,1.01376023765212
7.27248841051939,1.01413517575757
7.27278841051939,1.0150348511951
7.27308841051939,1.01626163770194
7.27338841051939,1.01739717292035
7.27368841051939,1.01820584587856
7.27398841051939,1.0187235830429
7.27428841051939,1.01898936409873
7.27458841051939,1.01904216873138
7.27488841051939,1.01892097662619
7.27518841051939,1.01866476746851
7.27548841051938,1.01831252094368
7.27578841051938,1.01790321673703
7.27608841051938,1.01746205527841
7.27638841051938,1.01698259629997
7.27668841051938,1.01652170990944
7.27698841051938,1.01609458732074
7.27728841051938,1.01570175257437
7.27758841051938,1.01534372971086
7.27788841051938,1.01502104277072
7.27818841051938,1.01473421579446
7.27848841051938,1.01448377282259
7.27878841051938,1.01427023789563
7.27908841051938,1.01409424992806
7.27938841051938,1.01396448051306
7.27968841051938,1.01388282716941
7.27998841051937,1.01383145365931
7.28028841051937,1.01380678491228
7.28058841051937,1.01380650313237
7.28088841051937,1.01382829052365
7.28118841051937,1.01386982929017
7.28148841051937,1.01392880163599
7.28178841051937,1.01400288976517
7.28208841051937,1.01408977588175
7.28238841051937,1.0141867400557
7.28268841051937,1.01428705455166
7.28298841051937,1.01439149813076
7.28328841051937,1.01449993214934
7.28358841051937,1.01460715773705
7.28388841051937,1.0147079226177
7.28418841051936,1.01479697451508
7.28448841051936,1.01486906115296
7.28478841051936,1.01491893025516
7.28508841051936,1.01494132954544
7.28538841051936,1.01493100674762
7.28568841051936,1.01488335864517
7.28598841051936,1.01479468432822
7.28628841051936,1.01465923511523
7.28658841051936,1.01447796064457
7.28688841051936,1.01425340107395
7.28718841051936,1.01398809656105
7.28748841051936,1.01368458726353
7.28778841051936,1.0133454133391
7.28808841051936,1.01297311494543
7.28838841051935,1.01257023224022
7.28868841051935,1.01213930272533
7.28898841051935,1.01168298937873
7.28928841051935,1.01120975379706
7.28958841051935,1.01073081980479
7.28988841051935,1.01025336648987
7.29018841051935,1.00978428419326
7.29048841051935,1.00933046325589
7.29078841051935,1.0088987940187
7.29108841051935,1.00849616682263
7.29138841051935,1.00812947200862
7.29168841051935,1.00780559991762
7.29198841051935,1.00753148689588
7.29228841051935,1.0073128845765
7.29258841051935,1.00714423941411
7.29288841051934,1.00701611110237
7.29318841051934,1.00691999654021
7.29348841051934,1.00684740212657
7.29378841051934,1.00678983426038
7.29408841051934,1.00673879934058
7.29438841051934,1.00668580376607
7.29468841051934,1.0066223539358
7.29498841051934,1.0065399562487
7.29528841051934,1.00642992396437
7.29558841051934,1.00628560739595
7.29588841051934,1.00610501178902
7.29618841051934,1.00588726725327
7.29648841051934,1.00563174128162
7.29678841051934,1.00533780136701
7.29708841051933,1.00500481500239
7.29738841051933,1.00463214968068
7.29768841051933,1.00421917289482
7.29798841051933,1.00376525213775
7.29828841051933,1.00326974080652
7.29858841051933,1.00273094565705
7.29888841051933,1.00214994220645
7.29918841051933,1.00154017744098
7.29948841051933,1.00091504013487
7.29978841051933,1.00028776597773
7.30008841051933,0.999671590659117
7.30038841051933,0.999079749868632
7.30068841051933,0.998525479295858
7.30098841051933,0.998022014630379
7.30128841051932,0.997582591561781
7.30158841051932,0.997220686054482
7.30188841051932,0.996951892660377
7.30218841051932,0.996776432627057
7.30248841051932,0.996679593578152
7.30278841051932,0.996647091391716
7.30308841051932,0.996664651178931
7.30338841051932,0.996717998050976
7.30368841051932,0.996792857119032
7.30398841051932,0.996874953494278
7.30428841051932,0.996950012287894
7.30458841051932,0.99700375861106
7.30488841051932,0.997021415632264
7.30518841051932,0.996988651930343
7.30548841051931,0.996905513923187
7.30578841051931,0.996778535023973
7.30608841051931,0.996614446113052
7.30638841051931,0.996419978070774
7.30668841051931,0.996201861777489
7.30698841051931,0.995966828113549
7.30728841051931,0.995721607959304
7.30758841051931,0.995472932195103
7.30788841051931,0.995227525507942
7.30818841051931,0.994991804088395
7.30848841051931,0.994772025823104
7.30878841051931,0.994570344164312
7.30908841051931,0.994384323410662
7.30938841051931,0.994211259927721
7.30968841051931,0.994048450081057
7.3099884105193,0.993893190236238
7.3102884105193,0.993742776758831
7.3105884105193,0.993594506014405
7.3108884105193,0.993445674368527
7.3111884105193,0.993293824070422
7.3114884105193,0.993138234523092
7.3117884105193,0.992974634274404
7.3120884105193,0.992803960818165
7.3123884105193,0.992630952514325
7.3126884105193,0.992460375875407
7.3129884105193,0.992296997413936
7.3132884105193,0.992145583642434
7.3135884105193,0.992010901073425
7.3138884105193,0.991897716219431
7.31418841051929,0.991810795592482
7.31448841051929,0.991753339705319
7.31478841051929,0.991725576497634
7.31508841051929,0.991727135369733
7.31538841051929,0.991749696757076
7.31568841051929,0.991783614889073
7.31598841051929,0.991819243995137
7.31628841051929,0.991846938304676
7.31658841051929,0.991857052047101
7.31688841051929,0.991839939451823
7.31718841051929,0.991785954748253
7.31748841051929,0.991685537491797
7.31778841051929,0.991533500528092
7.31808841051929,0.991329345097807
7.31838841051928,0.99108030162132
7.31868841051928,0.990798837741514
7.31898841051928,0.990497662965814
7.31928841051928,0.990189486801643
7.31958841051928,0.989887018756425
7.31988841051928,0.989602968337584
7.32018841051928,0.989350045052544
7.32048841051928,0.989140958408728
7.32078841051928,0.988987914097022
7.32108841051928,0.988898442030305
7.32138841051928,0.988874217100675
7.32168841051928,0.98890441632263
7.32198841051928,0.988974531750865
7.32228841051928,0.989070032965059
7.32258841051928,0.989176389544893
7.32288841051927,0.989279071070044
7.32318841051927,0.989363547120194
7.32348841051927,0.989415287275021
7.32378841051927,0.989419761116135
7.32408841051927,0.989362824443676
7.32438841051927,0.989230870034655
7.32468841051927,0.989020923095965
7.32498841051927,0.98874448494992
7.32528841051927,0.988414955283932
7.32558841051927,0.988045733785407
7.32588841051927,0.987650220141756
7.32618841051927,0.987241814040387
7.32648841051927,0.986833915168709
7.32678841051927,0.986439923214131
7.32708841051926,0.986073264729776
7.32738841051926,0.985749113241286
7.32768841051926,0.985484490525726
7.32798841051926,0.985282808195631
7.32828841051926,0.985139526889149
7.32858841051926,0.985049752889504
7.32888841051926,0.985008592479926
7.32918841051926,0.985011151943638
7.32948841051926,0.985052537563869
7.32978841051926,0.985127855623844
7.33008841051926,0.98523221240679
7.33038841051926,0.985360343100369
7.33068841051926,0.985501997099882
7.33098841051926,0.985644909389991
7.33128841051925,0.985782562375926
7.33158841051925,0.985909398522156
7.33188841051925,0.986019864635233
7.33218841051925,0.986108407521707
7.33248841051925,0.986169473988128
7.33278841051925,0.986197510841047
7.33308841051925,0.986186964887013
7.33338841051925,0.986132282955888
7.33368841051925,0.986029196619499
7.33398841051925,0.985880234557979
7.33428841051925,0.985692444240527
7.33458841051925,0.985476756244387
7.33488841051925,0.985244880120017
7.33518841051925,0.985008525417878
7.33548841051925,0.984779401688428
7.33578841051924,0.984569218482129
7.33608841051924,0.984389685349437
7.33638841051924,0.984252511840815
7.33668841051924,0.984169375365995
7.33698841051924,0.984150135765951
7.33728841051924,0.984198533724277
7.33758841051924,0.98431084867083
7.33788841051924,0.984478223678186
7.33818841051924,0.984691531600849
7.33848841051924,0.984941645293322
7.33878841051924,0.985219437610108
7.33908841051924,0.98551578140571
7.33938841051924,0.98582154953463
7.33968841051924,0.986127614851372
7.33998841051923,0.986424792811277
7.34028841051923,0.986704455534712
7.34058841051923,0.986963909848801
7.34088841051923,0.987205756089737
7.34118841051923,0.987434120349453
7.34148841051923,0.987653136610353
7.34178841051923,0.987866938854839
7.34208841051923,0.988079661065313
7.34238841051923,0.988295437224178
7.34268841051923,0.988518401313837
7.34298841051923,0.988752687356796
7.34328841051923,0.989003250718598
7.34358841051923,0.989274122676019
7.34388841051923,0.989561895782518
7.34418841051922,0.989863164670837
7.34448841051922,0.990174760831322
7.34478841051922,0.990493515754316
7.34508841051922,0.990816260930167
7.34538841051922,0.991139827849218
7.34568841051922,0.991461048001815
7.34598841051922,0.991776752878303
7.34628841051922,0.992083730939798
7.34658841051922,0.992377295595886
7.34688841051922,0.992656953584354
7.34718841051922,0.992924170709515
7.34748841051922,0.993177043468597
7.34778841051922,0.993413489527289
7.34808841051922,0.993631426551279
7.34838841051921,0.993828772206256
7.34868841051921,0.994003444157908
7.34898841051921,0.994153360071924
7.34928841051921,0.994276437613992
7.34958841051921,0.99437078594436
7.34988841051921,0.994435339343211
7.35018841051921,0.994469968213086
7.35048841051921,0.994482375964292
7.35078841051921,0.994482582525513
7.35108841051921,0.994480617752158
7.35138841051921,0.994486511499638
7.35168841051921,0.994510293623362
7.35198841051921,0.99456199397874
7.35228841051921,0.994651642421182
7.35258841051921,0.994789268768716
7.3528884105192,0.994984507387087
7.3531884105192,0.995243819321382
7.3534884105192,0.995561336929296
7.3537884105192,0.995924659248999
7.3540884105192,0.996320941603982
7.3543884105192,0.996737339317737
7.3546884105192,0.997161007713757
7.3549884105192,0.997579102115532
7.3552884105192,0.997978777846555
7.3555884105192,0.998347190230317
7.3558884105192,0.998671510763714
7.3561884105192,0.99893996522331
7.3564884105192,0.999150302508941
7.3567884105192,0.999312145948102
7.35708841051919,0.999436692875838
7.35738841051919,0.999535167492051
7.35768841051919,0.999618793996642
7.35798841051919,0.999698796589514
7.35828841051919,0.999786399470569
7.35858841051919,0.999892826839709
7.35888841051919,1.00002930289684
7.35918841051919,1.00020710810166
7.35948841051919,1.00043607959416
7.35978841051919,1.00071368465606
7.36008841051919,1.00102967056079
7.36038841051919,1.00137295261149
7.36068841051919,1.00173244323627
7.36098841051919,1.00209705486325
7.36128841051918,1.00245569992054
7.36158841051918,1.00279729083626
7.36188841051918,1.00311074003851
7.36218841051918,1.00338495977156
7.36248841051918,1.00360777326011
7.36278841051918,1.00376823579509
7.36308841051918,1.00387003267844
7.36338841051918,1.00392298794859
7.36368841051918,1.00393737391983
7.36398841051918,1.00392346290648
7.36428841051918,1.00389152722284
7.36458841051918,1.00385183918322
7.36488841051918,1.00381467110191
7.36518841051918,1.00379029529323
7.36548841051918,1.00378907643498
7.36578841051917,1.00382465151305
7.36608841051917,1.0039053594511
7.36638841051917,1.00402465989598
7.36668841051917,1.00417266726458
7.36698841051917,1.00433939430508
7.36728841051917,1.00451485376566
7.36758841051917,1.00468905839452
7.36788841051917,1.00485202093984
7.36818841051917,1.0049937541498
7.36848841051917,1.0051042707726
7.36878841051917,1.00517297130306
7.36908841051917,1.00518544807511
7.36938841051917,1.00513561802379
7.36968841051917,1.00502625559825
7.36998841051916,1.00486191455551
7.37028841051916,1.004647154554
7.37058841051916,1.0043865352522
7.37088841051916,1.00408461630854
7.37118841051916,1.0037459573815
7.37148841051916,1.00337511812951
7.37178841051916,1.00297665854971
7.37208841051916,1.0025564165974
7.37238841051916,1.00212309732557
7.37268841051916,1.00168698257669
7.37298841051916,1.00125565069429
7.37328841051916,1.00083597921128
7.37358841051916,1.00043484566056
7.37388841051916,1.00005912757506
7.37418841051915,0.999715702487686
7.37448841051915,0.999411447931352
7.37478841051915,0.999153241438969
7.37508841051915,0.998947949601216
7.37538841051915,0.99880199195951
7.37568841051915,0.998715174853022
7.37598841051915,0.998676738171985
7.37628841051915,0.998676070343849
7.37658841051915,0.998702626591715
7.37688841051915,0.998745862138686
7.37718841051915,0.998795232207865
7.37748841051915,0.998840192022354
7.37778841051915,0.998870196805255
7.37808841051915,0.998874701779672
7.37838841051915,0.998843077364471
7.37868841051914,0.998765434958848
7.37898841051914,0.998644022555112
7.37928841051914,0.998489856922406
7.37958841051914,0.998314638385329
7.37988841051914,0.998130068801685
7.38018841051914,0.99794785002928
7.38048841051914,0.997779683925918
7.38078841051914,0.997637272349405
7.38108841051914,0.997532317157547
7.38138841051914,0.997476520126559
7.38168841051914,0.997481319270532
7.38198841051914,0.997552402351402
7.38228841051914,0.997680774823758
7.38258841051914,0.997852406031578
7.38288841051913,0.998052962174413
7.38318841051913,0.998268109451816
7.38348841051913,0.998483514063337
7.38378841051913,0.99868484220853
7.38408841051913,0.998857760086946
7.38438841051913,0.998987933898136
7.38468841051913,0.999061056215606
7.38498841051913,0.999064370143742
7.38528841051913,0.99899724161548
7.38558841051913,0.998871798253354
7.38588841051913,0.998701818419449
7.38618841051913,0.998501113944145
7.38648841051913,0.998283496657819
7.38678841051913,0.99806277839085
7.38708841051912,0.997852770973616
7.38738841051912,0.997667286236495
7.38768841051912,0.997520136009867
7.38798841051912,0.997424984070403
7.38828841051912,0.997391652534973
7.38858841051912,0.99741512579248
7.38888841051912,0.997483650814921
7.38918841051912,0.997585115680151
7.38948841051912,0.997707407787861
7.38978841051912,0.997838414537742
7.39008841051912,0.997966023329485
7.39038841051912,0.998078121562783
7.39068841051912,0.998162596637326
7.39098841051912,0.99820733624527
7.39128841051912,0.998200844635209
7.39158841051911,0.998138751548594
7.39188841051911,0.998028829847358
7.39218841051911,0.99788086538676
7.39248841051911,0.997704638943651
7.39278841051911,0.997509931294882
7.39308841051911,0.997306523217302
7.39338841051911,0.997104195487761
7.39368841051911,0.996912728883109
7.39398841051911,0.996741904180197
7.39428841051911,0.996601503191282
7.39458841051911,0.99650074442156
7.39488841051911,0.996439923291326
7.39518841051911,0.996411919489986
7.39548841051911,0.996410072980383
7.3957884105191,0.996427761876819
7.3960884105191,0.996458364293594
7.3963884105191,0.996495258345008
7.3966884105191,0.996531822145361
7.3969884105191,0.996561433808953
7.3972884105191,0.996577471450085
7.3975884105191,0.996572896673127
7.3978884105191,0.996539445901225
7.3981884105191,0.996477253840441
7.3984884105191,0.996387969897708
7.3987884105191,0.996272492597849
7.3990884105191,0.996131718803508
7.3993884105191,0.995966545377331
7.3996884105191,0.995777869181962
7.39998841051909,0.995566587080048
7.40028841051909,0.995333595934232
7.40058841051909,0.995079793702754
7.40088841051909,0.994807538446229
7.40118841051909,0.994520578005316
7.40148841051909,0.994220926689603
7.40178841051909,0.993913717166819
7.40208841051909,0.993604527446477
7.40238841051909,0.99329893553809
7.40268841051909,0.99300251945117
7.40298841051909,0.99272085719523
7.40328841051909,0.992459526779784
7.40358841051909,0.992224106214344
7.40388841051909,0.992020143465486
7.40418841051908,0.991852421672119
7.40448841051908,0.991725294953538
7.40478841051908,0.991638304109067
7.40508841051908,0.991587364504354
7.40538841051908,0.991568262040076
7.40568841051908,0.991576782616912
7.40598841051908,0.991608712135537
7.40628841051908,0.99165983649663
7.40658841051908,0.991725941600866
7.40688841051908,0.991802813348924
7.40718841051908,0.991886166584524
7.40748841051908,0.99197053773056
7.40778841051908,0.992048408038258
7.40808841051908,0.992116003951048
7.40838841051908,0.992171221342484
7.40868841051907,0.992211959019916
7.40898841051907,0.992236115790692
7.40928841051907,0.992241590462161
7.40958841051907,0.992226281841671
7.40988841051907,0.992188088736571
7.41018841051907,0.992124909830386
7.41048841051907,0.992034545005714
7.41078841051907,0.991916737521475
7.41108841051907,0.991775302034591
7.41138841051907,0.991612808121951
7.41168841051907,0.991431535826358
7.41198841051907,0.991233765190618
7.41228841051907,0.991021776257534
7.41258841051907,0.990797849069912
7.41288841051906,0.990564263670556
7.41318841051906,0.990323300102269
7.41348841051906,0.990077238407858
7.41378841051906,0.989828358630125
7.41408841051906,0.989578940811876
7.41438841051906,0.989331264995915
7.41468841051906,0.989087611225046
7.41498841051906,0.988850259542074
7.41528841051906,0.988621489989804
7.41558841051906,0.988403582611039
7.41588841051906,0.988198817448585
7.41618841051906,0.988009474545245
7.41648841051906,0.987837833943824
