Energy (keV),Best Fit Normalized Absorption,Residuals
7.0461075,-0.000137066720086445,0.000328718609341083
7.04632642406667,-2.3722410423956e-05,0.000300020462933218
7.04654534813333,8.52873276292716e-05,0.00021947196582008
7.0467642722,0.000161413246559174,0.000110760063424086
7.04698319626667,0.000183063390701901,-9.3855684915207e-06
7.04720212033333,0.000134288224876887,-0.000129257684203788
7.0474210444,1.96535490747329e-05,-0.000235417312315129
7.04763996846667,-0.000122178648208729,-0.000320651556088881
7.04785889253333,-0.000246649196094035,-0.000381882167705102
7.0480778166,-0.000307427019489691,-0.000417802803558153
7.04829674066667,-0.000262516765906642,-0.000433178750080986
7.04851566473333,-0.000128871032658251,-0.000440706193731036
7.0487345888,4.06571057061789e-05,-0.000443634367584777
7.04895351286667,0.000192879924038344,-0.000444943335097391
7.04917243693333,0.000274622565353368,-0.000447290205076936
7.049391361,0.000255008619942995,-0.000443364179569324
7.04961028506667,0.000166044353538617,-0.000430132547429209
7.04982920913333,5.04517512046881e-05,-0.000409079235311115
7.0500481332,-4.93701510531927e-05,-0.000381365220810404
7.05026705726667,-9.32895507378147e-05,-0.000350012657088071
7.05048598133333,-7.72916554582303e-05,-0.00032382989181623
7.0507049054,-2.91264419471802e-05,-0.000304258737946968
7.05092382946667,2.21361914434349e-05,-0.000291724158594067
7.05114275353333,4.72195103346819e-05,-0.00028641996458144
7.0513616776,2.57959689944469e-05,-0.000283196194991651
7.05158060166667,-2.38391021784575e-05,-0.000277186362873129
7.05179952573333,-7.31769794249193e-05,-0.000267375851275276
7.0520184498,-9.3752198508055e-05,-0.000252706783724663
7.05223737386667,-5.79662636720521e-05,-0.000233555654947917
7.05245629793333,3.03721025079783e-05,-0.00021850055650099
7.052675222,0.000127739804133858,-0.000209779949103121
7.05289414606667,0.000188123553248589,-0.000208185152805746
7.05311307013333,0.00016558615876387,-0.000214583584530474
7.0533319942,2.63566722204623e-05,-0.000221474953607622
7.05355091826667,-0.000184816673308291,-0.000216730072063376
7.05376984233333,-0.000391783785967978,-0.000198578410365806
7.0539887664,-0.000518226284724536,-0.000165417726750469
7.05420769046667,-0.000488300759031758,-0.000117369240875256
7.05442661453333,-0.000280985480569524,-7.32875210563986e-05
7.0546455386,2.42210392333988e-05,-4.06877445219151e-05
7.05486446266667,0.000337110893534196,-2.17356863199552e-05
7.05508338673333,0.000567510009263673,-1.8630955267352e-05
7.0553023108,0.000633783433773218,-2.62725008765532e-05
7.05552123486667,0.000541742033969583,-2.90956939776804e-05
7.05574015893333,0.000348543006604542,-2.5513840616358e-05
7.055959083,0.000111978052141999,-1.45004830863959e-05
7.05617800706667,-0.000110214194765119,4.7979545753102e-06
7.05639693113333,-0.000273541584847686,2.70064390067945e-05
7.0566158552,-0.000369307644084991,4.83508599761298e-05
7.05683477926667,-0.000394863286160808,6.76388821295342e-05
7.05705370333333,-0.000347622487337827,8.3741232692788e-05
7.0572726274,-0.000226403040011817,9.42477551915561e-05
7.05749155146667,-5.34151179682328e-05,9.40409720754871e-05
7.05771047553333,0.000129247759332215,8.31945728197757e-05
7.0579293996,0.000278797002988203,6.23130344594398e-05
7.05814832366667,0.000352382632997456,3.21066755345465e-05
7.05836724773333,0.000320639136043985,4.86438351667907e-07
7.0585861718,0.000209420780160323,-2.63248967451857e-05
7.05880509586667,5.86395214069791e-05,-4.76170697442673e-05
7.05902401993333,-9.18262509684689e-05,-6.26462538231436e-05
7.059242944,-0.000202777567617916,-7.17038335713753e-05
7.05946186806667,-0.000257266103119603,-8.08589967063232e-05
7.05968079213333,-0.000265495270759008,-9.18872091111773e-05
7.0598997162,-0.00023931363575537,-0.000105585831821325
7.06011864026667,-0.000190556291181808,-0.000122765697104225
7.06033756433333,-0.000130352841901392,-0.000143352278506705
7.0605564884,-6.55447691160898e-05,-0.000165353811674556
7.06077541246667,-1.29886521238869e-06,-0.000186940410936125
7.06099433653333,5.72649705979007e-05,-0.000206329083794433
7.0612132606,0.000105089800756165,-0.000221787303376151
7.06143218466667,0.000138453941965899,-0.000232527126234354
7.06165110873333,0.000155958968003488,-0.000239625417055009
7.0618700328,0.000156493701560104,-0.000244420128934704
7.06208895686667,0.000139001707015106,-0.000248303956657977
7.06230788093333,0.000103264614859005,-0.000251787634035445
7.062526805,5.68145952390515e-05,-0.000252903296631913
7.06274572906667,1.15942006280646e-05,-0.000250327120804166
7.06296465313333,-2.03644991318577e-05,-0.000242818922025858
7.0631835772,-2.7011774552715e-05,-0.000229303684011704
7.06340250126667,-3.69994371389862e-06,-0.000212768768113732
7.06362142533333,3.48993354375666e-05,-0.000196344438666083
7.0638403494,7.10167272880886e-05,-0.000181952176004313
7.06405927346667,8.68831175801475e-05,-0.000171513681820764
7.06427819753333,6.59434471918031e-05,-0.000165469417715856
7.0644971216,1.17795199725207e-05,-0.000159286659433151
7.06471604566667,-5.55276287963374e-05,-0.000151268035169177
7.06493496973333,-0.000115441950982469,-0.00014003438520275
7.0651538938,-0.000147466685557287,-0.000124195263544758
7.06537281786667,-0.00013764152335722,-0.000106357147205999
7.06559174193333,-9.75306783296069e-05,-8.99067974013085e-05
7.065810666,-4.49983844765702e-05,-7.59695912298604e-05
7.06602959006667,2.03840048597444e-06,-6.56181820761376e-05
7.06624851413333,2.60262004900055e-05,-5.91989033565528e-05
7.0664674382,2.2495726000694e-05,-5.32057722586448e-05
7.06668636226667,2.42526465121366e-06,-4.62127981056867e-05
7.06690528633333,-2.2355202788151e-05,-3.72822184757608e-05
7.0671242104,-4.00479739978132e-05,-2.54440228890495e-05
7.06734313446667,-4.09324204102851e-05,-1.12163622334878e-05
7.06756205853333,-2.75897920897732e-05,3.7879747473967e-06
7.0677809826,-7.15296271238333e-06,1.9361850231001e-05
7.06799990666667,1.32493461958418e-05,3.52939742441771e-05
7.06821883073333,2.65640089283109e-05,5.14888257476289e-05
7.0684377548,2.97846212759182e-05,6.94055680049536e-05
7.06865667886667,2.678842848322e-05,8.99820484201937e-05
7.06887560293333,2.21824697490346e-05,0.000113770645221313
7.069094527,2.06480888282574e-05,0.000141249432079873
7.06931345106667,2.64464538648352e-05,0.000172323277221599
7.06953237513333,3.92121401334598e-05,0.000205838509180672
7.0697512992,5.60977564752676e-05,0.000241104415554539
7.06997022326667,7.43262269507436e-05,0.000277357559418227
7.07018914733333,9.12115000173501e-05,0.000313725078232699
7.0704080714,0.000103025397574245,0.000349080616196756
7.07062699546667,0.00010328395197876,0.000382926750571674
7.07084591953333,8.51272608133586e-05,0.000414944432072348
7.0710648436,4.17360761586348e-05,0.00044477395691568
7.07128376766667,-3.25644615836348e-05,0.000473146929974907
7.07150269173333,-0.000125826200800778,0.000503141497922375
7.0717216158,-0.000212175466527005,0.000534413052490417
7.07194053986667,-0.000265436189024177,0.000566408193144309
7.07215946393333,-0.000259549519552736,0.000598636282779172
7.072378388,-0.000179746519418869,0.00062504149960894
7.07259731206667,-5.34642241662437e-05,0.000641148553200068
7.07281623613333,8.17353278346702e-05,0.000646609625904761
7.0730351602,0.000188052424916399,0.000641314573372255
7.07325408426667,0.000228492318147747,0.00062693458936878
7.07347300833333,0.000196742759290805,0.000612706486165497
7.0736919324,0.000121486736895062,0.000602086544685438
7.07391085646667,3.31701425733061e-05,0.000597506550377105
7.07412978053333,-3.78157920677663e-05,0.000601452614856817
7.0743487046,-6.6641141604529e-05,0.000612016487672321
7.07456762866667,-6.05966803377441e-05,0.000623371639856174
7.07478655273333,-3.79695302777512e-05,0.000632535732754023
7.0750054768,-1.618355138917e-05,0.000635663165665571
7.07522440086667,-1.11782390072819e-05,0.000628121936529065
7.07544332493333,-2.45652511454745e-05,0.000610115283396637
7.075662249,-3.49089677600053e-05,0.00057986792476635
7.07588117306667,-1.55330182639798e-05,0.000531444002287951
7.07610009713333,6.45492455484317e-05,0.00045459737999281
7.0763190212,0.00013121994576165,0.000438751731173731
7.07653794526667,0.000230537087739101,0.000423218007073824
7.07675686933333,0.000339517418237501,0.000406095736619313
7.0769757934,0.00043506175107387,0.000385591329300575
7.07719471746667,0.000494102406442289,0.000360107055368338
7.07741364153333,0.000503438840165245,0.000332743160987635
7.0776325656,0.000473705945280579,0.000305887781535104
7.07785148966667,0.000419066144478524,0.000280456009984706
7.07807041373333,0.000353681860449311,0.000257362939309377
7.0782893378,0.000291322381755699,0.000237063378091818
7.07850826186667,0.000239925676470784,0.000218531530741809
7.07872718593333,0.000202966758527209,0.000201488293618027
7.07894611,0.000183807331418322,0.000185738581792521
7.07916503406667,0.000185809016312273,0.000171072372479025
7.07938395813333,0.000209818277693526,0.000155911664057488
7.0796028822,0.000247569329175648,0.000138755608774541
7.07982180626667,0.000288733445792018,0.000118884092526178
7.08004073033333,0.00032298190257602,9.5577001208111e-05
7.0802596544,0.000340341874097742,6.8682405893155e-05
7.08047857846667,0.000340624332789042,4.12804735958801e-05
7.08069750253333,0.000334403994927931,1.53079838924416e-05
7.0809164266,0.00033280802551214,-7.62526804137152e-06
7.08113535066667,0.000346963589539399,-2.59098716757223e-05
7.08135427473333,0.000385535992121909,-4.00564501381801e-05
7.0815731988,0.000443620333767694,-5.29857549283151e-05
7.08179212286667,0.000511661226314553,-6.64498148334487e-05
7.08201104693333,0.000580099152165684,-8.21965292055953e-05
7.082229971,0.000639461687568044,-0.000101727805617788
7.08244889506667,0.000685863668001915,-0.00012353996383971
7.08266781913333,0.000724294776642934,-0.000145859330733842
7.0828867432,0.000760533768603707,-0.000167257686595602
7.08310566726667,0.000800359398996839,-0.000186306811720244
7.08332459133333,0.000848396875770616,-0.000202776102084
7.0835435154,0.000899382565771801,-0.000219013927065492
7.08376243946667,0.000943024560170327,-0.000236457334029158
7.08398136353333,0.000968991250147709,-0.000256506251291003
7.0842002876,0.000966978137273701,-0.000280407738813136
7.08441921166667,0.000933658691676945,-0.000305855881699298
7.08463813573333,0.000881927850561217,-0.000330595409930688
7.0848570598,0.000826980277131877,-0.000353297371994435
7.08507598386667,0.000784010634594279,-0.000372632816377649
7.08529490793333,0.000767656550726586,-0.000387953627708648
7.085513832,0.00078472005257775,-0.000400953734631817
7.08573275606667,0.000836216889155286,-0.000412538698420279
7.08595168013333,0.000923027485609958,-0.000423513346636788
7.0861706042,0.00104603178980777,-0.000434718073866168
7.08638952826667,0.00120055339670651,-0.000449322324149139
7.08660845233333,0.00136255816874564,-0.000468852550792017
7.0868273764,0.00150379900966631,-0.000493038092333895
7.08704630046667,0.00159602882320972,-0.000521608287315707
7.08726522453333,0.00161217128259533,-0.000552814283964739
7.0874841486,0.00155529445881855,-0.000579485274158672
7.08770307266667,0.00146051417994159,-0.000601061990282616
7.08792199673333,0.00136449816278509,-0.000617985763529061
7.0881409208,0.00130391412416969,-0.000630700117076696
7.08835984486667,0.00130698482727256,-0.000644337095030477
7.08857876893333,0.00135720849157225,-0.000663441978649676
7.088797693,0.00142333330553286,-0.000687072041749141
7.08901661706667,0.00147409832526581,-0.000714275425790598
7.08923554113333,0.00147867254126312,-0.000743257495857767
7.0894544652,0.0014312197141597,-0.000766318012175182
7.08967338926667,0.00136419164730929,-0.000782211932532927
7.08989231333333,0.00131328125961027,-0.000791476073798955
7.0901112374,0.00131418146996102,-0.000794647252842194
7.09033016146667,0.00139716638366174,-0.000796110887736721
7.09054908553333,0.00154809386564593,-0.000803152399140118
7.0907680096,0.00173106669414881,-0.000816363800482857
7.09098693366667,0.00191003858904979,-0.000836194403757988
7.09120585773333,0.00204903183105436,-0.000862781256940154
7.0914247818,0.00212688399584375,-0.000890649957269877
7.09164370586667,0.00215562631322346,-0.000917177963387309
7.09186262993333,0.00215180291842524,-0.000941793961780972
7.092081554,0.00213195794668084,-0.000963926638939264
7.09230047806667,0.00211243315305623,-0.000983222049547705
7.09251940213333,0.00210686319295596,-0.000999932281091464
7.0927383262,0.0021269517045376,-0.00101395010976886
7.09295725026667,0.00218436073684779,-0.00102513619730633
7.09317617433333,0.00229075081405005,-0.00103341880113327
7.0933950984,0.00244908143736822,-0.00104296859357921
7.09361402246667,0.00263315825241357,-0.00105688311277075
7.09383294653333,0.00281068781400439,-0.0010758396652076
7.0940518706,0.00294937667695895,-0.00110051555738753
7.09427079466667,0.00301833084588462,-0.00112979538792607
7.09448971873333,0.00302039085019778,-0.00115541057211684
7.0947086428,0.00299301435551668,-0.00117541768555401
7.09492756686667,0.00297523503643946,-0.00118888388364229
7.09514649093333,0.00300608656756431,-0.00119488284511344
7.095365415,0.00311147630951225,-0.00120197705585502
7.09558433906667,0.00325060217021893,-0.00122526487568044
7.09580326313333,0.00336152232182895,-0.00127350464074861
7.0960221872,0.00335839833897554,-0.00132876550025434
7.09624111126667,0.00310317522018665,-0.00125635154900202
7.09646003533333,0.00336993902607319,-0.00132237196736583
7.0966789594,0.00453130272686917,-0.00177324216011463
7.09689788346667,0.00477689374606506,-0.00158023368964312
7.09711680753333,0.00418550548247122,-0.00136033235342665
7.0973357316,0.00395685426590468,-0.00129843666559007
7.09755465566667,0.00467056923587804,-0.00133629988931742
7.09777357973333,0.0046104336173382,-0.00145791628504466
7.0979925038,0.00439202946172262,-0.00136305176993391
7.09821142786667,0.00479247968098341,-0.0014160249420446
7.09843035193333,0.00484786472767649,-0.00147485128232991
7.098649276,0.00453855485984074,-0.00152065457713729
7.09886820006667,0.00433396748548865,-0.00150074950958873
7.09908712413333,0.00457622580766104,-0.00145436291645916
7.0993060482,0.0049955493479962,-0.00147156402392633
7.09952497226667,0.00494564792891193,-0.00159536687444512
7.09974389633333,0.00515317042460179,-0.00140620792849351
7.0999628204,0.00640837272189784,-0.00140835379217931
7.10018174446667,0.00630699752237978,-0.00168665149541113
7.10040066853333,0.00620575478000487,-0.00151246155235217
7.1006195926,0.00657895854380057,-0.00170507113018752
7.10083851666667,0.00556432738013472,-0.0017205915996531
7.10105744073333,0.0067124054789442,-0.00131476384107534
7.1012763648,0.00791728150757454,-0.00177201227619306
7.10149528886667,0.00657640918517381,-0.00184406230104106
7.10171421293333,0.00650221302073127,-0.00161792817391772
7.101933137,0.00701603164690472,-0.0016556553466821
7.10215206106667,0.00712320225502418,-0.00172231741547548
7.10237098513333,0.00725218263492256,-0.00170218696974481
7.1025899092,0.00805338902865324,-0.00161042434070598
7.10280883326667,0.00855730182712195,-0.00177174061141455
7.10302775733333,0.00860767818933968,-0.00175515052894885
7.1032466814,0.00918029014429871,-0.00173063543532773
7.10346560546667,0.00913116669853596,-0.00187523272943832
7.10368452953333,0.0092560268004993,-0.00172156470334236
7.1039034536,0.010295206424858,-0.00170038592875834
7.10412237766667,0.0109699631818465,-0.00179657219916497
7.10434130173333,0.0116606387643603,-0.00173482669154106
7.1045602258,0.0123367461858201,-0.00179735437100268
7.10477914986667,0.0123627315091816,-0.00198757723384781
7.10499807393333,0.0117826483879453,-0.00193983982626137
7.105216998,0.0126106231966676,-0.00164163878564395
7.10543592206667,0.0142608050198083,-0.00188363917623472
7.10565484613333,0.0141307383781218,-0.00200343940828889
7.1058737702,0.0141690099313083,-0.00187182031655297
7.10609269426667,0.0152123244862403,-0.00178360901700457
7.10631161833333,0.0164784346266806,-0.00187387011235145
7.1065305424,0.0170111814099098,-0.0019158953150744
7.10674946646667,0.0180771928919535,-0.0018144950968958
7.10696839053333,0.0193580061459669,-0.00192948961168371
7.1071873146,0.0201934923039946,-0.00185557969733026
7.10740623866667,0.0219049600603121,-0.0017810628585609
7.10762516273333,0.0234157933509652,-0.00190335612681051
7.1078440868,0.0245024185037168,-0.00184723632420739
7.10806301086667,0.0264038279697135,-0.00168577606460775
7.10828193493333,0.0294558901055377,-0.00144715752577567
7.108500859,0.0332178767713207,-0.0017987409687055
7.10871978306667,0.0369298559934523,-0.00219175313073965
7.10893870713333,0.0402763551620737,-0.0016018089011093
7.1091576312,0.0446675255624883,-0.00107973685775947
7.10937655526667,0.0521892876371393,-0.000546396061948805
7.10959547933333,0.0629575455801413,-0.000309220236671001
7.1098144034,0.0745476086351228,7.51380159414033e-05
7.11003332746667,0.0904014906322776,0.0010212766080174
7.11025225153333,0.11008643946995,0.00127901941965694
7.1104711756,0.130342134214042,0.00164845670367134
7.11069009966667,0.153041200164145,0.00210762402056877
7.11090902373333,0.176509535441049,0.00211596687207344
7.1111279478,0.198996844531333,0.00212743394756432
7.11134687186667,0.220111228436567,0.00180715966557704
7.11156579593333,0.237097402393105,0.00124309630047437
7.11178472,0.25077572784246,0.00106269504905682
7.11200364406667,0.263371825050956,0.000998105171982677
7.11222256813333,0.275235743319533,0.000965070531508072
7.1124414922,0.285894928533596,0.000857050614306132
7.11266041626667,0.295937554165585,0.000919064803514058
7.11287934033333,0.306263333618138,0.000959138483971944
7.1130982644,0.3162761850317,0.000886836714970807
7.11331718846667,0.325308558806495,0.000761143188530322
7.11353611253333,0.333673750401292,0.000802279158288399
7.1137550366,0.341932209602296,0.000711072066009455
7.11397396066667,0.34863531156549,0.000458753298542169
7.11419288473333,0.353814859705664,0.000315138567764384
7.1144118088,0.358082276651701,0.000175169866027225
7.11463073286667,0.361462308417221,6.25967298342189e-05
7.11484965693333,0.36413751353588,-3.19636619112718e-05
7.115068581,0.366357257771244,-8.55615497276085e-05
7.11528750506667,0.368467783104203,-6.35229998755538e-05
7.11550642913333,0.370965695080471,3.06804813687833e-06
7.1157253532,0.374236695892306,0.000114643641186629
7.11594427726667,0.378164886784226,0.000167004590741371
7.11616320133333,0.382983414477182,0.000455647623015976
7.1163821254,0.390688563647637,0.000942886891460659
7.11660104946667,0.400889006154443,0.00122696260850502
7.11681997353333,0.412135160424232,0.00133738974824332
7.1170388976,0.423792071316576,0.00148704882581685
7.11725782166667,0.436889308490182,0.00183064306098785
7.11747674573333,0.452197728599301,0.00221404124442032
7.1176956698,0.468907972157972,0.00224949137513047
7.11791459386667,0.484971032120693,0.00229901535135718
7.11813351793333,0.502075659555253,0.00266995633530009
7.118352442,0.520213568219786,0.00270104146734029
7.11857136606667,0.537135147825172,0.00245948741548396
7.11879029013333,0.552105255931952,0.00244126594184435
7.1190092142,0.568943149268383,0.00312412073947033
7.11922813826667,0.5893507756174,0.00349075384225284
7.11944706233333,0.610221051160918,0.00336900946855034
7.1196659864,0.628622857027562,0.00301666322394467
7.11988491046667,0.645475261492558,0.00306647351110001
7.12010383453333,0.662550275710189,0.00314980762789174
7.1203227586,0.679610675809366,0.00328582433550728
7.12054168266667,0.697135705670587,0.00336526780038926
7.12076060673333,0.71309414905303,0.00282968967855779
7.1209795308,0.725815847270773,0.0026609262863897
7.12119845486667,0.738505322402694,0.00284938433475301
7.12141737893333,0.750753846695359,0.00228427017559707
7.121636303,0.76228867917172,0.00214743025555519
7.12185522706667,0.773573726204611,0.00244268385636481
7.12207415113333,0.782195352566978,0.00174790496633115
7.1222930752,0.791752335986292,0.00223225320044651
7.12251199926667,0.803793910834045,0.00266221292727864
7.12273092333333,0.813264449140816,0.00230367850970681
7.1229498474,0.820668719418835,0.0021055227734299
7.12316877146667,0.828068830281067,0.00224489764875535
7.12338769553333,0.836358822038522,0.0022946678358291
7.1236066196,0.844388180779735,0.00217137658609801
7.12382554366667,0.851792840155677,0.00197320040638904
7.12404446773333,0.857360856565492,0.00155278517871127
7.1242633918,0.861822157428617,0.0021470617865319
7.12448231586667,0.872099520769033,0.00282577613479973
7.12470123993333,0.880330669982744,0.00167111810114851
7.124920164,0.88406138815612,0.00191751479747515
7.12513908806667,0.892696722599143,0.00165918648821484
7.12535801213333,0.898274332018391,0.00120075757880989
7.1255769362,0.903881742466967,0.00243728104468033
7.12579586026667,0.913697111720626,0.00214495937574555
7.12601478433333,0.919479332623044,0.00185775972845059
7.1262337084,0.927972030899021,0.00271847772279243
7.12645263246667,0.938581201515487,0.00222788713569222
7.12667155653333,0.945429676943138,0.00238171341246007
7.1268904806,0.954882535988094,0.00284824484352952
7.12710940466667,0.964699882708334,0.00253886363736
7.12732832873333,0.973773303466542,0.00292221846629404
7.1275472528,0.985477361995356,0.0030847422007505
7.12776617686667,0.996287635930251,0.00278570202291717
7.12798510093333,1.00567373006612,0.00287857576732087
7.128204025,1.01631982161011,0.00345555711178669
7.12842294906667,1.0295686391359,0.00324517160271931
7.12864187313333,1.03782114967647,0.00223569603038887
7.1288607972,1.04493277668103,0.00324055241653287
7.12907972126667,1.05702830582105,0.00318821805725911
7.12929864533333,1.06379272144438,0.00229672601630027
7.1295175694,1.06913055305927,0.00259989443033493
7.12973649346667,1.07467188595456,0.00223513326435976
7.12995541753333,1.07576559571217,0.00194327127866134
7.1301743416,1.07624360207605,0.00136087371767513
7.13039326566667,1.07672437950827,0.00117678835061596
7.13061218973333,1.07469995369198,0.00123729720103927
7.1308311138,1.06869177078705,0.00100006821181076
7.13105003786667,1.06368100825686,0.00126978925693133
7.13126896193333,1.05826899463649,0.000708963634106219
7.131487886,1.04993329181923,0.000661999029404781
7.13170681006667,1.04350725609097,0.000766770701216446
7.13192573413333,1.03539990899769,0.000256339957811935
7.1321446582,1.02530468472647,0.000440520141953282
7.13236358226667,1.01698066057034,0.000427292809008106
7.13258250633333,1.0084679516945,0.000180179977911754
7.1328014304,0.999636828234449,0.000235364361243939
7.13302035446667,0.990796011970691,0.000231293763877871
7.13323927853333,0.982164131340987,0.0004790355167541
7.1334582026,0.977217610591691,0.000931016024972253
7.13367712666667,0.971581617266997,0.000128001397845301
7.13389605073333,0.962423879059039,0.000214888704158422
7.1341149748,0.956968848513186,0.000579469044603043
7.13433389886667,0.951438629255209,0.000270840537300532
7.13455282293333,0.947120866793774,0.00106872439877947
7.134771747,0.94742060104617,0.00100045305551222
7.13499067106667,0.94416127496977,0.000387336657535986
7.13520959513333,0.940436586464548,0.000905851663764778
7.1354285192,0.939814280534647,0.00115033482257509
7.13564744326667,0.939165082578039,0.000612957752252674
7.13586636733333,0.934640871308524,0.000280879323500627
7.1360852914,0.933891707152047,0.00175204609056823
7.13630421546667,0.938898429871499,0.00126838503671045
7.13652313953333,0.937330739154412,0.000760877551886585
7.1367420636,0.939156998941649,0.0019023866220611
7.13696098766667,0.944643807811422,0.00147011966952348
7.13717991173333,0.945717877017304,0.000903667328962854
7.1373988358,0.944964540200568,0.00114125345001714
7.13761775986667,0.948873381929918,0.00204080279125529
7.13783668393333,0.954829063746442,0.00134628481081156
7.138055608,0.955455520333435,0.00128066998046483
7.13827453206667,0.958997770643838,0.00183452789656691
7.13849345613333,0.96272751360509,0.0011900069934544
7.1387123802,0.963711843330555,0.00139174349736404
7.13893130426667,0.967356346569259,0.00178989929381301
7.13915022833333,0.971572342781328,0.00179902811163279
7.1393691524,0.974285078947444,0.00118666474588069
7.13958807646667,0.975444487171239,0.000495316908743271
7.13980700053333,0.976215945656856,0.001228567236779
7.1400259246,0.979054186998303,0.00189135868194679
7.14024484866667,0.982403756804153,0.00135252286453602
7.14046377273333,0.982797973200607,0.0010643625649791
7.1406826968,0.982565313727404,0.00111142721191948
7.14090162086667,0.982580095170725,0.00109536851077263
7.14112054493333,0.982533457838945,0.00103011612233483
7.141339469,0.982146384455086,0.000956781181714716
7.14155839306667,0.981410565570476,0.000911253532354772
7.14177731713333,0.980436972697707,0.000886932047089117
7.1419962412,0.979337097412132,0.000876703240579868
7.14221516526667,0.978222248276409,0.000873003110256287
7.14243408933333,0.977178900098392,0.000865887742767968
7.1426530134,0.976243778182143,0.00085823839172694
7.14287193746667,0.97544767412029,0.000856237489431866
7.14309086153333,0.974821379505461,0.000866067468178411
7.1433097856,0.974395819389528,0.000893041217914781
7.14352870966667,0.974203446455033,0.000935769773489747
7.14374763373333,0.974277687752637,0.000989670804320553
7.1439665578,0.974651986076609,0.00105013774400387
7.14418548186667,0.975359774061059,0.00111244694907087
7.14440440593333,0.97642209688789,0.00116853996071009
7.14462333,0.977823529584447,0.00121611625441087
7.14484225406667,0.979541968937914,0.00125600004554982
7.14506117813333,0.981555311735474,0.00128901554948668
7.1452801022,0.983841729510376,0.00131632235609747
7.14549902626667,0.986384775655286,0.0013404559178205
7.14571795033333,0.98917291108391,0.00136325004458138
7.1459368744,0.992194776335104,0.00138642241650611
7.14615579846667,0.995439011947727,0.00141168474448172
7.14637472253333,0.9988909728275,0.00143825887191062
7.1465936466,1.00252154709528,0.00146327787967149
7.14681257066667,1.0062976424209,0.00148490749547459
7.14703149473333,1.01018616635571,0.00150131356557481
7.1472504188,1.01415332206207,0.00150967107690447
7.14746934286667,1.01813796588548,0.0015025940786022
7.14768826693333,1.02204345067795,0.00147979230204287
7.147907191,1.02577075864337,0.00144235383048086
7.14812611506667,1.02922087198563,0.0013913667472305
7.14834503913333,1.03230986563036,0.00133688153069134
7.1485639632,1.0350544362116,0.00129151048652543
7.14878288726667,1.03751243369534,0.00125437339024126
7.14900181133333,1.03974183116112,0.00122446722955361
7.1492207354,1.04180043679834,0.00120038111174825
7.14943965946667,1.04372872381423,0.00117690331808329
7.14965858353333,1.04553482126079,0.00115434688098426
7.1498775076,1.04722332026528,0.00113483301869111
7.15009643166667,1.04879881195493,0.00112048294941558
7.15031535573333,1.0502662242193,0.0011130725623909
7.1505342798,1.05163399458901,0.00111081253109391
7.15075320386667,1.05291264622578,0.0011098057247303
7.15097212793333,1.05411272984009,0.00110612740602778
7.151191052,1.05524478877272,0.00109581706995754
7.15140997606667,1.05631450654743,0.0010755855374196
7.15162890013333,1.05731431411921,0.00104776440186938
7.1518478242,1.05823440435174,0.00101611283534586
7.15206674826667,1.05906497010871,0.000984390009898251
7.15228567233333,1.05979603377612,0.00095591211351187
7.1525045964,1.06041463587496,0.00093076531753078
7.15272352046667,1.06090527890829,0.000907963578801629
7.15294244453333,1.06125238439433,0.000886557244353714
7.1531613686,1.0614403738513,0.000865595195254976
7.15338029266667,1.06145326946166,0.00084370548139967
7.15359921673333,1.06127346665375,0.000818958911078749
7.1538181408,1.06088294667968,0.000789480920170504
7.15403706486667,1.06026369079149,0.000753396944646489
7.15425598893333,1.05939925232078,0.000711146113714145
7.154474913,1.05832569372675,0.000676326713549891
7.15469383706667,1.05714269008272,0.000653624552177101
7.15491276113333,1.05595373488593,0.000645576165337003
7.1551316852,1.0548623216336,0.00065471808849793
7.15535060926667,1.05395511451876,0.000673106451321681
7.15556953333333,1.05321544813428,0.00068759420065323
7.1557884574,1.0525874644264,0.000697269109069643
7.15600738146667,1.05201523051962,0.000701293770880795
7.15622630553333,1.05144320702717,0.000699728487005613
7.1564452296,1.05084864065463,0.000701177118444418
7.15666415366667,1.05026572176228,0.000706358100354576
7.15688307773333,1.04973433227339,0.000713149469046881
7.1571020018,1.04929435411123,0.000719429260840121
7.15732092586667,1.04898103499496,0.000720537305333835
7.15753984993333,1.0487855370589,0.000712910975610326
7.157758774,1.04867462857603,0.000701437958842144
7.15797769806667,1.04861481975724,0.000691237824194779
7.15819662213333,1.0485726688569,0.000687664563490342
7.1584155462,1.04853413606701,0.000698742002605002
7.15863447026667,1.0485342298315,0.000720982271677606
7.15885339433333,1.04861559072233,0.000746916901418926
7.1590723184,1.0488208593115,0.000769077422541509
7.15929124246667,1.04918560971965,0.000774546903189455
7.15951016653333,1.04963451862489,0.000745184584950875
7.1597290906,1.05000417381936,0.000687955066879686
7.15994801466667,1.05012873430668,0.000611627967022299
7.16016693873333,1.04984235960168,0.000525225963218023
7.1603858628,1.04904435020045,0.000463440174732765
7.16060478686667,1.04787920110922,0.000440583175619791
7.16082371093333,1.04654908772503,0.000447475419374177
7.161042635,1.04525618544494,0.000474937359510985
7.16126155906667,1.04419785616149,0.000508366683760197
7.16148048313333,1.04343182964506,0.000516801863523764
7.1616994072,1.04285795179533,0.000505620622109682
7.16191833126667,1.04236758737948,0.000485469628044077
7.16213725533333,1.04185210116469,0.000466995966013295
7.1623561794,1.04121916224753,0.000466008117920413
7.16257510346667,1.0404687274526,0.000485071250808655
7.16279402753333,1.03963318852729,0.000512505478148517
7.1630129516,1.03874497284094,0.000536595291444453
7.16323187566667,1.0378364594556,0.000545856880161955
7.16345079973333,1.03693676525653,0.000537203577203549
7.1636697238,1.03606972971337,0.000518528966233722
7.16388864786667,1.03525871146935,0.000498504813541079
7.16410757193333,1.0345270691677,0.00048580288540423
7.164326496,1.03389318434075,0.000484142295853029
7.16454542006667,1.03333205509619,0.000485591288918785
7.16476434413333,1.03279631448217,0.000485624510670801
7.1649832682,1.03223840989804,0.000479884640874673
7.16520219226667,1.03161092155895,0.000464666384994317
7.16542111633333,1.03090216933766,0.00045085825770963
7.1656400404,1.0301843042613,0.000445458642684304
7.16585896446667,1.02954148268626,0.000450567153595482
7.16607788853333,1.02905786096889,0.00046828340411853
7.1662968126,1.02880834423188,0.000492542805932805
7.16651573666667,1.02873702182121,0.000499725787935557
7.16673466073333,1.02869103639567,0.000488103124485217
7.1669535848,1.0285152444095,0.000457650356054495
7.16717250886667,1.02805450768713,0.000408691112948611
7.16739143293333,1.0272143851374,0.000367871376469875
7.167610357,1.0261115966646,0.000351128394042055
7.16782928106667,1.02490875250411,0.000356635694508389
7.16804820513333,1.02376846289131,0.000382566806727214
7.1682671292,1.02284880668808,0.000421885706306746
7.16848605326667,1.02219250538375,0.000448545194979388
7.16870497733333,1.02172037488836,0.000460496430527924
7.1689239014,1.02134738884545,0.000459314032488223
7.16914282546667,1.02098852089857,0.000446573792144855
7.16936174953333,1.02056474970872,0.000427007635338539
7.1695806736,1.02002841557181,0.000405253812900908
7.16979959766667,1.01934206328927,0.000382411249249426
7.17001852173333,1.01846824315864,0.000359573372676225
7.1702374458,1.01737009030656,0.000338798975775045
7.17045636986667,1.01604334487523,0.000327791959290336
7.17067529393333,1.01453290559336,0.000324847913518278
7.170894218,1.01288774269895,0.000326041282555423
7.17111314206667,1.01115682643002,0.00032744651047345
7.17133206613333,1.00938432590396,0.000323110231730483
7.1715509902,1.0075760484439,0.000310416136541036
7.17176991426667,1.00571941277395,0.000293938224234624
7.17198883833333,1.00380172196703,0.000278361172761699
7.1722077624,1.00181036396826,0.000268629688234601
7.17242668646667,0.999748989058942,0.000271880575935413
7.17264561053333,0.997656715799815,0.00028716830931419
7.1728645346,0.995577337999944,0.000311091026348409
7.17308345866667,0.993554649468393,0.000340246865048077
7.17330238273333,0.991626380795949,0.000366579309202808
7.1735213068,0.989752720974509,0.000375583229089815
7.17374023086667,0.987840263787628,0.000366749383284071
7.17395915493333,0.98579453484204,0.000340403988542071
7.174178079,0.983521075120751,0.000297252272725035
7.17439700306667,0.98097421452573,0.000259568392535825
7.17461592713333,0.978265241892065,0.000243588318617927
7.1748348512,0.975536948029249,0.000253559721396623
7.17505377526667,0.972932123746775,0.000293730271263892
7.17527269933333,0.970588121816461,0.00036187251885289
7.1754916234,0.968520219153157,0.000428576601707698
7.17571054746667,0.966623260045758,0.00048319709287703
7.17592947153333,0.964786979410613,0.000518244879372798
7.1761483956,0.962901112164071,0.000526250184272881
7.17636731966667,0.960886540029624,0.000518678950777618
7.17658624373333,0.958814534119091,0.000515131181472062
7.1768051678,0.956801695976469,0.000521166421443953
7.17702409186667,0.954964636421243,0.000542334940293765
7.17724301593333,0.953418121898371,0.000581036608621854
7.17746194,0.952190703870392,0.00061657760331979
7.17768086406667,0.951189732119366,0.00064316540746534
7.17789978813333,0.950313459233767,0.000659711731503365
7.1781187122,0.949460137802066,0.000665128285877392
7.17833763626667,0.948541282535974,0.000666576135909591
7.17855656033333,0.947565712181771,0.000676067521877655
7.1787754844,0.946585580637338,0.000692572276685843
7.17899440846667,0.945653240349241,0.000714866460929109
7.17921333253333,0.944821004795033,0.000741620176653024
7.1794322566,0.944135656498357,0.000770474354231276
7.17965118066667,0.943632766705123,0.000801181197013778
7.17987010473333,0.943346550543057,0.000834179006716007
7.1800890288,0.943311223139883,0.000869906085059879
7.18030795286667,0.943555958844346,0.000904937232866332
7.18052687693333,0.944051336338436,0.000930158873685638
7.180745801,0.944730132257294,0.000946032961157361
7.18096472506667,0.945524493274234,0.000953530349149578
7.18118364913333,0.946366574021996,0.000953718604254528
7.1814025732,0.947199282764003,0.000950999305467715
7.18162149726667,0.947997541979914,0.000945920571868819
7.18184042133333,0.948742204917186,0.000936449831904218
7.1820593454,0.949414124823274,0.000920554514032501
7.18227826946667,0.949996751993369,0.000899073429655339
7.18249719353333,0.950525269516592,0.000883529442987641
7.1827161176,0.951082504608777,0.000877529106214525
7.18293504166667,0.951753062061988,0.000883539633439456
7.18315396573333,0.952621546668293,0.00090399904882088
7.1833728898,0.953750032212116,0.000929015890058227
7.18359181386667,0.95510010874153,0.000946784126030775
7.18381073793333,0.956605364493646,0.000954793773782936
7.184029662,0.958199386507415,0.000950536048500594
7.18424858606667,0.959816714649331,0.00093306680486227
7.18446751013333,0.961429828743137,0.000912645568329706
7.1846864342,0.963061020317936,0.00089444065726052
7.18490535826667,0.964735963382775,0.000881868283627574
7.18512428233333,0.966480331946696,0.000878344659376196
7.1853432064,0.968314033272113,0.000882670728582724
7.18556213046667,0.970218064831416,0.000886889841477223
7.18578105453333,0.972157337470547,0.000886579189234737
7.1859999786,0.974096711022487,0.000877366613398323
7.18621890266667,0.976001338067505,0.000855738408770179
7.18643782673333,0.977868265852753,0.000830893279321621
7.1866567508,0.97975467362758,0.000809759862789527
7.18687567486667,0.98172440305461,0.000796462932681874
7.18709459893333,0.983841295796467,0.000795127262530615
7.187313523,0.986160581328521,0.000802817786408228
7.18753244706667,0.988646380883293,0.000803331667587726
7.18775137113333,0.99120804897044,0.000792583811232817
7.1879702952,0.993754191779019,0.000767110504164781
7.18818921926667,0.996193459825799,0.000723842966940724
7.18840814333333,0.998466472560332,0.00067378250630179
7.1886270674,1.00060210908379,0.000625494846943297
7.18884599146667,1.00264435092563,0.000581820632798102
7.18906491553333,1.00463717961532,0.00054560050780017
7.1892838396,1.00662466802098,0.000519488120932721
7.18950276366667,1.00865251245797,0.00050351632148038
7.18972168773333,1.01076780486318,0.000495729447538951
7.1899406118,1.0130176826202,0.000494118551053857
7.19015953586667,1.0154492831126,0.000496609866726283
7.19037845993333,1.01807993685016,0.000488080519663647
7.190597384,1.0208041578853,0.000459313743390588
7.19081630806667,1.02348483207128,0.000412969338961844
7.19103523213333,1.0259848452317,0.000351707137062229
7.1912541562,1.02816958177572,0.000281409603395844
7.19147308026667,1.02998987812985,0.000222632448176663
7.19169200433333,1.03150125501842,0.000176497486659155
7.1919109284,1.0327656279617,0.000140453843915589
7.19212985246667,1.03384491247996,0.000111950644999137
7.19234877653333,1.0348013078111,8.91079542146844e-05
7.1925677006,1.0356987783921,7.21710746229842e-05
7.19278662466667,1.03660196644277,6.16984248040797e-05
7.19300554873333,1.03757551558268,5.82470238177368e-05
7.1932244728,1.0386830202506,6.00205589269542e-05
7.19344339686667,1.0398978067237,4.14753084974073e-05
7.19366232093333,1.04103479832351,-2.86664170334738e-06
7.193881245,1.04189287617568,-7.07649198368188e-05
7.19410016906667,1.04227092140589,-0.000159979154050305
7.19431909313333,1.04199332035354,-0.000250795604836318
7.1945380172,1.04113065751322,-0.000305336283022761
7.19475694126667,1.03989133265165,-0.000323097583788234
7.19497586533333,1.03848525911575,-0.000304895621330292
7.1951947894,1.03712218768279,-0.000252581372518268
7.19541371346667,1.03594126208745,-0.000197661160129092
7.19563263753333,1.03490094223394,-0.000165371585870489
7.1958515616,1.03393119620126,-0.000169925640387092
7.19607048566667,1.03296199206838,-0.000225536314306884
7.19628940973333,1.03192366623491,-0.000342802649084373
7.1965083338,1.03075243580378,-0.000500185533664599
7.19672725786667,1.029389241625,-0.000659772948462756
7.19694618193333,1.02777515799114,-0.000783561068394389
7.197165106,1.02585125933489,-0.000833478749722616
7.19738403006667,1.02359155085238,-0.000776659562058191
7.19760295413333,1.02109541197216,-0.00063531053939947
7.1978218782,1.01849205426985,-0.00045049605810199
7.19804080226667,1.01591068932109,-0.000263280494559259
7.19825972633333,1.01347714038865,-0.000116870081301901
7.1984786504,1.01121673393172,-4.11276497622737e-05
7.19869757446667,1.00903989066657,-2.04283305116348e-05
7.19891649853333,1.00685074498124,-3.47863626828371e-05
7.1991354226,1.00455343126378,-6.42158262189607e-05
7.19935434666667,1.0020701269248,-8.30779962104344e-05
7.19957327073333,0.999426483707715,-7.97370891258975e-05
7.1997921948,0.996684972960727,-5.826342504478e-05
7.20001111886667,0.993908110645469,-2.27719374471524e-05
7.20023004293333,0.991158067320376,2.20027645627674e-05
7.200448967,0.988472914988691,6.72103417516112e-05
7.20066789106667,0.985851291454441,0.00011140716087088
7.20088681513333,0.983288186827998,0.000155065718069003
7.2011057392,0.980778591219734,0.000198658509534488
7.20132466326667,0.978316758182843,0.000241996937328293
7.20154358733333,0.975890438846451,0.000283447195174924
7.2017625114,0.973483997033447,0.000321957351983482
7.20198143546667,0.971081767379728,0.000356501472719595
7.20220035953333,0.968668083099723,0.000386065239078026
7.2024192836,0.966226870838284,0.000410737292035335
7.20263820766667,0.963741092030225,0.000432702614513336
7.20285713173333,0.9611935680046,0.000454389904325114
7.2030760558,0.958567120090462,0.000478227859253111
7.20329497986667,0.95584841451225,0.000509433056706365
7.20351390393333,0.95307939462314,0.000556050231746874
7.203732828,0.95034343214594,0.00061477374202068
7.20395175206667,0.947724901532394,0.000681548607832649
7.20417067613333,0.945308175497277,0.000752199141314747
7.2043896002,0.94315255880304,0.0008137395848693
7.20460852426667,0.941229151873557,0.000861483624929993
7.20482744833333,0.939489665459782,0.000898620355332391
7.2050463724,0.937885810312671,0.000928338869909173
7.20526529646667,0.936371255635284,0.000955864366150361
7.20548422053333,0.93495047010179,0.000992537829119344
7.2057031446,0.933682141054056,0.00103787922766185
7.20592206866667,0.932627599035109,0.00108977720927084
7.20614099273333,0.931848174587972,0.00114611915254725
7.2063599168,0.931394181059015,0.00119959156339433
7.20657884086667,0.931257642973994,0.00124441836068001
7.20679776493333,0.931411379894445,0.00128162215587158
7.207016689,0.931828199606453,0.00131223733589048
7.20723561306667,0.932481092133593,0.00133756937875928
7.20745453713333,0.933353515482165,0.00136010778612805
7.2076734612,0.934444890460447,0.0013787556905297
7.20789238526667,0.935755980784402,0.00139167169597976
7.20811130933333,0.937287550169996,0.00139701440648077
7.2083302334,0.93904423654555,0.00139597887394649
7.20854915746667,0.94106202113002,0.00139477408531985
7.20876808153333,0.943392068749458,0.0013963395545411
7.2089870056,0.946085643844688,0.00140352209201933
7.20920592966667,0.94919380048939,0.00141835062952111
7.20942485373333,0.9527253525382,0.00142679353868613
7.2096437778,0.956596002643343,0.00141946350057975
7.20986270186667,0.96070902853996,0.00139200579546706
7.21008162593333,0.964967707963192,0.00134006570367762
7.21030055,0.96928131008287,0.00126506821001215
7.21051947406667,0.973636963707902,0.00118537701855104
7.21073839813333,0.978076224162066,0.00111067567299628
7.2109573222,0.98264176241041,0.00104982762791184
7.21117624626667,0.987376248690033,0.00101162597583915
7.21139517033333,0.992317784837762,0.00099320458128116
7.2116140944,0.997489076539411,0.000970302324870609
7.21183301846667,1.00290958948987,0.000916828027394345
7.21205194253333,1.00859878938404,0.000806690509553842
7.2122708666,1.01457407385107,0.000614239673671246
7.21248979066667,1.02079704323842,0.000345627131341342
7.21270871473333,1.02716850380417,4.95035942094102e-05
7.2129276388,1.03358619207403,-0.000222871001755109
7.21314656286667,1.03994784457374,-0.000420236708119415
7.21336548693333,1.04616611958319,-0.000500341318913522
7.213584411,1.05224041155618,-0.000484918915441668
7.21380333506667,1.05820137357465,-0.000421492662099787
7.21402225913333,1.06407970046179,-0.000357627464474319
7.2142411832,1.06990598914563,-0.000340266303104242
7.21446010726667,1.0757023185638,-0.000389919109243131
7.21467903133333,1.08147576656573,-0.000490151552704043
7.2148979554,1.08723188482168,-0.000621663068968603
7.21511687946667,1.09297622500193,-0.000765153093450266
7.21533580353333,1.09870823243336,-0.000907345020398242
7.2155547276,1.10436325060595,-0.00105190373990149
7.21577365166667,1.10983831738453,-0.00119739806492958
7.21599257573333,1.11502995625217,-0.00134198281824682
7.2162114998,1.1198347261564,-0.00148344208895579
7.21643042386667,1.12419031637243,-0.0016069210527232
7.21664934793333,1.12815483528182,-0.00171097455612279
7.216868272,1.13180831356083,-0.0018034169181842
7.21708719606667,1.13523078188574,-0.0018920624579315
7.21730612013333,1.1384997410815,-0.00198652340672445
7.2175250442,1.14163826510268,-0.00209536751683448
7.21774396826667,1.14461701127728,-0.00221070338766483
7.21796289233333,1.14740450930929,-0.00232318329176939
7.2181818164,1.14996928890266,-0.00242345955615075
7.21840074046667,1.15228203315959,-0.00250463994943018
7.21861966453333,1.1543242596164,-0.00257167692464466
7.2188385886,1.1560808857489,-0.00263313384359076
7.21905751266667,1.15753683024181,-0.00269757527698622
7.21927643673333,1.15867726299198,-0.00277284417527857
7.2194953608,1.15950244545718,-0.00285590163727645
7.21971428486667,1.1600360418496,-0.00293896631302037
7.21993320893333,1.16030373078847,-0.00301486319080291
7.220152133,1.160331190893,-0.00307641725892283
7.22037105706667,1.1601399665046,-0.00312024328956184
7.22058998113333,1.15971476362808,-0.00315188246130216
7.2208089052,1.15902095190195,-0.00317393285102607
7.22102782926667,1.15802372982841,-0.00318884230771821
7.22124675333333,1.15668835865899,-0.0031987015258319
7.2214656774,1.1550070021942,-0.00319661163610108
7.22168460146667,1.15304052059556,-0.00318151771579189
7.22190352553333,1.15086058139341,-0.00315682376021886
7.2221224496,1.14853885211803,-0.0031259337647298
7.22234137366667,1.14614279020795,-0.00309564533014051
7.22256029773333,1.14366621528748,-0.00307835428168657
7.2227792218,1.14104027106758,-0.00307086371506249
7.22299814586667,1.13819410141775,-0.00306859866383213
7.22321706993333,1.1350568502075,-0.0030669639153964
7.223435994,1.131573942574,-0.00305513194924134
7.22365491806667,1.12776183313295,-0.00302770478646619
7.22387384213333,1.12365634138669,-0.00298676646357077
7.2240927662,1.11929328726732,-0.00293440144678359
7.22431169026667,1.11470930408731,-0.00287148406822846
7.22453061433333,1.10997652628478,-0.00279117969171883
7.2247495384,1.10521558545115,-0.00269371394115936
7.22496846246667,1.1005506053079,-0.00258113589149089
7.22518738653333,1.0961057095765,-0.0024554946175801
7.2254063106,1.09198305520333,-0.00233162090226857
7.22562523466667,1.08811728487077,-0.00223079768965029
7.22584415873333,1.08436589062734,-0.00215148631141071
7.2260630828,1.08058595396931,-0.00209175572827647
7.22628200686667,1.07663482265557,-0.0020486896844123
7.22650093093333,1.07242654892365,-0.0020017723122745
7.226719855,1.06800182653783,-0.00194240685743963
7.22693877906667,1.06341850428934,-0.00186933528105193
7.22715770313333,1.05873443096941,-0.00178129954431161
7.2273766272,1.05400640219934,-0.00167828604590881
7.22759555126667,1.04927600401592,-0.00156546352755571
7.22781447533333,1.04457338864926,-0.00144723608312347
7.2280333994,1.03992842964306,-0.00132782248020091
7.22825232346667,1.03537100046064,-0.00121147957076451
7.22847124753333,1.03091825069073,-0.00110577470606144
7.2286901716,1.02653922942083,-0.00101098101658659
7.22890909566667,1.02219162138967,-0.000922403374732594
7.22912801973333,1.01783311133603,-0.000835346652891866
7.2293469438,1.01342256343556,-0.0007438695977664
7.22956586786667,1.00895788607983,-0.000638859645157197
7.22978479193333,1.0044840875962,-0.000522483665944318
7.230003716,1.00004898468426,-0.000398581174342438
7.23022264006667,0.995700394043584,-0.000270991684566235
7.23044156413333,0.991481234394608,-0.000145738184131328
7.2306604882,0.987402293143797,-2.74970075642145e-05
7.23087941226667,0.983461407108893,8.36427821426788e-05
7.23109833633333,0.979656377383927,0.000187627681369706
7.2313172604,0.975984913831147,0.000284185350947763
7.23153618446667,0.972433344369141,0.000370952735678665
7.23175510853333,0.968965704617585,0.000449489502407197
7.2319740326,0.965543442678933,0.000522623778579034
7.23219295666667,0.962128006655641,0.000593183691680488
7.23241188073333,0.958685689826671,0.000667266268066791
7.2326308048,0.955241184673597,0.000754301382155376
7.23284972886667,0.951857869381078,0.000853407333252343
7.23306865293333,0.948599813771838,0.000963160459783063
7.233287577,0.945531084155143,0.0010820394046902
7.23350650106667,0.942701037494751,0.00120187560656204
7.23372542513333,0.940110738573625,0.0013151922971838
7.2339443492,0.937751356572404,0.00141797523744924
7.23416327326667,0.935614060671726,0.0015062101882134
7.23438219733333,0.933689079324496,0.00157530389065441
7.2346011214,0.93194229530724,0.00162312285527555
7.23482004546667,0.930313638297133,0.00165706525184184
7.23503896953333,0.928741775346987,0.00168539336822249
7.2352578936,0.927165373509617,0.00171636965510868
7.23547681766667,0.925541253194854,0.00176483616813194
7.23569574173333,0.923928933535041,0.00183636074686988
7.2359146658,0.922424009226379,0.00192249079468398
7.23613358986667,0.921122114422628,0.00201473425740173
7.23635251393333,0.920118012451584,0.00210297785900349
7.236571438,0.919436100875042,0.00216509736960746
7.23679036206667,0.918979778672753,0.00220066332835211
7.23700928613333,0.918640504992937,0.00221527153259427
7.2372282102,0.918309738983817,0.00221451777969794
7.23744713426667,0.917891338455544,0.00221164537551999
7.23766605833333,0.917415361949136,0.00222509259389581
7.2378849824,0.916985509353438,0.00225257559313918
7.23810390646667,0.916706401424778,0.00229103501787475
7.23832283053333,0.916682607010626,0.00233693982767469
7.2385417546,0.916969795781419,0.00237050942899153
7.23876067866667,0.917483921486999,0.00238417412722725
7.23897960273333,0.918116145596388,0.00238036978690614
7.2391985268,0.918757629578608,0.00236153227256053
7.23941745086667,0.91930513228276,0.00233532646132728
7.23963637493333,0.919771118447368,0.00232429418026647
7.239855299,0.920276949934557,0.00232862691426583
7.24007422306667,0.920948222663016,0.00234583147256817
7.24029314713333,0.921910532551439,0.00237340047415646
7.2405120712,0.923248572763282,0.00238983414991867
7.24073099526667,0.924846662371433,0.00237725390690902
7.24094991933333,0.926527860125081,0.00233870131460545
7.2411688434,0.928115209342262,0.00227723337363805
7.24138776746667,0.92943412501105,0.0021998019436682
7.24160669153333,0.930443850780129,0.00214185883242768
7.2418256156,0.931306334897033,0.00210928399848431
7.24204453966667,0.932200421237113,0.00209949194266656
7.24226346373333,0.933304953675724,0.00210989716580212
7.2424823878,0.934775271857147,0.00212359964343212
7.24270131186667,0.936563057856888,0.00211297955429057
7.24292023593333,0.938515518904689,0.00207944429115381
7.24313916,0.940479010288411,0.00202516940180919
7.24335808406667,0.942300059891486,0.00195319044343978
7.24357700813333,0.943889050136772,0.00188657445307427
7.2437959322,0.945315361066521,0.00183389127557587
7.24401485626667,0.946672705720175,0.00179366886140297
7.24423378033333,0.948054797137175,0.00176443516099678
7.2444527044,0.949549944617168,0.00174015740149003
7.24467162846667,0.951155356123423,0.00170425082851744
7.24489055253333,0.952792470014925,0.0016564790642476
7.2451094766,0.954380419935082,0.00159816343769548
7.24532840066667,0.955838339527301,0.00153066595351714
7.24554732473333,0.957112237509333,0.00146738967949522
7.2457662488,0.958262304580156,0.00141895778795298
7.24598517286667,0.959379049887381,0.00138548237483738
7.24620409693333,0.960552982810398,0.001367075304333
7.246423021,0.961872584020519,0.00136094924535179
7.24664194506667,0.963342229681132,0.00134604718230935
7.24686086913333,0.964853910220209,0.00131706968569922
7.2470797932,0.966291781700981,0.00127277419821781
7.24729871726667,0.967540000186676,0.00121191816258381
7.24751764133333,0.96849795114761,0.00114286895217597
7.2477365654,0.969177902193469,0.00108320175294474
7.24795548946667,0.969642843401897,0.00103721813217728
7.24817441353333,0.969956006871142,0.0010089875110918
7.2483933376,0.97018054452058,0.00100223530100541
7.24861226166667,0.970364309298759,0.00101186357814265
7.24883118573333,0.970521818983224,0.00102946481671795
7.2490501098,0.970663202150274,0.00104795392493418
7.24926903386667,0.97079858737621,0.00106024581099096
7.24948795793333,0.970934868170248,0.00105777057474388
7.249706882,0.971033791903876,0.00103605714588051
7.24992580606667,0.971023947714069,0.00100267170955426
7.25014473013333,0.970833159063371,0.00096577198969372
7.2503636542,0.970389250097718,0.000933642047176164
7.25058257826667,0.96965685865012,0.000925956348695411
7.25080150233333,0.968736348861808,0.0009472268795091
7.2510204264,0.967759356724779,0.000989235390346566
7.25123935046667,0.966857518231027,0.00104376363192549
7.25145827453333,0.966159137937481,0.00109905447895409
7.2516771986,0.96568740225386,0.00113189016679149
7.25189612266667,0.965341586452847,0.00114560723684543
7.25211504673333,0.965013843869809,0.00114767741644828
7.2523339708,0.964596327840112,0.00114557243292934
7.25255289486667,0.963999670438163,0.0011546070202052
7.25277181893333,0.963252425671478,0.00118453060377222
7.252990743,0.96242949439767,0.00122871940690639
7.25320966706667,0.961605887941153,0.00128043947159717
7.25342859113333,0.960856245757327,0.0013321396309951
7.2536475152,0.960212676963595,0.00136903176949554
7.25386643926667,0.959625984539275,0.00139085734703692
7.25408536333333,0.959037808017314,0.00140183789761616
7.2543042874,0.958389786930656,0.00140619495523053
7.25452321146667,0.957632225522664,0.00141367965394845
7.25474213553333,0.956816721610277,0.00143864438211916
7.2549610596,0.956060493620293,0.00147767347132066
7.25517998366667,0.955481865847253,0.00152647959385432
7.25539890773333,0.955199144063086,0.00158042276564097
7.2556178318,0.955276057111811,0.00161684584465938
7.25583675586667,0.955601767504847,0.00162858697050228
7.25605567993333,0.95603060910884,0.00162223135371287
7.256274604,0.956416915790432,0.00160436420483057
7.25649352806667,0.956620759882713,0.00158680742677864
7.25671245213333,0.956644452798341,0.00159350492455257
7.2569313762,0.956638486475898,0.00161419839317012
7.25715030026667,0.956760280233519,0.00163436715154486
7.25736922433333,0.95716725338934,0.00163948984741413
7.2575881484,0.957980647847964,0.00160592398197557
7.25780707246667,0.959122215871091,0.00154149600899556
7.25802599653333,0.960445320910712,0.00148347319445041
7.2582449206,0.961803265505113,0.00146918371803784
7.25846384466667,0.963049901230121,0.00153499687084346
7.25868276873333,0.964080529718702,0.00166272572748372
7.2589016928,0.964860138064925,0.00174894819181792
7.25912061686667,0.965360391751645,0.00168266073581913
7.25933954093333,0.965552956261715,0.00135285983147049
7.259558465,0.965443405764223,0.000721320761369548
7.25977738906667,0.965372061180349,0.000101183933180704
7.25999631313333,0.965869971175449,-0.000113560412521863
7.2602152372,0.967470400049786,0.000469537346812321
7.26043416126667,0.970705264303546,0.0022266628347376
7.26065308533333,0.975068970421118,0.00450821642095534
7.2608720094,0.977166514843742,0.005582705227694
7.26109093346667,0.973114932240064,0.00386207410205774
7.26130985753333,0.965568090103616,0.00231895525407633
7.2615287816,0.971584392851201,0.00413183122946581
7.26174770566667,0.983953950328474,0.00484417995992314
7.26196662973333,0.987005561083205,0.00367859894852307
7.2621855538,0.978369771226504,0.00263738978072914
7.26240447786667,0.977777336433467,0.0032062563825338
7.26262340193333,0.983671909890876,0.00168953071828903
7.262842326,0.984097571168893,0.00187523338026463
7.26306125006667,0.987688919230642,0.00385254771133359
7.26328017413333,0.99165287488038,0.00303209835646334
7.2634990982,0.987141037627103,-0.000255416743610737
7.26371802226667,0.974025590746577,0.000648009874316791
7.26393694633333,0.977474545786894,0.00632185085035664
7.2641558704,0.982066807883017,0.00608997292380431
7.26437479446667,0.974630085673355,0.00544102795583878
7.26459371853333,0.984805524286421,0.00326881382092037
7.2648126426,0.989184819422805,-0.000323130823713269
7.26503156666667,0.986399122811258,0.00219884313079721
7.26525049073333,0.994529820513911,0.00222290221513999
7.2654694148,0.987135235835326,0.000224552756919238
7.26568833886667,0.980755735809811,0.00311557676904894
7.26590726293333,0.988791134223257,0.00307227801361531
7.266126187,0.99102796904641,0.000778704403933683
7.26634511106667,0.99345996479595,0.000677756610726554
7.26656403513333,0.995371450907586,-2.12969720694289e-05
7.2667829592,0.991908664465243,-0.000438867450133218
7.26700188326667,0.991721228837457,0.000541240738936244
7.26722080733333,0.999116071945532,0.00266802664638022
7.2674397314,1.005726368651,0.00281075248538842
7.26765865546667,1.00056671317176,0.00234573971504481
7.26787757953333,0.999322909502809,0.00148537045744745
7.2680965036,0.998451814008233,-0.00137220130096039
7.26831542766667,0.99251779031691,0.000496963827596564
7.26853435173333,0.995843662102732,0.00664669732299061
7.2687532758,1.00725061532077,0.00536357869441773
7.26897219986667,1.01658281615383,0.000838888053181552
7.26919112393333,1.01623932906383,0.00306721575523561
7.269410048,1.01218340713089,0.00679717412396208
7.26962897206667,1.00531909900606,0.00573720406864187
7.26984789613333,1.00133974717915,0.00336789296864692
7.2700668202,1.01064239167986,0.00245917732271161
7.27028574426667,1.01736071023681,0.000712170256753186
7.27050466833333,1.01826954572986,0.000877776948384978
7.2707235924,1.0206175180425,0.00164479255546701
7.27094251646667,1.02310613125833,0.0019823406064039
7.27116144053333,1.02509784672829,0.00199290530902574
7.2713803646,1.02667149437172,0.00174271165923545
7.27159928866667,1.02790773097023,0.00129617136975368
7.27181821273333,1.02888721330543,0.000717696153311298
7.2720371368,1.02969059815893,7.16977226415949e-05
7.27225606086667,1.03039854231236,-0.00057741220952634
7.27247498493333,1.03109170254731,-0.00116522193046142
7.272693909,1.03184169167693,-0.0016436235246351
7.27291283306667,1.03266200686532,-0.00201605212859768
7.27313175713333,1.03354315868387,-0.00229260367236561
7.2733506812,1.03447560081496,-0.00248331768593357
7.27356960526667,1.03544978694097,-0.00259823369928536
7.27378852933333,1.03645617074429,-0.00264739124241387
7.2740074534,1.0374852059073,-0.00264082984531333
7.27422637746667,1.03852734611239,-0.00258858903796488
7.27444530153333,1.03957304504193,-0.00250070835036742
7.2746642256,1.0406127563783,-0.00238722731250141
7.27488314966667,1.0416369338039,-0.00225818545436152
7.27510207373333,1.0426360310011,-0.00212362230594199
7.2753209978,1.04360050165228,-0.00199357739722372
7.27553992186667,1.04452079943984,-0.00187809025820496
7.27575884593333,1.04538741499133,-0.00178699969464358
7.27597777,1.04619620900693,-0.00172377528251144
7.27619669406667,1.04695399444999,-0.0016859610172224
7.27641561813333,1.047668918797,-0.00167112737502895
7.2766345422,1.04834912952444,-0.00167684483219732
7.27685346626667,1.04900277410876,-0.00170068386498023
7.27707239033333,1.04963800002645,-0.00174021494964038
7.2772913144,1.05026295475399,-0.00179300856243936
7.27751023846667,1.05088578576786,-0.00185663517963186
7.27772916253333,1.05151464054451,-0.0019286652774817
7.2779480866,1.05215766656044,-0.0020066693322438
7.27816701066667,1.05282301129212,-0.00208821782017932
7.27838593473333,1.05351882221602,-0.00217088121755094
7.2786048588,1.05425324680861,-0.00225223000061203
7.27882378286667,1.05503443254639,-0.00232983464562797
7.27904270693333,1.055869994044,-0.00240187668782443
7.279261631,1.0567601812433,-0.00246915260273251
7.27948055506667,1.05769987069602,-0.00253223379345546
7.27969947913333,1.05868381679633,-0.00259161234926597
7.2799184032,1.05970677393838,-0.00264778035945157
7.28013732726667,1.06076349651633,-0.00270122991328403
7.28035625133333,1.06184873892434,-0.00275245310004757
7.2805751754,1.06295725555657,-0.00280194200902573
7.28079409946667,1.06408380080718,-0.00285018872949028
7.28101302353333,1.06522312907032,-0.00289768535072987
7.2812319476,1.06636999474015,-0.00294492396201518
7.28145087166667,1.06751915221084,-0.00299239665263085
7.28166979573333,1.06866535587654,-0.00304059551186042
7.2818887198,1.0698033601314,-0.0030900126289759
7.28210764386667,1.07092791937003,-0.00314113793804238
7.28232656793333,1.07203452370484,-0.00319397371101093
7.282545492,1.07312153269932,-0.00324812703126942
7.28276441606667,1.0741880053803,-0.00330336576032564
7.28298334013333,1.07523300077461,-0.00335945775967628
7.2832022642,1.07625557790908,-0.00341617089083335
7.28342118826667,1.07725479581054,-0.00347327301529332
7.28364011233333,1.07822971350583,-0.00353053199456466
7.2838590364,1.07917939002178,-0.00358771569015537
7.28407796046667,1.08010288438522,-0.00364459196356171
7.28429688453333,1.08099925562298,-0.0037009286762959
7.2845158086,1.08186756276189,-0.00375649368985531
7.28473473266667,1.08270686482878,-0.00381105486574707
7.28495365673333,1.08351622085049,-0.00386438006547918
7.2851725808,1.08429468985385,-0.00391623715054967
7.28539150486667,1.08504127033085,-0.00396647199011757
7.28561042893333,1.08575255817414,-0.00401537283289533
7.285829353,1.08642199938618,-0.00406274531136641
7.28604827706667,1.08704282653183,-0.00410828457553558
7.28626720113333,1.08760827217595,-0.00415168577540137
7.2864861252,1.08811156888338,-0.00419264406097142
7.28670504926667,1.08854594921898,-0.00423085458224537
7.28692397333333,1.08890464574761,-0.00426601248922798
7.2871428974,1.08918089103411,-0.00429781293192311
7.28736182146667,1.08936791764334,-0.00432595106033262
7.28758074553333,1.08945895814017,-0.00435012202445995
7.2877996696,1.08944724508943,-0.00437002097430894
7.28801859366667,1.08932601105598,-0.00438534305988214
7.28823751773333,1.08908848860468,-0.00439578343118208
7.2884564418,1.08872791030039,-0.00440103723821395
7.28867536586667,1.08823840487733,-0.0044003417298446
7.28889428993333,1.08762106211071,-0.00439284340529089
7.289113214,1.08688022899557,-0.00437865771661405
7.28933213806667,1.08602027107299,-0.00435791746486958
7.28955106213333,1.08504555388406,-0.00433075545112205
7.2897699862,1.08396044296988,-0.00429730447642251
7.28998891026667,1.08276930387152,-0.00425769734183801
7.29020783433333,1.08147650213007,-0.00421206684842268
7.2904267584,1.08008640328662,-0.00416054579722913
7.29064568246667,1.07860337288226,-0.00410326698932706
7.29086460653333,1.07703177645808,-0.00404036322576307
7.2910835306,1.07537597955516,-0.00397196730760796
7.29130245466667,1.07364034771458,-0.00389821203591389
7.29152137873333,1.07182924647745,-0.00381923021173236
7.2917403028,1.06994704207188,-0.00373515276673775
7.29195922686667,1.06799831317111,-0.00364612550787835
7.29217815093333,1.06598815040781,-0.00355247143326798
7.292397075,1.06392171998009,-0.00345455669482475
7.29261599906667,1.06180418808603,-0.00335274744446479
7.29283492313333,1.05964072092375,-0.00324740983413019
7.2930538472,1.05743648469133,-0.00313891001572908
7.29327277126667,1.05519664558688,-0.00302761414120334
7.29349169533333,1.05292636980849,-0.00291388836246931
7.2937106194,1.05063082355427,-0.00279809883144422
7.29392954346667,1.0483151730223,-0.00268061170006928
7.29414846753333,1.04598458441069,-0.00256179312025306
7.2943673916,1.04364422391753,-0.00244200924393789
7.29458631566667,1.04129925774093,-0.00232162622304011
7.29480523973333,1.03895485207897,-0.00220101020947538
7.2950241638,1.03661610049571,-0.00208056957875913
7.29524308786667,1.03428682099679,-0.00196067471328476
7.29546201193333,1.03196974318488,-0.00184136197177609
7.295680936,1.02966756175533,-0.00172264353988161
7.29589986006667,1.02738297140349,-0.00160453160325136
7.29611878413333,1.02511866682474,-0.0014870383475607
7.2963377082,1.02287734271442,-0.00137017595845057
7.29655663226667,1.02066169376791,-0.00125395662159611
7.29677555633333,1.01847441468055,-0.00113839252264714
7.2969944804,1.0163182001477,-0.00102349584725325
7.29721340446667,1.01419574486473,-0.000909278781088929
7.29743232853333,1.01210974352699,-0.000795753509796659
7.2976512526,1.01006289082985,-0.000682932219050025
7.29787017666667,1.00805788146865,-0.000570827094499293
7.29808910073333,1.00609741013877,-0.000459450627014579
7.2983080248,1.00418357504326,-0.000349097939012832
7.29852694886667,1.00231569200845,-0.00024008860685476
7.29874587293333,1.00049226623288,-0.000132490547275488
7.298964797,0.998711802821618,-2.63715835110423e-05
7.29918372106667,0.996972806879728,7.82004612014386e-05
7.29940264513333,0.99527378351228,0.000181157763605388
7.2996215692,0.993613237824343,0.00028243250047022
7.29984049326667,0.991989674920983,0.000381956848540366
7.30005941733333,0.990401599907269,0.000479662984578133
7.3002783414,0.988847517888269,0.000575483085346495
7.30049726546667,0.98732593396905,0.000669349327589885
7.30071618953333,0.98583535325468,0.000761193888076606
7.3009351136,0.984374280850228,0.000850948943552088
7.30115403766667,0.98294122186076,0.000938546670778417
7.30137296173333,0.981534702974974,0.00102395475800743
7.3015918858,0.980154513000867,0.00110744956193776
7.30181080986667,0.978802378345656,0.00118909865228345
7.30202973393333,0.977480189926797,0.00126889387956852
7.302248658,0.976189838661747,0.00134682709433243
7.30246758206667,0.974933215467964,0.00142289014711428
7.30268650613333,0.973712211262904,0.00149707488843864
7.3029054302,0.972528716964024,0.00156937316884898
7.30312435426667,0.971384623488783,0.00163977683887084
7.30334327833333,0.970281821754636,0.00170827774904281
7.3035622024,0.969222202679041,0.0017748677499031
7.30378112646667,0.968207657179455,0.00183953869197817
7.30400005053333,0.967240076173335,0.00190228242580981
7.3042189746,0.966321350578138,0.00196309080192481
7.30443789866667,0.965453371311321,0.0020219556708615
7.30465682273333,0.964637849645946,0.00207875493393928
7.3048757468,0.963874795776259,0.00213322063955979
7.30509467086667,0.963163282104985,0.00218530620674739
7.30531359493333,0.962502371232852,0.00223497327986533
7.305532519,0.961891125760587,0.00228218350328446
7.30575144306667,0.961328608288917,0.0023268985213748
7.30597036713333,0.960813881418569,0.00236907997850089
7.3061892912,0.960346007750273,0.00240868951903417
7.30640821526667,0.959924049884756,0.00244568878733942
7.30662713933333,0.959547070422744,0.00248003942778718
7.3068460634,0.959214131964966,0.00251170308474646
7.30706498746667,0.958924297112148,0.00254064140258303
7.30728391153333,0.958676628465019,0.00256681602566733
7.3075028356,0.958470188624306,0.00259018859836568
7.30772175966667,0.958304039945102,0.00261071916131028
7.30794068373333,0.958177011593722,0.00262834986809679
7.3081596078,0.958087265835738,0.00264318672526698
7.30837853186667,0.958032846479129,0.00265539418794991
7.30859745593333,0.958011797331876,0.00266513671127344
7.30881638,0.95802216220196,0.00267257875036597
7.30903530406667,0.958061984897362,0.00267788476035535
7.30925422813333,0.958129309226061,0.00268121919637054
7.3094731522,0.958222178996039,0.00268274651353906
7.30969207626667,0.958338638015277,0.00268263116698964
7.30991100033333,0.958476730091754,0.00268103761185046
7.3101299244,0.958634499033453,0.00267813030324882
7.31034884846667,0.958809988648353,0.00267407369631445
7.31056777253333,0.959001242744435,0.00266903224617399
7.3107866966,0.95920630512968,0.00266317040795727
7.31100562066667,0.959423218779431,0.00265664803906562
7.31122454473333,0.959650007624184,0.00264957071193117
7.3114434688,0.959884676608191,0.00264201033268352
7.31166239286667,0.960125229854787,0.00263403847622967
7.31188131693333,0.960369671487309,0.0026257267174804
7.312100241,0.960616005629091,0.00261714663134383
7.31231916506667,0.960862236403469,0.00260836979272783
7.31253808913333,0.961106367933778,0.00259946777654319
7.3127570132,0.961346404343354,0.0025905121576969
7.31297593726667,0.961580349755533,0.00258157451110008
7.31319486133333,0.961806208293648,0.00257272641166018
7.3134137854,0.962021984081037,0.00256403943428585
7.31363270946667,0.962225681241035,0.0025555851538871
7.31385163353333,0.962415303896976,0.00254743514537192
7.3140705576,0.962588856172196,0.00253966098515912
7.31428948166667,0.96274473123649,0.00253250565376051
7.31450840573333,0.962883496736222,0.00252618657619297
7.3147273298,0.963006475431923,0.00252068102764191
7.31494625386667,0.963114990835322,0.00251596553209466
7.31516517793333,0.963210366458145,0.00251201661354072
7.315384102,0.96329392581212,0.00250881079596788
7.31560302606667,0.963366992408975,0.00250632460336453
7.31582195013333,0.963430889760437,0.00250453455971966
7.3160408742,0.963486941378234,0.00250341718902103
7.31625979826667,0.963536470774094,0.00250294901525761
7.31647872233333,0.963580801459744,0.0025031065624177
7.3166976464,0.963621256946911,0.00250386635448963
7.31691657046667,0.963659160747324,0.0025052049154618
7.31713549453333,0.963695836372709,0.00250709876932287
7.3173544186,0.963732602540896,0.0025095143800542
7.31757334266667,0.963770328834794,0.00251229605507386
7.31779226673333,0.963809075361342,0.0025153589906749
7.3180111908,0.963848817429001,0.00251865417517616
7.31823011486667,0.963889530346233,0.00252213259689493
7.31844903893333,0.963931189421499,0.0025257452441495
7.318667963,0.963973769963258,0.00252944310525782
7.31888688706667,0.964017247279973,0.00253317716853751
7.31910581113333,0.964061596680103,0.00253689842230709
7.3193247352,0.964106793472111,0.00254055785488394
7.31954365926667,0.964152812964456,0.00254410645458647
7.31976258333333,0.9641996304656,0.00254749520973263
7.3199815074,0.964247221284004,0.00255067510863993
7.32020043146667,0.964295560728128,0.00255359713962688
7.32041935553333,0.964344624106434,0.00255621229101088
7.3206382796,0.964394415906869,0.00255849463618441
7.32085720366667,0.964445281350375,0.0025604770413008
7.32107612773333,0.964497786210244,0.00256215621153244
7.3212950518,0.964552499968329,0.00256352613361388
7.32151397586667,0.964609992106488,0.00256458079427901
7.32173289993333,0.964670832106575,0.00256531418026196
7.321951824,0.964735589450447,0.00256572027829682
7.32217074806667,0.964804833619959,0.0025657930751174
7.32238967213333,0.964879134096966,0.00256552655745834
7.3226085962,0.964959060363324,0.00256491471205311
7.32282752026667,0.965045181900888,0.00256395152563649
7.32304644433333,0.965138068191515,0.00256263098494214
7.3232653684,0.96523828871706,0.00256094707670385
7.32348429246667,0.965346412959378,0.00255889378765639
7.32370321653333,0.965463010341908,0.00255646314528402
7.3239221406,0.965588204915075,0.00255350936498666
7.32414106466667,0.965720602752416,0.00255001730645943
7.32435998873333,0.965858486809553,0.00254609310749476
7.3245789128,0.966000140042107,0.0025418429058861
7.32479783686667,0.9661438454057,0.00253737283942501
7.32501676093333,0.966287885855953,0.00253278904590537
7.325235685,0.966430544348486,0.00252819766311907
7.32545460906667,0.966570103838922,0.00252370482885855
7.32567353313333,0.966704847282882,0.00251941668091715
7.3258924572,0.966833057635986,0.00251543935708665
7.32611138126667,0.966953017853856,0.0025118789951607
7.32633030533333,0.967063010892114,0.00250884173293131
7.3265492294,0.967161319706381,0.00250643370819081
7.32676815346667,0.967246227252277,0.00250476105873265
7.32698707753333,0.967316033368777,0.00250394661148678
7.3272060016,0.967369557714972,0.00250417269026149
7.32742492566667,0.967406225400395,0.00250550509684255
7.32764384973333,0.967425495668927,0.00250799083021214
7.3278627738,0.967426827764452,0.00251167688935305
7.32808169786667,0.967409680930853,0.00251661027324812
7.32830062193333,0.967373514412012,0.0025228379808796
7.328519546,0.967317787451812,0.0025304070112302
7.32873847006667,0.967241959294136,0.00253936436328284
7.32895739413333,0.967145489182866,0.00254975703601956
7.3291763182,0.967027836361886,0.00256163202842374
7.32939524226667,0.966888460075078,0.00257503633947698
7.32961416633333,0.966726819566324,0.00259001696816241
7.3298330904,0.966542374079508,0.0026066209134632
7.33005201446667,0.966334582858513,0.00262489517436093
7.33027093853333,0.966103144708036,0.00264498326044671
7.3304898626,0.965849369419702,0.00266696741731143
7.33070878666667,0.96557523081977,0.00269071226019357
7.33092771073333,0.965282704806611,0.00271608037346827
7.3311466348,0.964973767278596,0.00274293434150708
7.33136555886667,0.964650394134096,0.00277113674868623
7.33158448293333,0.96431456127148,0.00280055017937764
7.331803407,0.963968244589121,0.00283103721795575
7.33202233106667,0.963613419985388,0.00286246044879646
7.33224125513333,0.963252063358652,0.00289468245627067
7.3324601792,0.962886150607284,0.00292756582475517
7.33267910326667,0.962517657629654,0.00296097313862109
7.33289802733333,0.962148560324134,0.00299476698224377
7.3331169514,0.961780834589094,0.00302880993999854
7.33333587546667,0.961416456736687,0.00306296543369733
7.33355479953333,0.961057473778591,0.00309709759330956
7.3337737236,0.960706082828726,0.00313102907055651
7.33399264766667,0.960364500177515,0.00316457244821045
7.33421157173333,0.960034942115381,0.00319754030904384
7.3344304958,0.959719624932747,0.00322974523582498
7.33464941986667,0.959420764920036,0.00326099981132755
7.33486834393333,0.959140578367671,0.00329111661832049
7.335087268,0.958881281566074,0.00331990823957562
7.33530619206667,0.95864509080567,0.00334718725786498
7.33552511613333,0.95843422237688,0.00337276625595817
7.3357440402,0.958250892570129,0.00339645781662701
7.33596296426667,0.958097317675838,0.00341807452264198
7.33618188833333,0.957975713984432,0.00343742895677435
7.3364008124,0.957888297786332,0.00345433370179571
7.33661973646667,0.957837210681486,0.00346855714519867
7.33683866053333,0.957823502193117,0.00347984569486237
7.3370575846,0.957847394022631,0.0034881645115411
7.33727650866667,0.957909087306774,0.00349349312711011
7.33749543273333,0.958008783182289,0.00349581107344354
7.3377143568,0.958146682785922,0.0034950978824172
7.33793328086667,0.958322987254418,0.00349133308590477
7.33815220493333,0.95853789772452,0.00348449621578262
7.338371129,0.958791615332975,0.00347456680392499
7.33859005306667,0.959084341216526,0.00346152438220537
7.33880897713333,0.959416276511918,0.00344534848250089
7.3390279012,0.959787622355896,0.00342601863668412
7.33924682526667,0.960198579885206,0.00340351437663255
7.33946574933333,0.96064935023659,0.00337781523421965
7.3396846734,0.961140134546795,0.00334890079191053
7.33990359746667,0.961671173675757,0.00331675598119163
7.34012252153333,0.962242870291154,0.00328133182401735
7.3403414456,0.962855668254663,0.00324256067949014
7.34056036966667,0.963510011427971,0.00320037490669722
7.34077929373333,0.964206343672763,0.00315470686472497
7.3409982178,0.964945108850726,0.00310548891266782
7.34121714186667,0.965726750823545,0.00305265340960925
7.34143606593333,0.966551713452907,0.00299613271464405
7.34165499,0.967420440600497,0.0029358591868589
7.34187391406667,0.968333376128002,0.00287176518533927
7.34209283813333,0.969290963897107,0.00280378306918116
7.3423117622,0.970293647769499,0.00273184519746628
7.34253068626667,0.971341871606864,0.00265588392929172
7.34274961033333,0.972436079270887,0.00257583162374264
7.3429685344,0.973576682203657,0.00249158591301701
7.34318745846667,0.974762686623416,0.00240293034425654
7.34340638253333,0.975991184752935,0.00231005694444442
7.3436253066,0.977259131585738,0.00221323058207179
7.34384423066667,0.978563482115352,0.00211271612561625
7.34406315473333,0.979901191335303,0.00200877844355496
7.3442820788,0.981269214239117,0.00190168240438005
7.34450100286667,0.98266450582032,0.00179169287656333
7.34471992693333,0.984084021072438,0.00167907472859752
7.344938851,0.985524714988998,0.00156409282895931
7.34515777506667,0.986983542563524,0.00144701204612552
7.34537669913333,0.988457458789544,0.00132809724858907
7.3455956232,0.989943418660583,0.00120761330482122
7.34581454726667,0.991438377170167,0.0010858250833149
7.34603347133333,0.992939289311823,0.000962997452547021
7.3462523954,0.99444324398158,0.000839446334480631
7.34647131946667,0.995948418875674,0.000715426491647686
7.34669024353333,0.997453521397425,0.000591017828074358
7.3469091676,0.998957262484697,0.000466297049734887
7.34712809166667,1.00045835307536,0.000341340862586748
7.34734701573333,1.00195550410727,0.000216225972587081
7.3475659398,1.0034474265183,9.10290857101259e-05
7.34778486386667,1.00493283124632,-3.41730920925265e-05
7.34800378793333,1.00641042922919,-0.000159303854846415
7.348222712,1.00787893140477,-0.000284286496594399
7.34844163606667,1.00933704871094,-0.000409044311378892
7.34866056013333,1.01078349208556,-0.000533500593226321
7.3488794842,1.01221697246649,-0.000657578636183764
7.34909840826667,1.0136362007916,-0.000781201734278314
7.34931733233333,1.0150398891823,-0.000904288243853468
7.3495362564,1.01642720604618,-0.0010266471634317
7.34975518046667,1.01779846413984,-0.00114821670895049
7.34997410453333,1.0191541527395,-0.00126900584183653
7.3501930286,1.0204947611214,-0.00138902352349457
7.35041195266667,1.02182077856177,-0.00150827871534598
7.35063087673333,1.02313269433685,-0.00162678037881148
7.3508498008,1.02443099772287,-0.0017445374752969
7.35106872486667,1.02571617799606,-0.00186155896622742
7.35128764893333,1.02698872443266,-0.00197785381300886
7.351506573,1.0282491263089,-0.00209343097706283
7.35172549706667,1.02949787290102,-0.00220829941980871
7.35194442113333,1.03073545348524,-0.00232246810265346
7.3521633452,1.03196235733781,-0.00243594598702201
7.35238226926667,1.03317907373495,-0.00254874203432065
7.35260119333333,1.03438608859413,-0.0026608693488761
7.3528201174,1.03558382521807,-0.00277236564033578
7.35303904146667,1.03677265148575,-0.00288326947182105
7.35325796553333,1.03795293336232,-0.00299361843084833
7.3534768896,1.0391250368129,-0.00310345010491719
7.35369581366667,1.04028932780263,-0.00321280208154007
7.35391473773333,1.04144617229664,-0.0033217119482285
7.3541336618,1.04259593626006,-0.00343021729248272
7.35435258586667,1.04373898565803,-0.00353835570181871
7.35457150993333,1.04487568645569,-0.00364616476373603
7.354790434,1.04600640461816,-0.00375368206574711
7.35500935806667,1.04713150611058,-0.00386094519536373
7.35522828213333,1.04825135689809,-0.00396799174008566
7.3554472062,1.04936632294581,-0.00407485928742934
7.35566613026667,1.05047677021888,-0.00418158545331893
7.35588505433333,1.05158290588463,-0.00428825662246979
7.3561039784,1.05268416436509,-0.00439489217339495
7.35632290246667,1.05377974537075,-0.00450142662799013
7.35654182653333,1.05486884855827,-0.00460779445433612
7.3567607506,1.05595067358432,-0.00471393012049748
7.35697967466667,1.05702442010557,-0.00481976809455142
7.35719859873333,1.05808928777869,-0.0049252428445743
7.3574175228,1.05914447626033,-0.0050302888386311
7.35763644686667,1.06018918520716,-0.0051348405448024
7.35785537093333,1.06122261427586,-0.00523883243115364
7.358074295,1.06224396312307,-0.00534219896576116
7.35829321906667,1.06325243140548,-0.00544487461670107
7.35851214313333,1.06424721877974,-0.00554679385203949
7.3587310672,1.06522752490252,-0.00564789113985631
7.35894999126667,1.06619254653202,-0.00574810413576943
7.35916891533333,1.06714129270694,-0.00584736971789646
7.3593878394,1.06807247326863,-0.00594554305247708
7.35960676346667,1.06898477133426,-0.00604246482015514
7.35982568753333,1.06987687002096,-0.00613797570158803
7.3600446116,1.07074745244588,-0.00623191637742049
7.36026353566667,1.07159520172619,-0.00632412752830636
7.36048245973333,1.07241880097903,-0.00641444983489947
7.3607013838,1.07321693332154,-0.00650272397784479
7.36092030786667,1.07398828187089,-0.00658879063779905
7.36113923193333,1.07473152974422,-0.00667249049540719
7.361358156,1.07544536005868,-0.00675366423132329
7.36157708006667,1.07612845593143,-0.00683215252620051
7.36179600413333,1.07677950047961,-0.00690779606068448
7.3620149282,1.07739717682037,-0.00698043551543082
7.36223385226667,1.0779802428748,-0.00704988208027291
7.36245277633333,1.07852819985534,-0.00711598902903399
7.3626717004,1.07904097464578,-0.00717874633053617
7.36289062446667,1.07951849915431,-0.00723814807722367
7.36310954853333,1.07996070528916,-0.00729418836154894
7.3633284726,1.08036752495853,-0.00734686127595618
7.36354739666667,1.08073889007063,-0.0073961609128963
7.36376632073333,1.08107473253369,-0.00744208136481839
7.3639852448,1.0813749842559,-0.00748461672416822
7.36420416886667,1.08163957714549,-0.00752376108339692
7.36442309293333,1.08186844311067,-0.00755950853495047
7.364642017,1.08206151405964,-0.0075918531712782
7.36486094106667,1.08221872190062,-0.00762078908482922
7.36507986513333,1.08233999854183,-0.00764631036805064
7.3652987892,1.08242527585535,-0.00766841140553187
7.36551771326667,1.08247443653998,-0.00768709369583775
7.36573663733333,1.08248721678528,-0.007702331834053
7.3659555614,1.08246332561666,-0.00771408854678901
7.36617448546667,1.08240247205953,-0.00772232656065674
7.36639340953333,1.08230436513932,-0.0077270086022676
7.3666123336,1.08216871388144,-0.00772809739823321
7.36683125766667,1.0819952273113,-0.00772555567516497
7.36705018173333,1.08178361445432,-0.00771934615967296
7.3672691058,1.08153358433592,-0.00770943157837012
7.36748802986667,1.08124484598151,-0.00769577465786608
7.36770695393333,1.08091710841651,-0.00767833812477403
7.367925878,1.08055008066633,-0.00765708470570492
7.36814480206667,1.0801434717564,-0.00763197712726771
7.36836372613333,1.07969699071212,-0.00760297811607691
7.3685826502,1.07921032667167,-0.00757006344786726
7.36880157426667,1.07868268255252,-0.00753320554406578
7.36902049833333,1.0781127584834,-0.00749224072023136
7.3692394224,1.07749923139105,-0.00744699123633441
7.36945834646667,1.0768407782022,-0.00739727935235246
7.36967727053333,1.0761360758436,-0.00734292732825392
7.3698961946,1.07538380124197,-0.00728375742401655
7.37011511866667,1.07458263132406,-0.00721959189961097
7.37033404273333,1.0737312430166,-0.00715025301500649
7.3705529668,1.07282831324633,-0.00707556303018286
7.37077189086667,1.07187251893999,-0.00699534420510628
7.37099081493333,1.0708625370243,-0.00690941879975648
7.371209739,1.06979704442602,-0.006817609074103
7.37142866306667,1.06867471807186,-0.0067197372881147
7.37164758713333,1.06749423488858,-0.00661562570177288
7.3718665112,1.06625460429114,-0.00650500084188343
7.37208543526667,1.06495677587151,-0.00638777956581627
7.37230435933333,1.06360240099353,-0.00626413360237477
7.3725232834,1.06219313198398,-0.00613423564317972
7.37274220746667,1.06073062116966,-0.00599825837986812
7.37296113153333,1.05921652087737,-0.00585637450405541
7.3731800556,1.05765248343389,-0.00570875670737925
7.37339897966667,1.05604016116602,-0.00555557768146042
7.37361790373333,1.05438120640055,-0.00539701011791882
7.3738368278,1.05267727146428,-0.00523322670839321
7.37405575186667,1.050930008684,-0.00506440014449749
7.37427467593333,1.0491410703865,-0.0048907031178711
7.3744936,1.04731210889859,-0.00471230832013303
